8.154736161232000180e-01 4.317686921157749934e-16
8.167132931469139878e-01 3.015865573259260225e-16
8.179529701706269584e-01 4.582359306186300175e-16
8.191926471943410393e-01 2.949719446919200209e-16
8.204323242180540099e-01 5.345367114468569898e-16
8.216720012417679797e-01 3.341404422388529827e-16
8.229116782654819495e-01 1.072082454499280042e-16
8.241513552891950312e-01 2.620857846356530090e-16
8.253910323129090010e-01 2.509707536039860137e-16
8.266307093366219716e-01 3.775987116773759935e-16
8.278703863603360524e-01 4.596333232233629967e-16
8.291100633840500223e-01 2.642474656566049896e-16
8.303497404077629929e-01 5.919919091711820401e-16
8.315894174314769627e-01 5.172848737727730400e-16
8.328290944551900443e-01 2.760110327582930124e-16
8.340687714789040141e-01 2.811689340114800127e-16
8.353084485026179840e-01 7.507776451406489926e-17
8.365481255263309546e-01 2.396787456259020237e-16
8.377878025500450354e-01 2.465483945863710158e-16
8.390274795737580060e-01 9.499951621234300122e-17
8.402671565974719758e-01 5.122037348804319715e-17
8.415068336211859457e-01 2.279090110655670027e-16
8.427465106448990273e-01 3.104763269260380078e-16
8.439861876686129971e-01 2.132997838380190038e-16
8.452258646923259677e-01 3.004788499891550001e-16
8.464655417160400486e-01 3.934243311567410120e-16
8.477052187397540184e-01 5.490606265747489662e-16
8.489448957634669890e-01 4.346364280378229819e-16
8.501845727871809588e-01 5.031501702841450063e-16
8.514242498108940405e-01 5.805760226245620101e-16
8.526639268346080103e-01 7.108277729347630000e-16
8.539036038583219801e-01 8.500647958098789962e-16
8.551432808820349507e-01 6.783301363034899908e-16
8.563829579057490315e-01 7.472924883745020179e-16
8.576226349294620022e-01 8.939605842354379124e-16
8.588623119531759720e-01 7.028363347147739953e-16
8.601019889768900528e-01 8.738423341282869957e-16
8.613416660006030234e-01 8.961388353384209497e-16
8.625813430243169933e-01 8.632145058599689812e-16
8.638210200480299639e-01 7.301857580321939787e-16
8.650606970717440447e-01 7.296049581281740387e-16
8.663003740954580145e-01 6.227112001296939555e-16
8.675400511191709851e-01 7.100706842985949699e-16
8.687797281428849550e-01 7.924075277880740002e-16
8.700194051665980366e-01 8.066226994066919813e-16
8.712590821903120064e-01 8.629966595738470158e-16
8.724987592140259762e-01 9.699432512524120860e-16
8.737384362377389468e-01 1.064768483818410038e-15
8.749781132614530277e-01 9.389040465376330760e-16
8.762177902851659983e-01 8.613411866179979850e-16
8.774574673088799681e-01 9.830907907805749291e-16
8.786971443325940490e-01 1.010558904589730006e-15
8.799368213563070196e-01 9.836843491183629856e-16
8.811764983800209894e-01 9.640866536968590399e-16
8.824161754037339600e-01 8.974135140449200677e-16
8.836558524274480408e-01 8.892043883574870036e-16
8.848955294511620107e-01 8.884673638142569611e-16
8.861352064748749813e-01 8.610688655254550372e-16
8.873748834985889511e-01 8.625745724683179628e-16
8.886145605223020327e-01 9.267314419317599326e-16
8.898542375460160025e-01 7.534432181209890212e-16
8.910939145697299724e-01 9.020759010239629571e-16
8.923335915934430540e-01 8.885809721083080358e-16
8.935732686171570238e-01 7.416204910618910086e-16
8.948129456408699944e-01 7.398468570098990168e-16
8.960526226645839643e-01 7.213424164255039614e-16
8.972922996882980451e-01 6.621329075882970456e-16
8.985319767120110157e-01 5.382948378151470061e-16
8.997716537357249855e-01 6.329708867033119642e-16
9.010113307594379561e-01 6.885801349377739757e-16
9.022510077831520370e-01 6.246181359917599942e-16
9.034906848068660068e-01 6.453697020456610119e-16
9.047303618305789774e-01 5.907836166719229918e-16
9.059700388542929472e-01 5.134159978466300171e-16
9.072097158780060289e-01 4.625930151597470336e-16
9.084493929017199987e-01 5.021534242634630154e-16
9.096890699254339685e-01 5.649789167524990324e-16
9.109287469491470501e-01 5.860431967826149902e-16
9.121684239728610200e-01 5.714424134147599820e-16
9.134081009965739906e-01 5.328159640145099773e-16
9.146477780202879604e-01 5.761276702833780473e-16
9.158874550440020412e-01 5.873896615313940088e-16
9.171271320677150118e-01 5.788383345332700102e-16
9.183668090914289817e-01 6.380586959801130301e-16
9.196064861151419523e-01 6.395434388575320035e-16
9.208461631388560331e-01 6.601025696137289807e-16
9.220858401625700029e-01 6.596356427015550476e-16
9.233255171862829735e-01 6.994884899303109710e-16
9.245651942099970544e-01 6.795584928956870268e-16
9.258048712337100250e-01 6.679127957225649658e-16
9.270445482574239948e-01 6.389249989269179574e-16
9.282842252811379646e-01 6.600187662915100084e-16
9.295239023048510463e-01 6.176467901380609868e-16
9.307635793285650161e-01 6.012141392030910425e-16
9.320032563522779867e-01 6.357556133965289819e-16
9.332429333759919565e-01 6.590998943624169985e-16
9.344826103997060374e-01 7.173316095411370342e-16
9.357222874234190080e-01 6.890118041035179554e-16
9.369619644471329778e-01 6.559085389149580229e-16
9.382016414708459484e-01 6.920188240058300236e-16
9.394413184945600293e-01 6.968481823546010087e-16
9.406809955182739991e-01 7.297172958728040347e-16
9.419206725419869697e-01 7.614741492521429688e-16
9.431603495657010505e-01 6.975278204156539807e-16
9.444000265894140211e-01 6.249902481533999587e-16
9.456397036131279910e-01 6.770321112513819790e-16
9.468793806368419608e-01 6.542800651343030188e-16
9.481190576605550424e-01 6.767189737586940034e-16
9.493587346842690122e-01 7.170958167444450197e-16
9.505984117079819828e-01 6.995376178412510302e-16
9.518380887316959527e-01 7.011013465410009740e-16
9.530777657554100335e-01 6.560653988288779745e-16
9.543174427791230041e-01 7.155625282912370273e-16
9.555571198028369739e-01 7.365552340373099968e-16
9.567967968265499445e-01 7.206920010011309670e-16
9.580364738502640254e-01 6.866629288012229716e-16
9.592761508739779952e-01 6.730922433763470077e-16
9.605158278976909658e-01 7.048211446684280290e-16
9.617555049214050467e-01 7.072446118096409890e-16
9.629951819451180173e-01 6.657780609372470195e-16
9.642348589688319871e-01 6.828265048248710374e-16
9.654745359925459569e-01 7.512048276787510271e-16
9.667142130162590385e-01 7.179908129323370032e-16
9.679538900399730084e-01 6.442185313307830172e-16
9.691935670636859790e-01 5.779913545255750118e-16
9.704332440873999488e-01 4.963153026140719537e-16
9.716729211111140296e-01 5.081720698097380443e-16
9.729125981348270003e-01 5.654419261372920130e-16
9.741522751585409701e-01 5.357862968022939950e-16
9.753919521822540517e-01 4.900976043251929531e-16
9.766316292059680215e-01 4.879516463533239860e-16
9.778713062296819913e-01 4.817837641896549845e-16
9.791109832533949620e-01 4.839640799354469541e-16
9.803506602771090428e-01 4.595035154241959793e-16
9.815903373008220134e-01 4.576313608525279508e-16
9.828300143245359832e-01 4.803481492231769577e-16
9.840696913482499530e-01 4.974770612407910216e-16
9.853093683719630347e-01 5.336237687483939712e-16
9.865490453956770045e-01 5.106792873336109705e-16
9.877887224193899751e-01 5.513112460551630428e-16
9.890283994431039449e-01 5.825917492807900369e-16
9.902680764668180258e-01 5.954766027161860345e-16
9.915077534905309964e-01 6.018910773466239512e-16
9.927474305142449662e-01 5.930833111237190089e-16
9.939871075379580478e-01 6.202427343631580121e-16
9.952267845616720177e-01 6.035270685446870205e-16
9.964664615853859875e-01 6.336673066046330037e-16
9.977061386090989581e-01 6.933423659254739727e-16
9.989458156328130389e-01 7.043184835537910163e-16
1.000185492656529895e+00 6.936620679235029719e-16
1.001425169680240090e+00 7.065543328971880363e-16
1.002664846703950063e+00 6.950110737711240492e-16
1.003904523727670028e+00 7.123654024318259665e-16
1.005144200751380001e+00 7.895851610682639611e-16
1.006383877775089974e+00 8.603035712576109741e-16
1.007623554798809939e+00 8.860096977177990031e-16
1.008863231822519912e+00 8.660684774966240380e-16
1.010102908846240100e+00 8.323983355081139677e-16
1.011342585869950073e+00 7.987262347559139636e-16
1.012582262893660046e+00 7.890839293217260317e-16
1.013821939917380011e+00 7.701767775104709571e-16
1.015061616941089984e+00 7.623519400832950325e-16
1.016301293964799957e+00 7.465750514681770338e-16
1.017540970988519922e+00 7.049154829629279836e-16
1.018780648012229895e+00 7.075251385338589838e-16
1.020020325035940090e+00 6.931662889515639781e-16
1.021260002059660055e+00 6.573354188541669966e-16
1.022499679083370028e+00 6.252047063077330055e-16
1.023739356107080001e+00 6.539680393723580187e-16
1.024979033130799966e+00 6.944958659809570154e-16
1.026218710154509939e+00 6.635229945338599564e-16
1.027458387178229904e+00 6.186322600326319646e-16
1.028698064201940099e+00 6.272942307094909577e-16
1.029937741225650072e+00 6.560561873455769784e-16
1.031177418249370037e+00 6.678063872085660457e-16
1.032417095273080010e+00 6.455932658041770424e-16
1.033656772296789983e+00 6.125727980862120066e-16
1.034896449320509948e+00 5.793118788903439730e-16
1.036136126344219921e+00 5.821870263506799929e-16
1.037375803367929894e+00 5.247401401371499740e-16
1.038615480391650081e+00 5.366710756552600193e-16
1.039855157415360054e+00 5.764257729412530478e-16
1.041094834439080019e+00 6.442045023475950053e-16
1.042334511462789992e+00 6.869308559103509531e-16
1.043574188486499965e+00 6.131384572762999732e-16
1.044813865510219930e+00 5.691986760770419521e-16
1.046053542533929903e+00 6.338219430570660183e-16
1.047293219557640098e+00 6.320955310918840454e-16
1.048532896581360063e+00 5.787911653860189975e-16
1.049772573605070036e+00 6.332139322196150408e-16
1.051012250628780009e+00 7.072091423049740250e-16
1.052251927652499974e+00 6.533867630123049523e-16
1.053491604676209947e+00 5.742342869484689648e-16
1.054731281699919920e+00 6.594847120182659748e-16
1.055970958723640107e+00 6.567180377147380045e-16
1.057210635747350080e+00 6.761779314636350232e-16
1.058450312771070045e+00 5.971622512207809998e-16
1.059689989794780018e+00 5.474437994971180184e-16
1.060929666818489991e+00 5.697275952130429607e-16
1.062169343842209956e+00 6.036006015924200414e-16
1.063409020865919929e+00 6.626205868076790048e-16
1.064648697889629902e+00 4.655835708591470436e-16
1.065888374913350090e+00 5.143101999411350343e-16
1.067128051937060063e+00 6.235764972248740183e-16
1.068367728960770036e+00 5.598970367063279577e-16
1.069607405984490001e+00 5.709801451837960462e-16
1.070847083008199974e+00 3.963933139857649980e-16
1.072086760031919939e+00 4.095862756557240078e-16
1.073326437055629912e+00 3.877058529111489792e-16
1.074566114079340107e+00 3.447115987090440107e-16
1.075805791103060072e+00 3.666451463012799901e-16
1.077045468126770045e+00 3.218289771691889923e-16
1.078285145150480018e+00 2.591597887287019815e-16
1.079524822174199983e+00 2.655734957355319912e-16
1.080764499197909956e+00 2.450479286598700150e-16
1.082004176221619929e+00 2.561998585643009869e-16
1.083243853245339894e+00 2.761688720540579803e-16
1.084483530269050089e+00 2.715501072717989831e-16
1.085723207292760062e+00 2.446878867177269944e-16
1.086962884316480027e+00 2.706978333081830045e-16
1.088202561340190000e+00 2.501029683495239830e-16
1.089442238363909965e+00 2.547210978570729831e-16
1.090681915387619938e+00 2.999103055930900048e-16
1.091921592411329911e+00 2.835714106174690243e-16
1.093161269435050098e+00 3.549675001041789768e-16
1.094400946458760071e+00 3.469894291228879908e-16
1.095640623482470044e+00 3.412759536656420100e-16
1.096880300506190009e+00 3.423070574602460174e-16
1.098119977529899982e+00 3.595341458904019862e-16
1.099359654553609955e+00 3.524223778559159769e-16
1.100599331577329920e+00 3.235657123484160214e-16
1.101839008601039893e+00 3.572878145142839761e-16
1.103078685624760080e+00 3.646646244519209875e-16
1.104318362648470053e+00 3.215680116120960107e-16
1.105558039672180026e+00 3.237977199666249932e-16
1.106797716695899991e+00 3.067338706672719989e-16
1.108037393719609964e+00 2.700921518113369763e-16
1.109277070743319937e+00 2.340434883673790078e-16
1.110516747767039902e+00 2.093618085522250116e-16
1.111756424790750097e+00 2.490006608477910165e-16
1.112996101814460070e+00 2.404331872841099827e-16
1.114235778838180035e+00 2.610125938914820077e-16
1.115475455861890008e+00 2.160582789796500004e-16
1.116715132885599981e+00 2.235460502333780154e-16
1.117954809909319946e+00 2.209422312488489922e-16
1.119194486933029919e+00 2.639344869825950187e-16
1.120434163956750107e+00 2.323074149326420212e-16
1.121673840980460080e+00 2.524532200803589946e-16
1.122913518004170053e+00 2.251672183548639866e-16
1.124153195027890018e+00 2.770395425144969904e-16
1.125392872051599991e+00 2.358343277761110179e-16
1.126632549075309964e+00 1.850357899306900043e-16
1.127872226099029929e+00 1.662364760015319963e-16
1.129111903122739902e+00 2.005546908389199904e-16
1.130351580146450097e+00 1.844155765248429897e-16
1.131591257170170062e+00 1.832400006731720086e-16
1.132830934193880035e+00 2.122961292048609946e-16
1.134070611217600000e+00 1.027416488131540031e-16
1.135310288241309973e+00 9.930677801080460015e-17
1.136549965265019946e+00 7.281628580656939907e-17
1.137789642288739911e+00 1.370814828430309929e-16
1.139029319312450106e+00 1.090448246378120053e-16
1.140268996336160079e+00 1.292831416652359972e-16
1.141508673359880044e+00 1.395618467754979976e-16
1.142748350383590017e+00 1.387340705929040057e-16
1.143988027407299990e+00 7.453937581441129736e-17
1.145227704431019955e+00 1.458653468549559973e-16
1.146467381454729928e+00 1.025631366195199991e-16
1.147707058478439901e+00 1.091440532240940021e-16
1.148946735502160088e+00 9.937403772077249961e-17
1.150186412525870061e+00 1.314704454328430120e-16
1.151426089549590026e+00 7.597187396434080519e-17
1.152665766573299999e+00 7.755618291773099438e-17
1.153905443597009972e+00 1.257779208061510101e-16
1.155145120620729937e+00 1.659257869634570052e-16
1.156384797644439910e+00 1.266243846531439972e-16
1.157624474668150105e+00 7.113642756626199687e-17
1.158864151691870070e+00 7.820996662155819386e-17
1.160103828715580043e+00 1.086940206487500016e-16
1.161343505739290016e+00 1.347121861057730041e-16
1.162583182763009981e+00 1.402379114163050117e-16
1.163822859786719954e+00 1.380315494073849970e-16
1.165062536810439919e+00 1.457890080105849993e-16
1.166302213834149892e+00 1.154618403670920053e-16
1.167541890857860087e+00 9.630596527180920382e-17
1.168781567881580052e+00 1.007407650858369993e-16
1.170021244905290025e+00 8.012408902878550159e-17
1.171260921928999998e+00 1.269368206966720101e-16
1.172500598952719963e+00 1.418927623323330082e-16
1.173740275976429936e+00 1.397763313996100051e-16
1.174979953000139909e+00 1.135494649653179905e-16
1.176219630023860097e+00 5.388821625198389862e-17
1.177459307047570070e+00 8.324325476982489884e-17
1.178698984071280043e+00 1.113091157593899886e-16
1.179938661095000008e+00 5.589270648677139953e-17
1.181178338118709981e+00 6.430903760892690429e-17
1.182418015142429946e+00 1.053138562633929972e-16
1.183657692166139919e+00 9.038577407076310559e-17
1.184897369189849892e+00 6.982154126454770408e-17
1.186137046213570079e+00 8.395954024073670369e-17
1.187376723237280052e+00 6.804007215779430028e-17
1.188616400260990025e+00 6.168806620721589525e-17
1.189856077284709990e+00 6.826657406184599588e-17
1.191095754308419963e+00 4.520788216552590175e-17
1.192335431332129936e+00 5.349460070313930297e-17
1.193575108355849901e+00 2.548109693762660081e-17
1.194814785379560096e+00 2.960747087973510057e-17
1.196054462403280061e+00 4.358013961253180283e-17
1.197294139426990034e+00 2.621404513479750129e-17
1.198533816450700007e+00 7.492524564399989716e-17
1.199773493474419972e+00 5.588067597194240364e-17
1.201013170498129945e+00 3.350884838650669886e-17
1.202252847521839918e+00 7.126415748772999752e-17
1.203492524545560105e+00 4.595435642007339876e-17
1.204732201569270078e+00 5.839184411042069823e-17
1.205971878592980051e+00 6.600155502132880571e-17
1.207211555616700016e+00 7.350239572873519552e-17
1.208451232640409989e+00 7.109035691486530507e-17
1.209690909664119962e+00 6.320695510032050292e-17
1.210930586687839927e+00 6.381609090340450319e-17
1.212170263711549900e+00 7.496673702352559400e-17
1.213409940735270087e+00 9.588725968062469904e-17
1.214649617758980060e+00 6.879944381245270561e-17
1.215889294782690033e+00 4.163516667717869889e-17
1.217128971806409998e+00 7.680254197035629480e-17
1.218368648830119971e+00 6.039016026911610334e-17
1.219608325853829944e+00 5.177445545827809962e-17
1.220848002877549909e+00 6.316472256696599554e-17
1.222087679901260104e+00 4.610637567304840035e-17
1.223327356924970077e+00 6.709858180203139391e-17
1.224567033948690042e+00 4.981672078043460152e-17
1.225806710972400015e+00 6.546259060396890387e-17
1.227046387996119980e+00 7.746887234971479720e-17
1.228286065019829953e+00 1.012551258430570006e-16
1.229525742043539926e+00 7.913155170306059952e-17
1.230765419067259892e+00 6.236448157260259487e-17
1.232005096090970087e+00 4.801617027131079983e-17
1.233244773114680060e+00 5.485210665873480262e-17
1.234484450138400025e+00 7.453148782009000401e-17
1.235724127162109998e+00 7.361207326051480191e-17
1.236963804185819971e+00 6.037125422903560366e-17
1.238203481209539936e+00 5.695949154427899974e-17
1.239443158233249909e+00 5.118862298741090010e-17
1.240682835256960104e+00 4.171763327552779786e-17
1.241922512280680069e+00 5.088639435264119993e-17
1.243162189304390042e+00 4.694042519340800058e-17
1.244401866328110007e+00 6.047990605685570593e-17
1.245641543351819980e+00 5.813581516722329743e-17
1.246881220375529953e+00 4.515306656069329934e-17
1.248120897399249918e+00 6.380316703351399934e-17
1.249360574422959891e+00 7.851448158354100293e-17
1.250600251446670086e+00 6.794126047054120279e-17
1.251839928470390051e+00 5.757492715490820387e-17
1.253079605494100024e+00 5.292728053438099707e-17
1.254319282517809997e+00 4.898556639221880131e-17
1.255558959541529962e+00 4.698292904200349931e-17
1.256798636565239935e+00 5.305976509001000183e-17
1.258038313588959900e+00 8.439003150128890099e-17
1.259277990612670095e+00 1.085926810975450036e-16
1.260517667636380068e+00 9.327958934316350570e-17
1.261757344660100033e+00 7.795623393174120328e-17
1.262997021683810006e+00 7.971461477323700232e-17
1.264236698707519979e+00 7.002092487939749819e-17
1.265476375731239944e+00 7.640216008410110166e-17
1.266716052754949917e+00 9.267302772614569649e-17
1.267955729778659890e+00 1.328798553175149891e-16
1.269195406802380077e+00 1.669928499536510025e-16
1.270435083826090050e+00 1.383092703349660007e-16
1.271674760849800023e+00 9.756351141346139469e-17
1.272914437873519988e+00 7.063825307926829761e-17
1.274154114897229961e+00 7.790762879894759970e-17
1.275393791920949926e+00 9.905550039304570394e-17
1.276633468944659899e+00 8.510652211299249574e-17
1.277873145968370094e+00 8.175635460536900349e-17
1.279112822992090059e+00 9.726168975155299665e-17
1.280352500015800032e+00 1.000041772939710010e-16
1.281592177039510005e+00 1.046633283424570037e-16
1.282831854063229970e+00 1.085807564618349939e-16
1.284071531086939943e+00 9.304971254221260608e-17
1.285311208110649916e+00 9.688206017250549689e-17
1.286550885134370104e+00 8.512726118531040060e-17
1.287790562158080077e+00 9.509226632006729780e-17
1.289030239181800042e+00 1.068078503287819994e-16
1.290269916205510015e+00 8.843526233402840203e-17
1.291509593229219988e+00 6.440330311153349663e-17
1.292749270252939953e+00 3.601462330739119701e-17
1.293988947276649926e+00 5.644056475007749617e-17
1.295228624300359899e+00 4.003721255240390274e-17
1.296468301324080086e+00 8.047169017451499742e-17
1.297707978347790059e+00 7.397940762693739975e-17
1.298947655371500032e+00 6.908460936554669891e-17
1.300187332395219997e+00 7.739061444632229408e-17
1.301427009418929970e+00 7.221016755835990596e-17
1.302666686442639943e+00 1.068960608693049994e-16
1.303906363466359908e+00 9.595792737471630465e-17
1.305146040490070103e+00 3.758049936801119907e-17
1.306385717513790068e+00 4.023112684904350240e-17
1.307625394537500041e+00 9.604780551135390340e-17
1.308865071561210014e+00 9.033855860139860342e-17
1.310104748584929979e+00 3.311040210288479969e-17
1.311344425608639952e+00 3.131038429807550064e-17
1.312584102632349925e+00 1.998231289964559938e-17
1.313823779656069890e+00 1.964615662487139957e-17
1.315063456679780085e+00 4.256346515653270202e-17
1.316303133703490058e+00 9.517927248561810011e-17
1.317542810727210023e+00 8.697532825754169841e-17
1.318782487750919996e+00 6.868017098556739782e-17
1.320022164774639961e+00 5.119286807831449759e-17
1.321261841798349934e+00 3.709270765206619762e-17
1.322501518822059907e+00 4.152369581783110218e-17
1.323741195845780094e+00 3.922906371138450129e-17
1.324980872869490067e+00 4.837031276132440198e-17
1.326220549893200040e+00 5.477985739531189701e-17
1.327460226916920005e+00 5.562444188795310202e-17
1.328699903940629978e+00 5.428153732453040075e-17
1.329939580964339951e+00 4.532179817076429765e-17
1.331179257988059916e+00 3.253266938457579953e-17
1.332418935011769889e+00 2.550052410149299965e-17
1.333658612035480084e+00 5.163297779502949847e-17
1.334898289059200049e+00 6.550697380691599982e-17
1.336137966082910022e+00 6.619689537734450225e-17
1.337377643106629987e+00 5.295635758727349808e-17
1.338617320130339960e+00 2.988780900677419742e-17
1.339856997154049933e+00 2.991484457791489907e-17
1.341096674177769899e+00 4.402607268075920168e-17
1.342336351201480094e+00 4.942191078278549779e-17
1.343576028225190067e+00 5.416390562398050293e-17
1.344815705248910032e+00 5.839946740694599926e-17
1.346055382272620005e+00 4.542282008461409986e-17
1.347295059296329978e+00 3.779934819703559720e-17
1.348534736320049943e+00 4.555851410101979804e-17
1.349774413343759916e+00 5.110496855770219963e-17
1.351014090367480103e+00 5.289953358791359843e-17
1.352253767391190076e+00 5.455148606307589936e-17
1.353493444414900049e+00 5.605947933315190308e-17
1.354733121438620014e+00 0.000000000000000000e+00
1.355972798462329987e+00 0.000000000000000000e+00
1.357212475486039960e+00 0.000000000000000000e+00
1.358452152509759925e+00 0.000000000000000000e+00
1.359691829533469898e+00 0.000000000000000000e+00
1.360931506557180093e+00 0.000000000000000000e+00
1.362171183580900058e+00 0.000000000000000000e+00
1.363410860604610031e+00 0.000000000000000000e+00
1.364650537628320004e+00 0.000000000000000000e+00
1.365890214652039969e+00 0.000000000000000000e+00
1.367129891675749942e+00 0.000000000000000000e+00
1.368369568699469907e+00 0.000000000000000000e+00
1.369609245723180102e+00 0.000000000000000000e+00
1.370848922746890075e+00 0.000000000000000000e+00
1.372088599770610040e+00 0.000000000000000000e+00
1.373328276794320013e+00 0.000000000000000000e+00
1.374567953818029986e+00 0.000000000000000000e+00
1.375807630841749951e+00 0.000000000000000000e+00
1.377047307865459924e+00 0.000000000000000000e+00
1.378286984889169897e+00 0.000000000000000000e+00
1.379526661912890084e+00 0.000000000000000000e+00
1.380766338936600057e+00 0.000000000000000000e+00
1.382006015960320022e+00 0.000000000000000000e+00
1.383245692984029995e+00 0.000000000000000000e+00
1.384485370007739968e+00 0.000000000000000000e+00
1.385725047031459933e+00 0.000000000000000000e+00
1.386964724055169906e+00 0.000000000000000000e+00
1.388204401078880101e+00 0.000000000000000000e+00
1.389444078102600066e+00 0.000000000000000000e+00
1.390683755126310039e+00 0.000000000000000000e+00
1.391923432150020012e+00 0.000000000000000000e+00
1.393163109173739977e+00 0.000000000000000000e+00
1.394402786197449950e+00 0.000000000000000000e+00
1.395642463221169915e+00 0.000000000000000000e+00
1.396882140244880111e+00 0.000000000000000000e+00
1.398121817268590084e+00 0.000000000000000000e+00
1.399361494292310049e+00 0.000000000000000000e+00
1.400601171316020022e+00 0.000000000000000000e+00
1.401840848339729995e+00 0.000000000000000000e+00
1.403080525363449960e+00 0.000000000000000000e+00
1.404320202387159933e+00 0.000000000000000000e+00
1.405559879410869906e+00 0.000000000000000000e+00
1.406799556434590093e+00 0.000000000000000000e+00
1.408039233458300066e+00 0.000000000000000000e+00
1.409278910482010039e+00 0.000000000000000000e+00
1.410518587505730004e+00 0.000000000000000000e+00
1.411758264529439977e+00 0.000000000000000000e+00
1.412997941553159942e+00 0.000000000000000000e+00
1.414237618576869915e+00 0.000000000000000000e+00
1.415477295600580110e+00 0.000000000000000000e+00
1.416716972624300075e+00 0.000000000000000000e+00
1.417956649648010048e+00 0.000000000000000000e+00
1.419196326671720021e+00 0.000000000000000000e+00
1.420436003695439986e+00 0.000000000000000000e+00
1.421675680719149959e+00 0.000000000000000000e+00
1.422915357742859932e+00 0.000000000000000000e+00
1.424155034766579897e+00 0.000000000000000000e+00
1.425394711790290092e+00 0.000000000000000000e+00
1.426634388814000065e+00 0.000000000000000000e+00
1.427874065837720030e+00 0.000000000000000000e+00
1.429113742861430003e+00 0.000000000000000000e+00
1.430353419885149968e+00 0.000000000000000000e+00
1.431593096908859941e+00 0.000000000000000000e+00
1.432832773932569914e+00 0.000000000000000000e+00
1.434072450956290101e+00 0.000000000000000000e+00
1.435312127980000074e+00 0.000000000000000000e+00
1.436551805003710047e+00 0.000000000000000000e+00
1.437791482027430012e+00 0.000000000000000000e+00
1.439031159051139985e+00 0.000000000000000000e+00
1.440270836074849958e+00 0.000000000000000000e+00
1.441510513098569923e+00 0.000000000000000000e+00
1.442750190122279896e+00 0.000000000000000000e+00
1.443989867146000083e+00 0.000000000000000000e+00
1.445229544169710056e+00 0.000000000000000000e+00
1.446469221193420029e+00 0.000000000000000000e+00
1.447708898217139994e+00 0.000000000000000000e+00
1.448948575240849967e+00 0.000000000000000000e+00
1.450188252264559940e+00 0.000000000000000000e+00
1.451427929288279906e+00 0.000000000000000000e+00
1.452667606311990101e+00 0.000000000000000000e+00
1.453907283335700074e+00 0.000000000000000000e+00
1.455146960359420039e+00 0.000000000000000000e+00
1.456386637383130012e+00 0.000000000000000000e+00
1.457626314406839985e+00 0.000000000000000000e+00
1.458865991430559950e+00 0.000000000000000000e+00
1.460105668454269923e+00 0.000000000000000000e+00
1.461345345477990110e+00 0.000000000000000000e+00
1.462585022501700083e+00 0.000000000000000000e+00
1.463824699525410056e+00 0.000000000000000000e+00
1.465064376549130021e+00 0.000000000000000000e+00
1.466304053572839994e+00 0.000000000000000000e+00
1.467543730596549967e+00 0.000000000000000000e+00
1.468783407620269932e+00 0.000000000000000000e+00
1.470023084643979905e+00 0.000000000000000000e+00
1.471262761667690100e+00 0.000000000000000000e+00
1.472502438691410065e+00 0.000000000000000000e+00
1.473742115715120038e+00 0.000000000000000000e+00
1.474981792738840003e+00 0.000000000000000000e+00
1.476221469762549976e+00 0.000000000000000000e+00
1.477461146786259949e+00 0.000000000000000000e+00
1.478700823809979914e+00 0.000000000000000000e+00
1.479940500833690109e+00 0.000000000000000000e+00
1.481180177857400082e+00 0.000000000000000000e+00
1.482419854881120047e+00 0.000000000000000000e+00
1.483659531904830020e+00 0.000000000000000000e+00
1.484899208928539993e+00 0.000000000000000000e+00
1.486138885952259958e+00 0.000000000000000000e+00
1.487378562975969931e+00 0.000000000000000000e+00
1.488618239999679904e+00 0.000000000000000000e+00
1.489857917023400091e+00 0.000000000000000000e+00
1.491097594047110064e+00 0.000000000000000000e+00
1.492337271070830029e+00 0.000000000000000000e+00
1.493576948094540002e+00 0.000000000000000000e+00
1.494816625118249975e+00 0.000000000000000000e+00
1.496056302141969940e+00 0.000000000000000000e+00
1.497295979165679913e+00 0.000000000000000000e+00
1.498535656189390108e+00 0.000000000000000000e+00
1.499775333213110073e+00 0.000000000000000000e+00
1.501015010236820046e+00 0.000000000000000000e+00
1.502254687260530019e+00 0.000000000000000000e+00
1.503494364284249984e+00 0.000000000000000000e+00
1.504734041307959957e+00 0.000000000000000000e+00
1.505973718331679922e+00 0.000000000000000000e+00
1.507213395355389896e+00 0.000000000000000000e+00
1.508453072379100091e+00 0.000000000000000000e+00
1.509692749402820056e+00 0.000000000000000000e+00
1.510932426426530029e+00 0.000000000000000000e+00
1.512172103450240002e+00 0.000000000000000000e+00
1.513411780473959967e+00 0.000000000000000000e+00
1.514651457497669940e+00 0.000000000000000000e+00
1.515891134521379913e+00 0.000000000000000000e+00
1.517130811545100100e+00 0.000000000000000000e+00
1.518370488568810073e+00 0.000000000000000000e+00
1.519610165592520046e+00 0.000000000000000000e+00
1.520849842616240011e+00 0.000000000000000000e+00
1.522089519639949984e+00 0.000000000000000000e+00
1.523329196663669949e+00 0.000000000000000000e+00
1.524568873687379922e+00 0.000000000000000000e+00
1.525808550711089895e+00 0.000000000000000000e+00
1.527048227734810082e+00 0.000000000000000000e+00
1.528287904758520055e+00 0.000000000000000000e+00
1.529527581782230028e+00 0.000000000000000000e+00
1.530767258805949993e+00 0.000000000000000000e+00
1.532006935829659966e+00 0.000000000000000000e+00
1.533246612853369939e+00 0.000000000000000000e+00
1.534486289877089904e+00 0.000000000000000000e+00
1.535725966900800099e+00 0.000000000000000000e+00
1.536965643924520064e+00 0.000000000000000000e+00
1.538205320948230037e+00 0.000000000000000000e+00
1.539444997971940010e+00 0.000000000000000000e+00
1.540684674995659975e+00 0.000000000000000000e+00
1.541924352019369948e+00 0.000000000000000000e+00
1.543164029043079921e+00 0.000000000000000000e+00
1.544403706066800108e+00 0.000000000000000000e+00
1.545643383090510081e+00 0.000000000000000000e+00
1.546883060114220054e+00 0.000000000000000000e+00
1.548122737137940019e+00 0.000000000000000000e+00
1.549362414161649992e+00 0.000000000000000000e+00
1.550602091185359965e+00 0.000000000000000000e+00
1.551841768209079930e+00 0.000000000000000000e+00
1.553081445232789903e+00 0.000000000000000000e+00
1.554321122256510090e+00 0.000000000000000000e+00
1.555560799280220063e+00 0.000000000000000000e+00
1.556800476303930036e+00 0.000000000000000000e+00
1.558040153327650001e+00 0.000000000000000000e+00
1.559279830351359974e+00 0.000000000000000000e+00
1.560519507375069947e+00 0.000000000000000000e+00
1.561759184398789913e+00 0.000000000000000000e+00
1.562998861422500108e+00 0.000000000000000000e+00
1.564238538446210081e+00 0.000000000000000000e+00
1.565478215469930046e+00 0.000000000000000000e+00
1.566717892493640019e+00 0.000000000000000000e+00
1.567957569517359984e+00 0.000000000000000000e+00
1.569197246541069957e+00 0.000000000000000000e+00
1.570436923564779930e+00 0.000000000000000000e+00
1.571676600588499895e+00 0.000000000000000000e+00
1.572916277612210090e+00 0.000000000000000000e+00
1.574155954635920063e+00 0.000000000000000000e+00
1.575395631659640028e+00 0.000000000000000000e+00
1.576635308683350001e+00 0.000000000000000000e+00
1.577874985707059974e+00 0.000000000000000000e+00
1.579114662730779939e+00 0.000000000000000000e+00
1.580354339754489912e+00 0.000000000000000000e+00
1.581594016778200107e+00 0.000000000000000000e+00
1.582833693801920072e+00 0.000000000000000000e+00
1.584073370825630045e+00 0.000000000000000000e+00
1.585313047849350010e+00 0.000000000000000000e+00
1.586552724873059983e+00 0.000000000000000000e+00
1.587792401896769956e+00 0.000000000000000000e+00
1.589032078920489921e+00 0.000000000000000000e+00
1.590271755944199894e+00 0.000000000000000000e+00
1.591511432967910089e+00 0.000000000000000000e+00
1.592751109991630054e+00 0.000000000000000000e+00
1.593990787015340027e+00 0.000000000000000000e+00
1.595230464039050000e+00 0.000000000000000000e+00
1.596470141062769965e+00 0.000000000000000000e+00
1.597709818086479938e+00 0.000000000000000000e+00
1.598949495110199903e+00 0.000000000000000000e+00
1.600189172133910098e+00 0.000000000000000000e+00
1.601428849157620071e+00 0.000000000000000000e+00
1.602668526181340036e+00 0.000000000000000000e+00
1.603908203205050009e+00 0.000000000000000000e+00
1.605147880228759982e+00 0.000000000000000000e+00
1.606387557252479947e+00 0.000000000000000000e+00
1.607627234276189920e+00 0.000000000000000000e+00
1.608866911299899893e+00 0.000000000000000000e+00
1.610106588323620080e+00 0.000000000000000000e+00
1.611346265347330053e+00 0.000000000000000000e+00
1.612585942371040026e+00 0.000000000000000000e+00
1.613825619394759991e+00 0.000000000000000000e+00
1.615065296418469964e+00 0.000000000000000000e+00
1.616304973442189930e+00 0.000000000000000000e+00
1.617544650465899903e+00 0.000000000000000000e+00
1.618784327489610098e+00 0.000000000000000000e+00
1.620024004513330063e+00 0.000000000000000000e+00
1.621263681537040036e+00 0.000000000000000000e+00
1.622503358560750009e+00 0.000000000000000000e+00
1.623743035584469974e+00 0.000000000000000000e+00
1.624982712608179947e+00 0.000000000000000000e+00
1.626222389631889920e+00 0.000000000000000000e+00
1.627462066655610107e+00 0.000000000000000000e+00
1.628701743679320080e+00 0.000000000000000000e+00
1.629941420703040045e+00 0.000000000000000000e+00
1.631181097726750018e+00 0.000000000000000000e+00
1.632420774750459991e+00 0.000000000000000000e+00
1.633660451774179956e+00 0.000000000000000000e+00
1.634900128797889929e+00 0.000000000000000000e+00
1.636139805821599902e+00 0.000000000000000000e+00
1.637379482845320089e+00 0.000000000000000000e+00
1.638619159869030062e+00 0.000000000000000000e+00
1.639858836892740035e+00 0.000000000000000000e+00
1.641098513916460000e+00 0.000000000000000000e+00
1.642338190940169973e+00 0.000000000000000000e+00
1.643577867963879946e+00 0.000000000000000000e+00
1.644817544987599911e+00 0.000000000000000000e+00
1.646057222011310106e+00 0.000000000000000000e+00
1.647296899035030071e+00 0.000000000000000000e+00
1.648536576058740044e+00 0.000000000000000000e+00
1.649776253082450017e+00 0.000000000000000000e+00
1.651015930106169982e+00 0.000000000000000000e+00
1.652255607129879955e+00 0.000000000000000000e+00
1.653495284153589928e+00 0.000000000000000000e+00
1.654734961177309893e+00 0.000000000000000000e+00
1.655974638201020088e+00 0.000000000000000000e+00
1.657214315224730061e+00 0.000000000000000000e+00
1.658453992248450026e+00 0.000000000000000000e+00
1.659693669272159999e+00 0.000000000000000000e+00
1.660933346295879964e+00 0.000000000000000000e+00
1.662173023319589937e+00 0.000000000000000000e+00
1.663412700343299910e+00 0.000000000000000000e+00
1.664652377367020097e+00 0.000000000000000000e+00
1.665892054390730070e+00 0.000000000000000000e+00
1.667131731414440043e+00 0.000000000000000000e+00
1.668371408438160008e+00 0.000000000000000000e+00
1.669611085461869981e+00 0.000000000000000000e+00
1.670850762485579954e+00 0.000000000000000000e+00
1.672090439509299920e+00 0.000000000000000000e+00
1.673330116533009893e+00 0.000000000000000000e+00
1.674569793556720088e+00 0.000000000000000000e+00
1.675809470580440053e+00 0.000000000000000000e+00
1.677049147604150026e+00 0.000000000000000000e+00
1.678288824627869991e+00 0.000000000000000000e+00
1.679528501651579964e+00 0.000000000000000000e+00
1.680768178675289937e+00 0.000000000000000000e+00
1.682007855699009902e+00 0.000000000000000000e+00
1.683247532722720097e+00 0.000000000000000000e+00
1.684487209746430070e+00 0.000000000000000000e+00
1.685726886770150035e+00 0.000000000000000000e+00
1.686966563793860008e+00 0.000000000000000000e+00
1.688206240817569981e+00 0.000000000000000000e+00
1.689445917841289946e+00 0.000000000000000000e+00
1.690685594864999919e+00 0.000000000000000000e+00
1.691925271888720106e+00 0.000000000000000000e+00
1.693164948912430079e+00 0.000000000000000000e+00
1.694404625936140052e+00 0.000000000000000000e+00
1.695644302959860017e+00 0.000000000000000000e+00
1.696883979983569990e+00 0.000000000000000000e+00
1.698123657007279963e+00 0.000000000000000000e+00
1.699363334030999928e+00 0.000000000000000000e+00
1.700603011054709901e+00 0.000000000000000000e+00
1.701842688078420096e+00 0.000000000000000000e+00
1.703082365102140061e+00 0.000000000000000000e+00
1.704322042125850034e+00 0.000000000000000000e+00
1.705561719149560007e+00 0.000000000000000000e+00
1.706801396173279972e+00 0.000000000000000000e+00
1.708041073196989945e+00 0.000000000000000000e+00
1.709280750220709910e+00 0.000000000000000000e+00
1.710520427244420105e+00 0.000000000000000000e+00
1.711760104268130078e+00 0.000000000000000000e+00
1.712999781291850043e+00 0.000000000000000000e+00
1.714239458315560016e+00 0.000000000000000000e+00
1.715479135339269989e+00 0.000000000000000000e+00
1.716718812362989954e+00 0.000000000000000000e+00
1.717958489386699927e+00 0.000000000000000000e+00
1.719198166410409900e+00 0.000000000000000000e+00
1.720437843434130087e+00 0.000000000000000000e+00
1.721677520457840060e+00 0.000000000000000000e+00
1.722917197481560025e+00 0.000000000000000000e+00
1.724156874505269998e+00 0.000000000000000000e+00
1.725396551528979971e+00 0.000000000000000000e+00
1.726636228552699937e+00 0.000000000000000000e+00
1.727875905576409910e+00 0.000000000000000000e+00
1.729115582600120105e+00 0.000000000000000000e+00
1.730355259623840070e+00 0.000000000000000000e+00
1.731594936647550043e+00 0.000000000000000000e+00
1.732834613671260016e+00 0.000000000000000000e+00
1.734074290694979981e+00 0.000000000000000000e+00
1.735313967718689954e+00 0.000000000000000000e+00
1.736553644742409919e+00 0.000000000000000000e+00
1.737793321766119892e+00 0.000000000000000000e+00
1.739032998789830087e+00 0.000000000000000000e+00
1.740272675813550052e+00 0.000000000000000000e+00
1.741512352837260025e+00 0.000000000000000000e+00
1.742752029860969998e+00 0.000000000000000000e+00
1.743991706884689963e+00 0.000000000000000000e+00
1.745231383908399936e+00 0.000000000000000000e+00
1.746471060932109909e+00 0.000000000000000000e+00
1.747710737955830096e+00 0.000000000000000000e+00
1.748950414979540069e+00 0.000000000000000000e+00
1.750190092003250042e+00 0.000000000000000000e+00
1.751429769026970007e+00 0.000000000000000000e+00
1.752669446050679980e+00 0.000000000000000000e+00
1.753909123074399945e+00 0.000000000000000000e+00
1.755148800098109918e+00 0.000000000000000000e+00
1.756388477121819891e+00 0.000000000000000000e+00
1.757628154145540078e+00 0.000000000000000000e+00
1.758867831169250051e+00 0.000000000000000000e+00
1.760107508192960024e+00 0.000000000000000000e+00
1.761347185216679989e+00 0.000000000000000000e+00
1.762586862240389962e+00 0.000000000000000000e+00
1.763826539264099935e+00 0.000000000000000000e+00
1.765066216287819900e+00 0.000000000000000000e+00
1.766305893311530095e+00 0.000000000000000000e+00
1.767545570335240068e+00 0.000000000000000000e+00
1.768785247358960033e+00 0.000000000000000000e+00
1.770024924382670006e+00 0.000000000000000000e+00
1.771264601406389971e+00 0.000000000000000000e+00
1.772504278430099944e+00 0.000000000000000000e+00
1.773743955453809917e+00 0.000000000000000000e+00
1.774983632477530104e+00 0.000000000000000000e+00
1.776223309501240077e+00 0.000000000000000000e+00
1.777462986524950050e+00 0.000000000000000000e+00
1.778702663548670015e+00 0.000000000000000000e+00
1.779942340572379988e+00 0.000000000000000000e+00
1.781182017596089961e+00 0.000000000000000000e+00
1.782421694619809927e+00 0.000000000000000000e+00
1.783661371643519900e+00 0.000000000000000000e+00
1.784901048667240087e+00 0.000000000000000000e+00
1.786140725690950060e+00 0.000000000000000000e+00
1.787380402714660033e+00 0.000000000000000000e+00
1.788620079738379998e+00 0.000000000000000000e+00
1.789859756762089971e+00 0.000000000000000000e+00
1.791099433785799944e+00 0.000000000000000000e+00
1.792339110809519909e+00 0.000000000000000000e+00
1.793578787833230104e+00 0.000000000000000000e+00
1.794818464856940077e+00 0.000000000000000000e+00
1.796058141880660042e+00 0.000000000000000000e+00
1.797297818904370015e+00 0.000000000000000000e+00
1.798537495928079988e+00 0.000000000000000000e+00
1.799777172951799953e+00 0.000000000000000000e+00
1.801016849975509926e+00 0.000000000000000000e+00
1.802256526999229891e+00 0.000000000000000000e+00
1.803496204022940086e+00 0.000000000000000000e+00
1.804735881046650059e+00 0.000000000000000000e+00
1.805975558070370024e+00 0.000000000000000000e+00
1.807215235094079997e+00 0.000000000000000000e+00
1.808454912117789970e+00 0.000000000000000000e+00
1.809694589141509935e+00 0.000000000000000000e+00
1.810934266165219908e+00 0.000000000000000000e+00
1.812173943188930103e+00 0.000000000000000000e+00
1.813413620212650068e+00 0.000000000000000000e+00
1.814653297236360041e+00 0.000000000000000000e+00
1.815892974260080006e+00 0.000000000000000000e+00
1.817132651283789979e+00 0.000000000000000000e+00
1.818372328307499952e+00 0.000000000000000000e+00
1.819612005331219917e+00 0.000000000000000000e+00
1.820851682354929890e+00 0.000000000000000000e+00
1.822091359378640085e+00 0.000000000000000000e+00
1.823331036402360050e+00 0.000000000000000000e+00
1.824570713426070023e+00 0.000000000000000000e+00
1.825810390449779996e+00 0.000000000000000000e+00
1.827050067473499961e+00 0.000000000000000000e+00
1.828289744497209934e+00 0.000000000000000000e+00
1.829529421520919907e+00 0.000000000000000000e+00
1.830769098544640094e+00 0.000000000000000000e+00
1.832008775568350067e+00 0.000000000000000000e+00
1.833248452592070032e+00 0.000000000000000000e+00
1.834488129615780005e+00 0.000000000000000000e+00
1.835727806639489978e+00 0.000000000000000000e+00
1.836967483663209944e+00 0.000000000000000000e+00
1.838207160686919917e+00 0.000000000000000000e+00
1.839446837710629890e+00 0.000000000000000000e+00
1.840686514734350077e+00 0.000000000000000000e+00
1.841926191758060050e+00 0.000000000000000000e+00
1.843165868781770023e+00 0.000000000000000000e+00
1.844405545805489988e+00 0.000000000000000000e+00
1.845645222829199961e+00 0.000000000000000000e+00
1.846884899852919926e+00 0.000000000000000000e+00
1.848124576876629899e+00 0.000000000000000000e+00
1.849364253900340094e+00 0.000000000000000000e+00
1.850603930924060059e+00 0.000000000000000000e+00
1.851843607947770032e+00 0.000000000000000000e+00
1.853083284971480005e+00 0.000000000000000000e+00
1.854322961995199970e+00 0.000000000000000000e+00
1.855562639018909943e+00 0.000000000000000000e+00
1.856802316042619916e+00 0.000000000000000000e+00
1.858041993066340103e+00 0.000000000000000000e+00
1.859281670090050076e+00 0.000000000000000000e+00
1.860521347113760049e+00 0.000000000000000000e+00
1.861761024137480014e+00 0.000000000000000000e+00
1.863000701161189987e+00 0.000000000000000000e+00
1.864240378184909952e+00 0.000000000000000000e+00
1.865480055208619925e+00 0.000000000000000000e+00
1.866719732232329898e+00 0.000000000000000000e+00
1.867959409256050085e+00 0.000000000000000000e+00
1.869199086279760058e+00 0.000000000000000000e+00
1.870438763303470031e+00 0.000000000000000000e+00
1.871678440327189996e+00 0.000000000000000000e+00
1.872918117350899969e+00 0.000000000000000000e+00
1.874157794374609942e+00 0.000000000000000000e+00
1.875397471398329907e+00 0.000000000000000000e+00
1.876637148422040102e+00 0.000000000000000000e+00
1.877876825445760067e+00 0.000000000000000000e+00
1.879116502469470040e+00 0.000000000000000000e+00
1.880356179493180013e+00 0.000000000000000000e+00
1.881595856516899978e+00 0.000000000000000000e+00
1.882835533540609951e+00 0.000000000000000000e+00
1.884075210564319924e+00 0.000000000000000000e+00
1.885314887588039889e+00 0.000000000000000000e+00
1.886554564611750084e+00 0.000000000000000000e+00
1.887794241635460057e+00 0.000000000000000000e+00
1.889033918659180022e+00 0.000000000000000000e+00
1.890273595682889995e+00 0.000000000000000000e+00
1.891513272706609960e+00 0.000000000000000000e+00
1.892752949730319934e+00 0.000000000000000000e+00
1.893992626754029907e+00 0.000000000000000000e+00
1.895232303777750094e+00 0.000000000000000000e+00
1.896471980801460067e+00 0.000000000000000000e+00
1.897711657825170040e+00 0.000000000000000000e+00
1.898951334848890005e+00 0.000000000000000000e+00
1.900191011872599978e+00 0.000000000000000000e+00
1.901430688896309951e+00 0.000000000000000000e+00
1.902670365920029916e+00 0.000000000000000000e+00
1.903910042943740111e+00 0.000000000000000000e+00
1.905149719967450084e+00 0.000000000000000000e+00
1.906389396991170049e+00 0.000000000000000000e+00
1.907629074014880022e+00 0.000000000000000000e+00
1.908868751038599987e+00 0.000000000000000000e+00
1.910108428062309960e+00 0.000000000000000000e+00
1.911348105086019933e+00 0.000000000000000000e+00
1.912587782109739898e+00 0.000000000000000000e+00
1.913827459133450093e+00 0.000000000000000000e+00
1.915067136157160066e+00 0.000000000000000000e+00
1.916306813180880031e+00 0.000000000000000000e+00
1.917546490204590004e+00 0.000000000000000000e+00
1.918786167228299977e+00 0.000000000000000000e+00
1.920025844252019942e+00 0.000000000000000000e+00
1.921265521275729915e+00 0.000000000000000000e+00
1.922505198299440110e+00 0.000000000000000000e+00
1.923744875323160075e+00 0.000000000000000000e+00
1.924984552346870048e+00 0.000000000000000000e+00
1.926224229370590013e+00 0.000000000000000000e+00
1.927463906394299986e+00 0.000000000000000000e+00
1.928703583418009959e+00 0.000000000000000000e+00
1.929943260441729924e+00 0.000000000000000000e+00
1.931182937465439897e+00 0.000000000000000000e+00
1.932422614489150092e+00 0.000000000000000000e+00
1.933662291512870057e+00 0.000000000000000000e+00
1.934901968536580030e+00 0.000000000000000000e+00
1.936141645560290003e+00 0.000000000000000000e+00
1.937381322584009968e+00 0.000000000000000000e+00
1.938620999607719941e+00 0.000000000000000000e+00
1.939860676631439906e+00 0.000000000000000000e+00
1.941100353655150101e+00 0.000000000000000000e+00
1.942340030678860074e+00 0.000000000000000000e+00
1.943579707702580039e+00 0.000000000000000000e+00
1.944819384726290012e+00 0.000000000000000000e+00
1.946059061749999985e+00 0.000000000000000000e+00
1.947298738773719951e+00 0.000000000000000000e+00
1.948538415797429924e+00 0.000000000000000000e+00
1.949778092821139897e+00 0.000000000000000000e+00
1.951017769844860084e+00 0.000000000000000000e+00
1.952257446868570057e+00 0.000000000000000000e+00
1.953497123892280030e+00 0.000000000000000000e+00
1.954736800915999995e+00 0.000000000000000000e+00
1.955976477939709968e+00 0.000000000000000000e+00
1.957216154963429933e+00 0.000000000000000000e+00
1.958455831987139906e+00 0.000000000000000000e+00
1.959695509010850101e+00 0.000000000000000000e+00
1.960935186034570066e+00 0.000000000000000000e+00
1.962174863058280039e+00 0.000000000000000000e+00
1.963414540081990012e+00 0.000000000000000000e+00
1.964654217105709977e+00 0.000000000000000000e+00
1.965893894129419950e+00 0.000000000000000000e+00
1.967133571153129923e+00 0.000000000000000000e+00
1.968373248176850110e+00 0.000000000000000000e+00
1.969612925200560083e+00 0.000000000000000000e+00
1.970852602224280048e+00 0.000000000000000000e+00
1.972092279247990021e+00 0.000000000000000000e+00
1.973331956271699994e+00 0.000000000000000000e+00
1.974571633295419959e+00 0.000000000000000000e+00
1.975811310319129932e+00 0.000000000000000000e+00
1.977050987342839905e+00 0.000000000000000000e+00
1.978290664366560092e+00 0.000000000000000000e+00
1.979530341390270065e+00 0.000000000000000000e+00
1.980770018413980038e+00 0.000000000000000000e+00
1.982009695437700003e+00 0.000000000000000000e+00
1.983249372461409976e+00 4.164842141931429791e-17
1.984489049485119949e+00 4.182357195093870155e-17
1.985728726508839914e+00 4.252650672676380193e-17
1.986968403532550109e+00 4.448725234203709782e-17
1.988208080556270074e+00 4.778644236287009812e-17
1.989447757579980047e+00 5.037703307504330271e-17
1.990687434603690020e+00 5.079798198004910061e-17
1.991927111627409985e+00 5.050460417783369934e-17
1.993166788651119958e+00 5.041468964524919756e-17
1.994406465674829931e+00 4.748762502094659745e-17
1.995646142698549896e+00 4.054091922333439979e-17
1.996885819722260091e+00 3.757886485912080045e-17
1.998125496745970064e+00 4.376282741389780199e-17
1.999365173769690029e+00 4.947539297247070169e-17
2.000604850793399780e+00 4.655832399869019854e-17
2.001844527817119967e+00 3.883759221468759995e-17
2.003084204840829941e+00 3.098845552983729919e-17
2.004323881864539914e+00 2.568843472124660007e-17
2.005563558888260101e+00 2.498017455663789870e-17
2.006803235911970074e+00 2.877680949116440045e-17
2.008042912935680047e+00 3.572473951608320124e-17
2.009282589959399790e+00 4.032257662884490261e-17
2.010522266983110207e+00 3.808993674622550047e-17
2.011761944006820180e+00 3.389842729396209737e-17
2.013001621030539923e+00 3.286717460684730036e-17
2.014241298054249896e+00 3.276804528223890238e-17
2.015480975077959869e+00 3.093096316854240123e-17
2.016720652101680056e+00 2.598519072908369872e-17
2.017960329125390029e+00 1.756544169663710019e-17
2.019200006149110216e+00 1.458694794492960041e-17
2.020439683172820189e+00 2.497800403471059962e-17
2.021679360196530162e+00 3.612848968179280275e-17
2.022919037220249905e+00 3.421268644356079959e-17
2.024158714243959878e+00 2.732394450019259965e-17
2.025398391267669851e+00 2.629152714277539886e-17
2.026638068291390038e+00 2.851366017725419866e-17
2.027877745315100011e+00 2.946433223781649910e-17
2.029117422338809984e+00 2.841478893299689873e-17
2.030357099362530171e+00 2.533662157183799963e-17
2.031596776386240144e+00 2.381739849776600066e-17
2.032836453409959887e+00 2.770637491279429948e-17
2.034076130433669860e+00 3.263788675849250151e-17
2.035315807457379833e+00 3.278613075915179876e-17
2.036555484481100020e+00 2.944443027227839930e-17
2.037795161504809993e+00 2.583951926012949994e-17
2.039034838528519966e+00 2.255154746276390065e-17
2.040274515552240153e+00 1.939248680078100001e-17
2.041514192575950126e+00 2.185117694683769925e-17
2.042753869599660099e+00 3.602711373464069843e-17
2.043993546623379842e+00 4.954443608383930246e-17
2.045233223647089815e+00 4.564169207469569878e-17
2.046472900670810002e+00 3.144756393086130091e-17
2.047712577694519975e+00 2.141482263010370144e-17
2.048952254718229948e+00 1.857426289990069960e-17
2.050191931741950135e+00 2.218925724371670048e-17
2.051431608765660108e+00 2.657093386444480106e-17
2.052671285789370081e+00 2.406782577385519852e-17
2.053910962813089824e+00 1.704057905435999929e-17
2.055150639836799797e+00 1.159780010693249929e-17
2.056390316860510215e+00 1.063147944354190064e-17
2.057629993884229958e+00 1.595124174463170095e-17
2.058869670907939931e+00 2.185548655782910052e-17
2.060109347931649904e+00 1.923802571063769874e-17
2.061349024955370091e+00 1.267584474693820058e-17
2.062588701979080064e+00 1.291654355184310066e-17
2.063828379002799807e+00 1.822106008706300083e-17
2.065068056026509780e+00 2.107103975008170108e-17
2.066307733050220197e+00 2.107127301501449959e-17
2.067547410073939940e+00 2.118779960226610052e-17
2.068787087097649913e+00 2.096258809996990136e-17
2.070026764121359886e+00 1.836706904570709967e-17
2.071266441145080073e+00 1.506947713781760112e-17
2.072506118168790046e+00 1.477889024298890138e-17
2.073745795192500019e+00 1.661232118146170133e-17
2.074985472216220206e+00 1.684118220462040124e-17
2.076225149239930179e+00 1.666047136491840074e-17
2.077464826263649922e+00 2.020875524669320041e-17
2.078704503287359895e+00 2.642214557894240078e-17
2.079944180311069868e+00 3.107836344497690054e-17
2.081183857334790055e+00 3.237719582536270255e-17
2.082423534358500028e+00 3.002940247530859914e-17
2.083663211382210001e+00 2.569997719951419891e-17
2.084902888405930188e+00 2.268025014863219895e-17
2.086142565429640161e+00 2.165510370879929921e-17
2.087382242453350134e+00 2.120656171292000056e-17
2.088621919477069877e+00 2.076225819049939896e-17
2.089861596500779850e+00 2.028884618232300086e-17
2.091101273524489823e+00 1.984998550833300127e-17
2.092340950548210010e+00 1.979477451116749991e-17
2.093580627571919983e+00 1.977319502334729972e-17
2.094820304595640170e+00 1.875115712825630031e-17
2.096059981619350143e+00 1.716767866420120063e-17
2.097299658643060116e+00 1.666412088578100011e-17
2.098539335666779859e+00 1.827053541386100095e-17
2.099779012690489832e+00 2.276955918500829959e-17
2.101018689714199805e+00 2.787583775052679775e-17
2.102258366737919992e+00 2.776946894119739730e-17
2.103498043761629965e+00 2.266453702571609849e-17
2.104737720785339938e+00 1.959573334909140135e-17
2.105977397809060125e+00 2.084125393899820078e-17
2.107217074832770098e+00 2.314886120053329922e-17
2.108456751856480071e+00 2.512653920294550012e-17
2.109696428880199814e+00 2.752826472893810099e-17
2.110936105903909787e+00 2.955057408848119765e-17
2.112175782927629974e+00 2.869091836507939974e-17
2.113415459951339948e+00 2.480616222553639884e-17
2.114655136975049921e+00 2.040304839205330005e-17
2.115894813998770108e+00 1.856530949695040097e-17
2.117134491022480081e+00 2.374536099258000107e-17
2.118374168046190054e+00 3.471009661566849985e-17
2.119613845069909797e+00 4.132362398871170092e-17
2.120853522093620214e+00 3.960893151844839783e-17
2.122093199117330187e+00 3.584445240305430097e-17
2.123332876141049930e+00 3.289524911683739942e-17
2.124572553164759903e+00 2.753396731208110011e-17
2.125812230188480090e+00 2.016070928799370116e-17
2.127051907212190063e+00 1.723896343502979853e-17
2.128291584235900036e+00 2.081844360642640151e-17
2.129531261259619779e+00 2.504914983919630094e-17
2.130770938283330196e+00 2.647898446755340034e-17
2.132010615307040169e+00 2.650092295175950092e-17
2.133250292330759912e+00 2.615282053457880104e-17
2.134489969354469885e+00 2.600061764750780036e-17
2.135729646378179858e+00 2.635195434088360106e-17
2.136969323401900045e+00 2.625929356866539858e-17
2.138209000425610018e+00 2.574016163367200035e-17
2.139448677449319991e+00 2.756425701175149909e-17
2.140688354473040178e+00 3.229010032430579997e-17
2.141928031496750151e+00 3.494968120828840193e-17
2.143167708520469894e+00 3.289995081143910153e-17
2.144407385544179867e+00 2.927757139911420256e-17
2.145647062567889840e+00 2.719412842921979882e-17
2.146886739591610027e+00 3.048210849839150206e-17
2.148126416615320000e+00 3.895714959170360133e-17
2.149366093639029973e+00 3.955784815253959770e-17
2.150605770662750160e+00 2.583361484491709951e-17
2.151845447686460133e+00 1.309704346048890013e-17
2.153085124710170106e+00 1.238606104448430062e-17
2.154324801733889849e+00 1.775802919557419869e-17
2.155564478757599822e+00 2.356206934936680123e-17
2.156804155781320009e+00 2.833179293905580280e-17
2.158043832805029982e+00 3.078273902021779909e-17
2.159283509828739955e+00 3.052117127563870008e-17
2.160523186852460142e+00 2.818973955810079695e-17
2.161762863876170115e+00 2.746844633576070084e-17
2.163002540899880088e+00 3.062469789238339913e-17
2.164242217923599831e+00 3.239648898596990169e-17
2.165481894947309804e+00 2.900683187590320185e-17
2.166721571971020222e+00 2.619186180513010041e-17
2.167961248994739965e+00 2.860326368992839899e-17
2.169200926018449938e+00 3.277533439779679978e-17
2.170440603042159911e+00 3.504639185678560241e-17
2.171680280065880098e+00 3.396651418454250055e-17
2.172919957089590071e+00 2.911093090163179993e-17
2.174159634113309814e+00 2.401628084116459997e-17
2.175399311137019787e+00 2.212267416748979853e-17
2.176638988160730204e+00 2.373931264794100101e-17
2.177878665184449947e+00 2.810825234159699774e-17
2.179118342208159920e+00 3.102501029546719944e-17
2.180358019231869893e+00 2.878232844021139739e-17
2.181597696255590080e+00 2.438527949497959903e-17
2.182837373279300053e+00 2.140687507877830119e-17
2.184077050303010026e+00 1.913071722413240107e-17
2.185316727326730213e+00 1.652591389467439973e-17
2.186556404350440186e+00 1.465837499082360057e-17
2.187796081374159929e+00 1.456445690407429899e-17
2.189035758397869902e+00 1.571876428783490071e-17
2.190275435421579875e+00 1.731782848899179848e-17
2.191515112445300062e+00 1.883016776600619895e-17
2.192754789469010035e+00 1.979094301057020051e-17
2.193994466492720008e+00 2.050063916072230009e-17
2.195234143516440195e+00 2.136966849482560130e-17
2.196473820540150168e+00 2.114768465127970115e-17
2.197713497563860141e+00 1.859153608545200110e-17
2.198953174587579884e+00 1.516444574394479882e-17
2.200192851611289857e+00 1.281683189208349924e-17
2.201432528634999830e+00 1.288287151064789994e-17
2.202672205658720017e+00 1.625422973120379876e-17
2.203911882682429990e+00 1.995373215512059938e-17
2.205151559706150177e+00 2.014531214807159904e-17
2.206391236729860150e+00 1.940764571268660057e-17
2.207630913753570123e+00 2.196779617831780135e-17
2.208870590777289866e+00 2.285859856050480039e-17
2.210110267800999839e+00 1.512292954900070073e-17
2.211349944824709812e+00 7.261806189893840122e-18
2.212589621848429999e+00 1.162215974879159959e-17
2.213829298872139972e+00 2.179449025945940020e-17
2.215068975895849945e+00 2.574488648933090016e-17
2.216308652919570132e+00 2.418261362745920066e-17
2.217548329943280105e+00 2.200480754764589867e-17
2.218788006966999848e+00 2.074765183524290062e-17
2.220027683990709821e+00 2.094463166323260023e-17
2.221267361014419794e+00 2.322823083466899966e-17
2.222507038038139981e+00 2.799725132083730034e-17
2.223746715061849955e+00 3.223215466803519830e-17
2.224986392085559928e+00 3.180686471917480223e-17
2.226226069109280115e+00 2.775576090408610074e-17
2.227465746132990088e+00 2.312165853890889884e-17
2.228705423156700061e+00 2.206881312908399911e-17
2.229945100180419804e+00 2.935882369632409834e-17
2.231184777204130221e+00 3.883546470615219984e-17
2.232424454227849964e+00 3.913456990692889979e-17
2.233664131251559937e+00 3.194579797485920260e-17
2.234903808275269910e+00 2.540185138058270012e-17
2.236143485298990097e+00 2.341782890287230070e-17
2.237383162322700070e+00 2.798372857218330193e-17
2.238622839346410043e+00 3.530465749635940206e-17
2.239862516370129786e+00 3.798216172985469825e-17
2.241102193393840203e+00 3.551096295857500293e-17
2.242341870417550176e+00 3.153998647506310045e-17
2.243581547441269919e+00 2.839839090453370298e-17
2.244821224464979892e+00 2.786586526106180298e-17
2.246060901488689865e+00 2.920534860547099726e-17
2.247300578512410052e+00 2.982087024288399935e-17
2.248540255536120025e+00 2.905382566086350283e-17
2.249779932559840212e+00 2.749257353986769993e-17
2.251019609583550185e+00 2.649175448185000014e-17
2.252259286607260158e+00 2.802246709463039765e-17
2.253498963630979901e+00 3.171566640227959966e-17
2.254738640654689874e+00 3.569956013823709941e-17
2.255978317678399847e+00 3.726633948008599705e-17
2.257217994702120034e+00 3.243750060074029929e-17
2.258457671725830007e+00 2.528516101156989998e-17
2.259697348749539980e+00 2.730117056356779894e-17
2.260937025773260167e+00 3.731386596936089927e-17
2.262176702796970140e+00 4.264466120546090105e-17
2.263416379820680113e+00 4.015659787585240065e-17
2.264656056844399856e+00 3.528466288659270248e-17
2.265895733868109829e+00 3.174844922431630125e-17
2.267135410891830016e+00 3.236824242241250253e-17
2.268375087915539989e+00 3.604581463392929728e-17
2.269614764939249962e+00 3.691939346140169868e-17
2.270854441962970149e+00 3.359761479240100169e-17
2.272094118986680122e+00 2.975413331106320259e-17
2.273333796010390095e+00 2.709447632646430122e-17
2.274573473034109838e+00 2.545475123511670059e-17
2.275813150057819811e+00 2.387943042626259888e-17
2.277052827081529784e+00 1.981252580711290021e-17
2.278292504105249972e+00 1.417015314096009928e-17
2.279532181128959945e+00 1.259000242450920029e-17
2.280771858152680132e+00 1.662080970890769893e-17
2.282011535176390105e+00 2.253930353533680137e-17
2.283251212200100078e+00 2.696121587542079876e-17
2.284490889223819821e+00 2.651003682774860094e-17
2.285730566247529794e+00 2.161712784687699895e-17
2.286970243271240211e+00 1.902085274953440084e-17
2.288209920294959954e+00 2.111926107107109855e-17
2.289449597318669927e+00 2.310399988719210140e-17
2.290689274342379900e+00 2.241836311233670069e-17
2.291928951366100087e+00 1.999172786937769951e-17
2.293168628389810060e+00 1.703346695545320057e-17
2.294408305413520033e+00 1.581873733666809969e-17
2.295647982437240220e+00 1.684404590390100128e-17
2.296887659460950193e+00 1.666005115716719915e-17
2.298127336484669936e+00 1.431546892225099887e-17
2.299367013508379909e+00 1.428566064169700098e-17
2.300606690532089882e+00 1.797147157211490092e-17
2.301846367555810069e+00 2.021667301951649944e-17
2.303086044579520042e+00 1.844676458900420147e-17
2.304325721603230015e+00 1.607484072612059945e-17
2.305565398626950202e+00 1.476969861202219981e-17
2.306805075650660175e+00 1.151437315189220006e-17
2.308044752674370148e+00 5.778354127821349725e-18
2.309284429698089891e+00 3.272849074611760168e-18
2.310524106721799864e+00 6.758054851210269833e-18
2.311763783745520051e+00 1.133586095825839940e-17
2.313003460769230024e+00 1.340655293901029976e-17
2.314243137792939997e+00 1.322673380000870076e-17
2.315482814816660184e+00 1.198581398866889970e-17
2.316722491840370157e+00 1.401455385029399900e-17
2.317962168864080130e+00 2.109040239386040090e-17
2.319201845887799873e+00 2.622894927507450023e-17
2.320441522911509846e+00 2.473549949452840076e-17
2.321681199935219819e+00 2.080342696958610152e-17
2.322920876958940006e+00 1.794794820985509943e-17
2.324160553982649979e+00 1.549002072432319873e-17
2.325400231006359952e+00 1.292698836143780003e-17
2.326639908030080139e+00 1.073399524557809995e-17
2.327879585053790112e+00 9.150089129146219461e-18
2.329119262077509855e+00 7.788313267228739579e-18
2.330358939101219828e+00 6.401415516517730297e-18
2.331598616124929801e+00 5.583537377133470119e-18
2.332838293148649988e+00 5.769048345930129705e-18
2.334077970172359962e+00 6.362414777816469906e-18
2.335317647196069935e+00 6.891940237206569969e-18
2.336557324219790122e+00 8.082835060231309389e-18
2.337797001243500095e+00 1.045170910819640066e-17
2.339036678267210068e+00 1.257829616448040069e-17
2.340276355290929811e+00 1.337115126315429997e-17
2.341516032314639784e+00 1.611731975929770002e-17
2.342755709338359971e+00 2.301121007479830058e-17
2.343995386362069944e+00 2.474268107660659847e-17
2.345235063385779917e+00 1.408200050308029847e-17
2.346474740409500104e+00 6.516001124461940109e-18
2.347714417433210077e+00 1.621314036145579960e-17
2.348954094456920050e+00 2.874465863511570170e-17
2.350193771480639793e+00 2.858784835203279913e-17
2.351433448504350210e+00 2.112283945440099986e-17
2.352673125528060183e+00 1.421707413402660036e-17
2.353912802551779926e+00 1.090155804944350074e-17
2.355152479575489899e+00 1.303632509480509929e-17
2.356392156599199872e+00 1.667233148054120146e-17
2.357631833622920059e+00 1.712380335015010131e-17
2.358871510646630032e+00 1.564604849454660148e-17
2.360111187670350219e+00 1.454047528375519859e-17
2.361350864694060192e+00 1.381827298992190054e-17
2.362590541717770165e+00 1.329034895219769928e-17
2.363830218741489908e+00 1.463299047218560099e-17
2.365069895765199881e+00 1.942446891198470096e-17
2.366309572788909854e+00 2.600747993786959882e-17
2.367549249812630041e+00 3.197222143234660267e-17
2.368788926836340014e+00 3.625071719782610066e-17
2.370028603860049987e+00 3.826126901214229771e-17
2.371268280883770174e+00 3.776265777378520127e-17
2.372507957907480147e+00 3.495000546308849806e-17
2.373747634931199890e+00 3.137326987696429981e-17
2.374987311954909863e+00 2.870360069823100113e-17
2.376226988978619836e+00 2.886443438781339859e-17
2.377466666002340023e+00 3.372491457995049942e-17
2.378706343026049996e+00 3.591479253362339721e-17
2.379946020049759969e+00 2.568831395287720122e-17
2.381185697073480156e+00 1.461397028118050120e-17
2.382425374097190129e+00 2.052219548748549979e-17
2.383665051120900102e+00 3.315710141154709958e-17
2.384904728144619845e+00 3.315191333474519781e-17
2.386144405168329818e+00 2.550410413918410142e-17
2.387384082192050005e+00 2.359187597555950005e-17
2.388623759215759979e+00 2.663369867496409969e-17
2.389863436239469952e+00 2.881960781605790027e-17
2.391103113263190139e+00 2.986628576723559846e-17
2.392342790286900112e+00 3.150933447028439709e-17
2.393582467310610085e+00 3.172680356204700130e-17
2.394822144334329828e+00 2.697468072143189997e-17
2.396061821358039801e+00 2.202617527722939930e-17
2.397301498381750218e+00 2.537238555280240088e-17
2.398541175405469961e+00 3.297905574777879732e-17
2.399780852429179934e+00 3.481937379203159976e-17
2.401020529452889907e+00 3.096577423744110133e-17
2.402260206476610094e+00 2.667160505371489927e-17
2.403499883500320067e+00 2.309425239085380117e-17
2.404739560524039810e+00 1.933759013224829961e-17
2.405979237547749783e+00 1.774826680998479855e-17
2.407218914571460200e+00 2.196332443992640131e-17
2.408458591595179943e+00 3.053367162905560143e-17
2.409698268618889916e+00 3.956635156923669830e-17
2.410937945642599889e+00 4.305306674365790170e-17
2.412177622666320076e+00 3.321484192702580043e-17
2.413417299690030049e+00 1.738449262891869982e-17
2.414656976713740022e+00 1.315292860985359986e-17
2.415896653737460209e+00 2.105889508432820061e-17
2.417136330761170182e+00 3.011491309831189942e-17
2.418376007784889925e+00 3.311518982427029975e-17
2.419615684808599898e+00 2.459363636511430059e-17
2.420855361832309871e+00 1.018972942767229954e-17
2.422095038856030058e+00 5.243588892841020183e-18
2.423334715879740031e+00 1.028114612024920071e-17
2.424574392903450004e+00 1.329869189585589988e-17
2.425814069927170191e+00 1.201503083508490060e-17
2.427053746950880164e+00 1.209953560646329942e-17
2.428293423974590137e+00 1.477304207605809909e-17
2.429533100998309880e+00 1.777381180166170121e-17
2.430772778022019853e+00 2.029925046006769901e-17
2.432012455045729826e+00 2.286275762462469852e-17
2.433252132069450013e+00 2.401808574926119992e-17
2.434491809093159986e+00 2.010716588694310054e-17
2.435731486116880173e+00 1.281386893112940055e-17
2.436971163140590146e+00 9.896907490828490769e-18
2.438210840164300119e+00 1.179310903008480018e-17
2.439450517188019862e+00 1.035366339019049954e-17
2.440690194211729835e+00 4.649266240166570222e-18
2.441929871235439808e+00 2.243659169149550017e-18
2.443169548259159995e+00 5.195487926630759969e-18
2.444409225282869969e+00 9.048840567808500686e-18
2.445648902306579942e+00 1.181930666726499948e-17
2.446888579330300129e+00 1.442564772548180007e-17
2.448128256354010102e+00 1.716958614269369861e-17
2.449367933377720075e+00 1.987197693209829909e-17
2.450607610401439818e+00 2.253558287694159948e-17
2.451847287425149791e+00 2.512262829300930010e-17
2.453086964448869978e+00 2.805084269836339822e-17
2.454326641472579951e+00 3.243801014399760114e-17
2.455566318496289924e+00 3.832573946908469917e-17
2.456805995520010111e+00 4.465151386807790271e-17
2.458045672543720084e+00 4.875798915337079910e-17
2.459285349567430057e+00 4.417231159561360260e-17
2.460525026591149800e+00 3.196156072861200076e-17
2.461764703614860217e+00 2.794561208955680295e-17
2.463004380638570190e+00 3.648569604879520271e-17
2.464244057662289933e+00 3.877736684864890074e-17
2.465483734685999906e+00 2.770708132503740128e-17
2.466723411709720093e+00 2.057649162289340040e-17
2.467963088733430066e+00 2.502450978310950047e-17
2.469202765757140039e+00 2.825310159302240201e-17
2.470442442780859782e+00 2.339472905708609863e-17
2.471682119804570199e+00 1.611948697250260128e-17
2.472921796828280172e+00 1.109049354597620074e-17
2.474161473851999915e+00 1.122005732686220063e-17
2.475401150875709888e+00 1.713996315059699889e-17
2.476640827899419861e+00 2.356933199514500141e-17
2.477880504923140048e+00 2.627903175244220055e-17
2.479120181946850021e+00 2.475098596995660006e-17
2.480359858970559994e+00 1.946889512832369897e-17
2.481599535994280181e+00 1.273020953833700011e-17
2.482839213017990154e+00 7.218414776501150571e-18
2.484078890041709897e+00 5.885868995889460110e-18
2.485318567065419870e+00 1.012018173612999983e-17
2.486558244089129843e+00 1.650231443179820022e-17
2.487797921112850030e+00 2.245783286244529945e-17
2.489037598136560003e+00 3.154125702448400039e-17
2.490277275160269976e+00 4.401194112717430262e-17
2.491516952183990163e+00 4.576137187444230254e-17
2.492756629207700136e+00 2.947919501906280260e-17
2.493996306231410109e+00 1.632987043513810090e-17
2.495235983255129852e+00 2.140959981171599848e-17
2.496475660278839825e+00 2.710127244237699992e-17
2.497715337302560012e+00 1.942016922716069963e-17
2.498955014326269986e+00 9.105116973602930289e-18
2.500194691349979959e+00 6.135623774140660061e-18
2.501434368373700146e+00 1.076766976831509981e-17
2.502674045397410119e+00 2.134480509997350088e-17
2.503913722421120092e+00 3.095066991945580293e-17
2.505153399444839835e+00 3.352153402838079977e-17
2.506393076468549808e+00 2.815182821626629740e-17
2.507632753492259781e+00 1.699606681123729885e-17
2.508872430515979968e+00 1.929440799555050123e-17
2.510112107539689941e+00 4.846097506518260240e-17
2.511351784563399914e+00 7.012342248346020594e-17
2.512591461587120101e+00 5.327233065510139785e-17
2.513831138610830074e+00 2.602913718066740056e-17
