8.133999705314599593e-01 1.057480929977590047e-15
8.146341601127009557e-01 1.447728808172790058e-15
8.158683496939409530e-01 1.191356075477910093e-15
8.171025392751819494e-01 1.464090520098429920e-15
8.183367288564219466e-01 1.250242229487499919e-15
8.195709184376620549e-01 7.044892665717819534e-16
8.208051080189030513e-01 8.719824085947939651e-16
8.220392976001430485e-01 1.067110424038449969e-15
8.232734871813840449e-01 8.160246592420969985e-16
8.245076767626240422e-01 8.910923189177980379e-16
8.257418663438650386e-01 9.123688336407609929e-16
8.269760559251050358e-01 1.079686639843689984e-15
8.282102455063460322e-01 1.193263381916889964e-15
8.294444350875860295e-01 1.066565464216010037e-15
8.306786246688270259e-01 1.099766614649540002e-15
8.319128142500670231e-01 1.289172499018019975e-15
8.331470038313080195e-01 1.324034786940230086e-15
8.343811934125480168e-01 1.422560071178079919e-15
8.356153829937890132e-01 1.242292295881930023e-15
8.368495725750290104e-01 1.426503221305779979e-15
8.380837621562700068e-01 1.615539587551020066e-15
8.393179517375100041e-01 1.605907552391319959e-15
8.405521413187510005e-01 1.723657943433000055e-15
8.417863308999909977e-01 1.794991775998079914e-15
8.430205204812319941e-01 1.785243273808130171e-15
8.442547100624719913e-01 1.662458754202690026e-15
8.454888996437129878e-01 1.644017576391540068e-15
8.467230892249529850e-01 1.653810230173869977e-15
8.479572788061939814e-01 1.715740302958540088e-15
8.491914683874339786e-01 1.791530164100889979e-15
8.504256579686749751e-01 1.855987465562810124e-15
8.516598475499149723e-01 1.880849153114149848e-15
8.528940371311559687e-01 1.744636514316759999e-15
8.541282267123959659e-01 1.967017391321849884e-15
8.553624162936369624e-01 1.946495265317539826e-15
8.565966058748779588e-01 1.805141348288560089e-15
8.578307954561179560e-01 1.711069551529139907e-15
8.590649850373589524e-01 1.748661509002999944e-15
8.602991746185989497e-01 1.743792128347470010e-15
8.615333641998399461e-01 1.753048927911540011e-15
8.627675537810800543e-01 1.601150721238659990e-15
8.640017433623200516e-01 1.455421349641519955e-15
8.652359329435610480e-01 1.597892503127930086e-15
8.664701225248010452e-01 1.924306390231259863e-15
8.677043121060420416e-01 1.653361408590940055e-15
8.689385016872820389e-01 1.470613520825229962e-15
8.701726912685230353e-01 1.482450912142229977e-15
8.714068808497630325e-01 1.494530872519499942e-15
8.726410704310040289e-01 1.431500927452819925e-15
8.738752600122440262e-01 1.363641624037369910e-15
8.751094495934850226e-01 1.328924496386489982e-15
8.763436391747250198e-01 1.267395281944109941e-15
8.775778287559660162e-01 1.277533525168919999e-15
8.788120183372060135e-01 1.149874648589380068e-15
8.800462079184470099e-01 1.187042560194019935e-15
8.812803974996870071e-01 1.134116871155129959e-15
8.825145870809280035e-01 1.113414644770409955e-15
8.837487766621680008e-01 1.123008881084840022e-15
8.849829662434089972e-01 1.143106537703460030e-15
8.862171558246489944e-01 1.232426373749669914e-15
8.874513454058899908e-01 1.160618943887949986e-15
8.886855349871299881e-01 1.086622569132280047e-15
8.899197245683709845e-01 1.112444050891980061e-15
8.911539141496109817e-01 1.231246456854139940e-15
8.923881037308519781e-01 1.190338788908260045e-15
8.936222933120919754e-01 1.143100608472830039e-15
8.948564828933329718e-01 1.007747602237790025e-15
8.960906724745729690e-01 1.021226225769209907e-15
8.973248620558139654e-01 9.920180945281610359e-16
8.985590516370549619e-01 1.039644957207259992e-15
8.997932412182949591e-01 1.059025176919550086e-15
9.010274307995359555e-01 1.047942703716799932e-15
9.022616203807759527e-01 1.141732226746539928e-15
9.034958099620169492e-01 1.097358817617850064e-15
9.047299995432569464e-01 1.034135219643609949e-15
9.059641891244970546e-01 1.036338881735010023e-15
9.071983787057380511e-01 1.032925762474039946e-15
9.084325682869780483e-01 1.122808028397219980e-15
9.096667578682190447e-01 1.108597991915849954e-15
9.109009474494590419e-01 1.123214392453669964e-15
9.121351370307000384e-01 1.096646251150970017e-15
9.133693266119400356e-01 1.094712263174150058e-15
9.146035161931810320e-01 1.106991593931380004e-15
9.158377057744210292e-01 1.079849693686039987e-15
9.170718953556620257e-01 1.154907612482850067e-15
9.183060849369020229e-01 1.224460558276329928e-15
9.195402745181430193e-01 1.136065046933819977e-15
9.207744640993830165e-01 1.211685607365839979e-15
9.220086536806240129e-01 1.273639291193919931e-15
9.232428432618640102e-01 1.303313714072429928e-15
9.244770328431050066e-01 1.268238609122220004e-15
9.257112224243450038e-01 1.229746996779260057e-15
9.269454120055860002e-01 1.262504196069309968e-15
9.281796015868259975e-01 1.248131529262060017e-15
9.294137911680669939e-01 1.294211392142119965e-15
9.306479807493069911e-01 1.281955672428300057e-15
9.318821703305479875e-01 1.275410542965739980e-15
9.331163599117879848e-01 1.218509940063630077e-15
9.343505494930289812e-01 1.197518663685659938e-15
9.355847390742689784e-01 1.220164301288740077e-15
9.368189286555099748e-01 1.164953105599930060e-15
9.380531182367499721e-01 1.162707091861159973e-15
9.392873078179909685e-01 1.133278202658229992e-15
9.405214973992319649e-01 1.175882371718349930e-15
9.417556869804719621e-01 1.190037351058150004e-15
9.429898765617119594e-01 1.241346054200729943e-15
9.442240661429529558e-01 1.191562963275279914e-15
9.454582557241939522e-01 1.150002762322649915e-15
9.466924453054339494e-01 1.121115762447730014e-15
9.479266348866749459e-01 1.081551276997949947e-15
9.491608244679150541e-01 1.034025422997819941e-15
9.503950140491550513e-01 1.034548889359219943e-15
9.516292036303960478e-01 1.046554099078889983e-15
9.528633932116360450e-01 1.102149212451049915e-15
9.540975827928770414e-01 1.113532699987429973e-15
9.553317723741170386e-01 1.056407527475180063e-15
9.565659619553580351e-01 9.584543081140909781e-16
9.578001515365980323e-01 9.563233849770359721e-16
9.590343411178390287e-01 9.137965076733579189e-16
9.602685306990790259e-01 9.247978774714149813e-16
9.615027202803200224e-01 9.112134807007059301e-16
9.627369098615600196e-01 8.584975911349460045e-16
9.639710994428010160e-01 9.025347811231379744e-16
9.652052890240410132e-01 9.642755420440959600e-16
9.664394786052820097e-01 9.121772983155629171e-16
9.676736681865220069e-01 8.974611596482039110e-16
9.689078577677630033e-01 8.601335293934499691e-16
9.701420473490030005e-01 8.636003293674430192e-16
9.713762369302439970e-01 8.538425627546329785e-16
9.726104265114839942e-01 8.896325635123240524e-16
9.738446160927249906e-01 8.681802894528060273e-16
9.750788056739649878e-01 8.816339784518419979e-16
9.763129952552059843e-01 8.473887540317059542e-16
9.775471848364469807e-01 8.454955295154749750e-16
9.787813744176869779e-01 8.066005706709449627e-16
9.800155639989269751e-01 9.163573000311440880e-16
9.812497535801679716e-01 8.658147381893619744e-16
9.824839431614089680e-01 7.893045814044859741e-16
9.837181327426489652e-01 8.420059655310239726e-16
9.849523223238889624e-01 8.597652288800719586e-16
9.861865119051299589e-01 8.381304721599800323e-16
9.874207014863709553e-01 8.250806061185469577e-16
9.886548910676109525e-01 8.193977032567410354e-16
9.898890806488519489e-01 8.152223602223689743e-16
9.911232702300919462e-01 8.612878764818799703e-16
9.923574598113320544e-01 8.119032616185529984e-16
9.935916493925730508e-01 7.608588327555220216e-16
9.948258389738130480e-01 8.131448001609909891e-16
9.960600285550540445e-01 8.389849166455230050e-16
9.972942181362940417e-01 7.878610784436870362e-16
9.985284077175350381e-01 7.801483140633449921e-16
9.997625972987750353e-01 7.893348098927910134e-16
1.000996786880020029e+00 8.376923973075720475e-16
1.002230976461260026e+00 8.497132241972089623e-16
1.003465166042500023e+00 8.874364188383299722e-16
1.004699355623740020e+00 8.614698826864210408e-16
1.005933545204980017e+00 8.826648175486509745e-16
1.007167734786220015e+00 8.650914779315250115e-16
1.008401924367460012e+00 7.797412617926299988e-16
1.009636113948700009e+00 7.592539170787120346e-16
1.010870303529940006e+00 7.263481164459809581e-16
1.012104493111180004e+00 7.751145031369309933e-16
1.013338682692420001e+00 7.872191862883459853e-16
1.014572872273659998e+00 7.302053456691000233e-16
1.015807061854899995e+00 7.490408173171939985e-16
1.017041251436139992e+00 7.897817256515859650e-16
1.018275441017379990e+00 7.538825105832579938e-16
1.019509630598619987e+00 7.240395810877989603e-16
1.020743820179859984e+00 7.401944581556289934e-16
1.021978009761099981e+00 7.845598734108820046e-16
1.023212199342339979e+00 7.416750717474290173e-16
1.024446388923589968e+00 6.923044858672920295e-16
1.025680578504829965e+00 7.026708985922629953e-16
1.026914768086069962e+00 6.802725416702220075e-16
1.028148957667309960e+00 6.739534641254680148e-16
1.029383147248549957e+00 7.408456676733900388e-16
1.030617336829789954e+00 6.914739700625089908e-16
1.031851526411029951e+00 6.648578125796150172e-16
1.033085715992269948e+00 6.583009305349189853e-16
1.034319905573509946e+00 6.500821698477110021e-16
1.035554095154749943e+00 6.124931240496100115e-16
1.036788284735989940e+00 6.025792916162679716e-16
1.038022474317229937e+00 5.630726161651440261e-16
1.039256663898469935e+00 6.041792839140730290e-16
1.040490853479709932e+00 6.766984332097229880e-16
1.041725043060949929e+00 7.195170074846120366e-16
1.042959232642189926e+00 6.978838389512970010e-16
1.044193422223429923e+00 6.808946344304209891e-16
1.045427611804669921e+00 6.444636414898950261e-16
1.046661801385909918e+00 6.029787205904579720e-16
1.047895990967159907e+00 6.025185170023029686e-16
1.049130180548399904e+00 6.547925730069509753e-16
1.050364370129639902e+00 6.832594974795959895e-16
1.051598559710879899e+00 6.499354213895989974e-16
1.052832749292119896e+00 6.303335437429169975e-16
1.054066938873359893e+00 6.096755748296869882e-16
1.055301128454599890e+00 6.245704374489170461e-16
1.056535318035840110e+00 6.508103534845529932e-16
1.057769507617080107e+00 6.813314387334079939e-16
1.059003697198320104e+00 6.735060719106400354e-16
1.060237886779560101e+00 6.385991030004619640e-16
1.061472076360800099e+00 6.621687476698780390e-16
1.062706265942040096e+00 6.818487111663850447e-16
1.063940455523280093e+00 7.100022863881049740e-16
1.065174645104520090e+00 6.369212895506280163e-16
1.066408834685760088e+00 6.590528840338439904e-16
1.067643024267000085e+00 6.769466668028279972e-16
1.068877213848240082e+00 6.849652630166880471e-16
1.070111403429480079e+00 7.029611132558160000e-16
1.071345593010720076e+00 7.184150176202339947e-16
1.072579782591960074e+00 7.101393469068819688e-16
1.073813972173210063e+00 7.258337027492019752e-16
1.075048161754450060e+00 7.428499064452710277e-16
1.076282351335690057e+00 7.406102983931720459e-16
1.077516540916930055e+00 7.649478313688329531e-16
1.078750730498170052e+00 7.608454919866029636e-16
1.079984920079410049e+00 7.833503633017619685e-16
1.081219109660650046e+00 7.906283350823670326e-16
1.082453299241890043e+00 7.924459619080559599e-16
1.083687488823130041e+00 8.148062552870300034e-16
1.084921678404370038e+00 8.353096936269459964e-16
1.086155867985610035e+00 8.590972375220430430e-16
1.087390057566850032e+00 8.495811929365559941e-16
1.088624247148090030e+00 8.326900854188839694e-16
1.089858436729330027e+00 8.416584173248530022e-16
1.091092626310570024e+00 8.681024153612180322e-16
1.092326815891810021e+00 9.218101805082120532e-16
1.093561005473050018e+00 9.650785292780930367e-16
1.094795195054290016e+00 9.275571931762140742e-16
1.096029384635530013e+00 8.775829375024799984e-16
1.097263574216770010e+00 8.649604525224970064e-16
1.098497763798019999e+00 8.475441316379680135e-16
1.099731953379259997e+00 8.422607636294700054e-16
1.100966142960499994e+00 8.453162761680119879e-16
1.102200332541739991e+00 8.311404915814420220e-16
1.103434522122979988e+00 8.321974298809369898e-16
1.104668711704219985e+00 8.282418389568190050e-16
1.105902901285459983e+00 8.333623648812079655e-16
1.107137090866699980e+00 8.402499603522470067e-16
1.108371280447939977e+00 8.387217011571640270e-16
1.109605470029179974e+00 8.541377537367510035e-16
1.110839659610419972e+00 8.502564370141949858e-16
1.112073849191659969e+00 8.723681262231499908e-16
1.113308038772899966e+00 8.675976896037729746e-16
1.114542228354139963e+00 8.575469025307719522e-16
1.115776417935379961e+00 9.004341394139480984e-16
1.117010607516619958e+00 8.523381793007500391e-16
1.118244797097859955e+00 8.214036360945170260e-16
1.119478986679099952e+00 8.279696766829539632e-16
1.120713176260339949e+00 8.300074791353700024e-16
1.121947365841589939e+00 7.991009938955149853e-16
1.123181555422829936e+00 7.422826590684069593e-16
1.124415745004069933e+00 7.999170572006350045e-16
1.125649934585309930e+00 8.034981536829489705e-16
1.126884124166549928e+00 7.524594422923119603e-16
1.128118313747789925e+00 7.748548345990379525e-16
1.129352503329029922e+00 7.629222579545929964e-16
1.130586692910269919e+00 7.492378583565490302e-16
1.131820882491509916e+00 7.982152091909239979e-16
1.133055072072749914e+00 8.260733816722889900e-16
1.134289261653989911e+00 7.817963754809049561e-16
1.135523451235229908e+00 7.366351198321480166e-16
1.136757640816469905e+00 7.540133242340499743e-16
1.137991830397709903e+00 7.719106539535010029e-16
1.139226019978949900e+00 7.686879582869940127e-16
1.140460209560189897e+00 7.696521994183250212e-16
1.141694399141429894e+00 7.761415835250360359e-16
1.142928588722669891e+00 8.045486333562220118e-16
1.144162778303910111e+00 8.055570260799279605e-16
1.145396967885150108e+00 7.750523520944260118e-16
1.146631157466390105e+00 7.802691221374470380e-16
1.147865347047640094e+00 7.780469312003249867e-16
1.149099536628880092e+00 7.698153591397889934e-16
1.150333726210120089e+00 7.894966461252759853e-16
1.151567915791360086e+00 7.942732766730799957e-16
1.152802105372600083e+00 7.826443613402250161e-16
1.154036294953840081e+00 8.036506725530140466e-16
1.155270484535080078e+00 8.180095750748690446e-16
1.156504674116320075e+00 8.006303118817820329e-16
1.157738863697560072e+00 8.075104428749739872e-16
1.158973053278800069e+00 8.149075816033459893e-16
1.160207242860040067e+00 8.263909131483910444e-16
1.161441432441280064e+00 8.384100459721329576e-16
1.162675622022520061e+00 8.498103153487879865e-16
1.163909811603760058e+00 8.562994347577029842e-16
1.165144001185000056e+00 8.483654359594499575e-16
1.166378190766240053e+00 8.769216165289119922e-16
1.167612380347480050e+00 8.967974034549109710e-16
1.168846569928720047e+00 8.723204806198670350e-16
1.170080759509960044e+00 8.370450523776330470e-16
1.171314949091200042e+00 8.156816638380180130e-16
1.172549138672450031e+00 8.236119568671269994e-16
1.173783328253690028e+00 8.551348173947880176e-16
1.175017517834930025e+00 8.446961421715030388e-16
1.176251707416170023e+00 8.086093093053590290e-16
1.177485896997410020e+00 8.107767607382639823e-16
1.178720086578650017e+00 8.103070280294519736e-16
1.179954276159890014e+00 7.905848187647020401e-16
1.181188465741130011e+00 7.916252928612850483e-16
1.182422655322370009e+00 8.043380397897110099e-16
1.183656844903610006e+00 8.070424042320569801e-16
1.184891034484850003e+00 7.868407213796010218e-16
1.186125224066090000e+00 7.596541401462899874e-16
1.187359413647329998e+00 7.676166204273950315e-16
1.188593603228569995e+00 7.780204084811639878e-16
1.189827792809809992e+00 7.690663173166209638e-16
1.191061982391049989e+00 7.501049553967410223e-16
1.192296171972289986e+00 7.361765044307690163e-16
1.193530361553529984e+00 7.552849853856749919e-16
1.194764551134769981e+00 7.798548700866799887e-16
1.195998740716019970e+00 7.535768905079769988e-16
1.197232930297259967e+00 7.366814419464509861e-16
1.198467119878499965e+00 7.585590853641679844e-16
1.199701309459739962e+00 7.624510958776829891e-16
1.200935499040979959e+00 7.216793767198339572e-16
1.202169688622219956e+00 7.022229769818429820e-16
1.203403878203459954e+00 7.389636663437089958e-16
1.204638067784699951e+00 7.248973078260119518e-16
1.205872257365939948e+00 6.881602183541719660e-16
1.207106446947179945e+00 6.978640395561540443e-16
1.208340636528419942e+00 7.245084667636630245e-16
1.209574826109659940e+00 7.106774245866249673e-16
1.210809015690899937e+00 6.967238273300320395e-16
1.212043205272139934e+00 6.820400347333460112e-16
1.213277394853379931e+00 6.548942699001809905e-16
1.214511584434619929e+00 6.709781550191189767e-16
1.215745774015859926e+00 7.029357552069579688e-16
1.216979963597099923e+00 6.820605752823170266e-16
1.218214153178339920e+00 6.527099307478889713e-16
1.219448342759579917e+00 6.674996554025409905e-16
1.220682532340829907e+00 6.738785546491950154e-16
1.221916721922069904e+00 6.541293991488099629e-16
1.223150911503309901e+00 6.418611856990149973e-16
1.224385101084549898e+00 6.422149278336129620e-16
1.225619290665789896e+00 6.583871690768610179e-16
1.226853480247029893e+00 7.057028000874009544e-16
1.228087669828269890e+00 7.138869383028900166e-16
1.229321859409510109e+00 6.883252838997690353e-16
1.230556048990750106e+00 6.816554288357329610e-16
1.231790238571990104e+00 6.764420998640599582e-16
1.233024428153230101e+00 6.664277881473499754e-16
1.234258617734470098e+00 6.669923356066949666e-16
1.235492807315710095e+00 6.685388589497040047e-16
1.236726996896950093e+00 6.658593231606240317e-16
1.237961186478190090e+00 6.364510803857839659e-16
1.239195376059430087e+00 6.634729137108540390e-16
1.240429565640670084e+00 6.672661390068950178e-16
1.241663755221910082e+00 6.718784981024909959e-16
1.242897944803150079e+00 6.728313042890339729e-16
1.244132134384390076e+00 6.566921502702869533e-16
1.245366323965630073e+00 6.589368934596289602e-16
1.246600513546880062e+00 6.519185902169170356e-16
1.247834703128120060e+00 6.452153302910240143e-16
1.249068892709360057e+00 6.495448862613549699e-16
1.250303082290600054e+00 6.536017505622300330e-16
1.251537271871840051e+00 6.497913199094469651e-16
1.252771461453080049e+00 6.407245204233590283e-16
1.254005651034320046e+00 6.308668568623319863e-16
1.255239840615560043e+00 6.363710357722680401e-16
1.256474030196800040e+00 6.377606462617980218e-16
1.257708219778040037e+00 6.266954842949009685e-16
1.258942409359280035e+00 6.019510578672019879e-16
1.260176598940520032e+00 6.002630800220019748e-16
1.261410788521760029e+00 6.272736372209610347e-16
1.262644978103000026e+00 6.068018567374499530e-16
1.263879167684240024e+00 5.699893813333040387e-16
1.265113357265480021e+00 5.846101229149790222e-16
1.266347546846720018e+00 6.171126299856990395e-16
1.267581736427960015e+00 6.480085273137139695e-16
1.268815926009200012e+00 6.300428526233309650e-16
1.270050115590450002e+00 5.911130595488460071e-16
1.271284305171689999e+00 6.118480025811580467e-16
1.272518494752929996e+00 5.823307572539179959e-16
1.273752684334169993e+00 5.729639492858240321e-16
1.274986873915409991e+00 5.902204985806769853e-16
1.276221063496649988e+00 5.788415638463810228e-16
1.277455253077889985e+00 5.796210459160919899e-16
1.278689442659129982e+00 5.654377439121150435e-16
1.279923632240369979e+00 5.821111110227830165e-16
1.281157821821609977e+00 6.037764138685350052e-16
1.282392011402849974e+00 5.755135713966189753e-16
1.283626200984089971e+00 5.518536118392010231e-16
1.284860390565329968e+00 5.421508494284030127e-16
1.286094580146569966e+00 5.193398815819309711e-16
1.287328769727809963e+00 5.042843474005180215e-16
1.288562959309049960e+00 5.116392403606460111e-16
1.289797148890289957e+00 4.899926781188520238e-16
1.291031338471529955e+00 4.824316385151860188e-16
1.292265528052769952e+00 4.731236463973680116e-16
1.293499717634009949e+00 4.669792164584260150e-16
1.294733907215259938e+00 4.891674562699890287e-16
1.295968096796499935e+00 4.965798945309710088e-16
1.297202286377739933e+00 4.741651263455759828e-16
1.298436475958979930e+00 4.583393745173140405e-16
1.299670665540219927e+00 4.723969980077420315e-16
1.300904855121459924e+00 4.727029357203790357e-16
1.302139044702699922e+00 4.619760045972319723e-16
1.303373234283939919e+00 4.751351908284189703e-16
1.304607423865179916e+00 4.802418995278560423e-16
1.305841613446419913e+00 4.726126737719369535e-16
1.307075803027659910e+00 4.703606249234239909e-16
1.308309992608899908e+00 0.000000000000000000e+00
1.309544182190139905e+00 0.000000000000000000e+00
1.310778371771379902e+00 0.000000000000000000e+00
1.312012561352619899e+00 0.000000000000000000e+00
1.313246750933859897e+00 0.000000000000000000e+00
1.314480940515099894e+00 0.000000000000000000e+00
1.315715130096339891e+00 0.000000000000000000e+00
1.316949319677580110e+00 0.000000000000000000e+00
1.318183509258820107e+00 0.000000000000000000e+00
1.319417698840060105e+00 0.000000000000000000e+00
1.320651888421310094e+00 0.000000000000000000e+00
1.321886078002550091e+00 0.000000000000000000e+00
1.323120267583790088e+00 0.000000000000000000e+00
1.324354457165030086e+00 0.000000000000000000e+00
1.325588646746270083e+00 0.000000000000000000e+00
1.326822836327510080e+00 0.000000000000000000e+00
1.328057025908750077e+00 0.000000000000000000e+00
1.329291215489990075e+00 0.000000000000000000e+00
1.330525405071230072e+00 0.000000000000000000e+00
1.331759594652470069e+00 0.000000000000000000e+00
1.332993784233710066e+00 0.000000000000000000e+00
1.334227973814950063e+00 0.000000000000000000e+00
1.335462163396190061e+00 0.000000000000000000e+00
1.336696352977430058e+00 0.000000000000000000e+00
1.337930542558670055e+00 0.000000000000000000e+00
1.339164732139910052e+00 0.000000000000000000e+00
1.340398921721150050e+00 0.000000000000000000e+00
1.341633111302390047e+00 0.000000000000000000e+00
1.342867300883630044e+00 0.000000000000000000e+00
1.344101490464880033e+00 0.000000000000000000e+00
1.345335680046120030e+00 0.000000000000000000e+00
1.346569869627360028e+00 0.000000000000000000e+00
1.347804059208600025e+00 0.000000000000000000e+00
1.349038248789840022e+00 0.000000000000000000e+00
1.350272438371080019e+00 0.000000000000000000e+00
1.351506627952320017e+00 0.000000000000000000e+00
1.352740817533560014e+00 0.000000000000000000e+00
1.353975007114800011e+00 0.000000000000000000e+00
1.355209196696040008e+00 0.000000000000000000e+00
1.356443386277280005e+00 0.000000000000000000e+00
1.357677575858520003e+00 0.000000000000000000e+00
1.358911765439760000e+00 0.000000000000000000e+00
1.360145955020999997e+00 0.000000000000000000e+00
1.361380144602239994e+00 0.000000000000000000e+00
1.362614334183479992e+00 0.000000000000000000e+00
1.363848523764719989e+00 0.000000000000000000e+00
1.365082713345959986e+00 0.000000000000000000e+00
1.366316902927199983e+00 0.000000000000000000e+00
1.367551092508439980e+00 0.000000000000000000e+00
1.368785282089679978e+00 0.000000000000000000e+00
1.370019471670929967e+00 0.000000000000000000e+00
1.371253661252169964e+00 0.000000000000000000e+00
1.372487850833409961e+00 0.000000000000000000e+00
1.373722040414649959e+00 0.000000000000000000e+00
1.374956229995889956e+00 0.000000000000000000e+00
1.376190419577129953e+00 0.000000000000000000e+00
1.377424609158369950e+00 0.000000000000000000e+00
1.378658798739609948e+00 0.000000000000000000e+00
1.379892988320849945e+00 0.000000000000000000e+00
1.381127177902089942e+00 0.000000000000000000e+00
1.382361367483329939e+00 0.000000000000000000e+00
1.383595557064569936e+00 0.000000000000000000e+00
1.384829746645809934e+00 0.000000000000000000e+00
1.386063936227049931e+00 0.000000000000000000e+00
1.387298125808289928e+00 0.000000000000000000e+00
1.388532315389529925e+00 0.000000000000000000e+00
1.389766504970769923e+00 0.000000000000000000e+00
1.391000694552009920e+00 0.000000000000000000e+00
1.392234884133249917e+00 0.000000000000000000e+00
1.393469073714499906e+00 0.000000000000000000e+00
1.394703263295739903e+00 0.000000000000000000e+00
1.395937452876979901e+00 0.000000000000000000e+00
1.397171642458219898e+00 0.000000000000000000e+00
1.398405832039459895e+00 0.000000000000000000e+00
1.399640021620699892e+00 0.000000000000000000e+00
1.400874211201939890e+00 0.000000000000000000e+00
1.402108400783180109e+00 0.000000000000000000e+00
1.403342590364420106e+00 0.000000000000000000e+00
1.404576779945660103e+00 0.000000000000000000e+00
1.405810969526900100e+00 0.000000000000000000e+00
1.407045159108140098e+00 0.000000000000000000e+00
1.408279348689380095e+00 0.000000000000000000e+00
1.409513538270620092e+00 0.000000000000000000e+00
1.410747727851860089e+00 0.000000000000000000e+00
1.411981917433100087e+00 0.000000000000000000e+00
1.413216107014340084e+00 0.000000000000000000e+00
1.414450296595580081e+00 0.000000000000000000e+00
1.415684486176820078e+00 0.000000000000000000e+00
1.416918675758060076e+00 0.000000000000000000e+00
1.418152865339300073e+00 0.000000000000000000e+00
1.419387054920550062e+00 0.000000000000000000e+00
1.420621244501790059e+00 0.000000000000000000e+00
1.421855434083030056e+00 0.000000000000000000e+00
1.423089623664270054e+00 0.000000000000000000e+00
1.424323813245510051e+00 0.000000000000000000e+00
1.425558002826750048e+00 0.000000000000000000e+00
1.426792192407990045e+00 0.000000000000000000e+00
1.428026381989230043e+00 0.000000000000000000e+00
1.429260571570470040e+00 0.000000000000000000e+00
1.430494761151710037e+00 0.000000000000000000e+00
1.431728950732950034e+00 0.000000000000000000e+00
1.432963140314190031e+00 0.000000000000000000e+00
1.434197329895430029e+00 0.000000000000000000e+00
1.435431519476670026e+00 0.000000000000000000e+00
1.436665709057910023e+00 0.000000000000000000e+00
1.437899898639150020e+00 0.000000000000000000e+00
1.439134088220390018e+00 0.000000000000000000e+00
1.440368277801630015e+00 0.000000000000000000e+00
1.441602467382870012e+00 0.000000000000000000e+00
1.442836656964110009e+00 0.000000000000000000e+00
1.444070846545359998e+00 0.000000000000000000e+00
1.445305036126599996e+00 0.000000000000000000e+00
1.446539225707839993e+00 0.000000000000000000e+00
1.447773415289079990e+00 0.000000000000000000e+00
1.449007604870319987e+00 0.000000000000000000e+00
1.450241794451559985e+00 0.000000000000000000e+00
1.451475984032799982e+00 0.000000000000000000e+00
1.452710173614039979e+00 0.000000000000000000e+00
1.453944363195279976e+00 0.000000000000000000e+00
1.455178552776519973e+00 0.000000000000000000e+00
1.456412742357759971e+00 0.000000000000000000e+00
1.457646931938999968e+00 0.000000000000000000e+00
1.458881121520239965e+00 0.000000000000000000e+00
1.460115311101479962e+00 0.000000000000000000e+00
1.461349500682719960e+00 0.000000000000000000e+00
1.462583690263959957e+00 0.000000000000000000e+00
1.463817879845199954e+00 0.000000000000000000e+00
1.465052069426439951e+00 2.521238566127749816e-16
1.466286259007679948e+00 2.522863016501900038e-16
1.467520448588929938e+00 2.532197848976239885e-16
1.468754638170169935e+00 2.547824548061900123e-16
1.469988827751409932e+00 2.564941495739129980e-16
1.471223017332649929e+00 2.578344203942650223e-16
1.472457206913889927e+00 2.583680776208149811e-16
1.473691396495129924e+00 2.579021036207070049e-16
1.474925586076369921e+00 2.561500424390909878e-16
1.476159775657609918e+00 2.552599431604250224e-16
1.477393965238849916e+00 2.592483301414700027e-16
1.478628154820089913e+00 2.635145703989930090e-16
1.479862344401329910e+00 2.574940190285870031e-16
1.481096533982569907e+00 2.483864031423539892e-16
1.482330723563809904e+00 2.555853626308479881e-16
1.483564913145049902e+00 2.734694309907180243e-16
1.484799102726289899e+00 2.783634020714960119e-16
1.486033292307529896e+00 2.684642074262740061e-16
1.487267481888769893e+00 2.590201341715229850e-16
1.488501671470009891e+00 2.539698855119770227e-16
1.489735861051250110e+00 2.478390610397500024e-16
1.490970050632490107e+00 2.420210564228559839e-16
1.492204240213730104e+00 2.441677820183339918e-16
1.493438429794980093e+00 2.519189275790980034e-16
1.494672619376220091e+00 2.523328884622889903e-16
1.495906808957460088e+00 2.442192392698790003e-16
1.497140998538700085e+00 2.397267882758790049e-16
1.498375188119940082e+00 2.436192223058679818e-16
1.499609377701180080e+00 2.525099712878249834e-16
1.500843567282420077e+00 2.602295119317450126e-16
1.502077756863660074e+00 2.553858599019899987e-16
1.503311946444900071e+00 2.368577818044110224e-16
1.504546136026140069e+00 2.196107483953250025e-16
1.505780325607380066e+00 2.128134281076170062e-16
1.507014515188620063e+00 2.161808075894269948e-16
1.508248704769860060e+00 2.260968370144749896e-16
1.509482894351100057e+00 2.317980304939870156e-16
1.510717083932340055e+00 2.285560118883709838e-16
1.511951273513580052e+00 2.257722116374399762e-16
1.513185463094820049e+00 2.283631001346340142e-16
1.514419652676060046e+00 2.299451459218679871e-16
1.515653842257300044e+00 2.275174965554780082e-16
1.516888031838540041e+00 2.266039979916439949e-16
1.518122221419790030e+00 2.300965795309689992e-16
1.519356411001030027e+00 2.336001195590499934e-16
1.520590600582270024e+00 2.339800932452320070e-16
1.521824790163510022e+00 2.330763355602920098e-16
1.523058979744750019e+00 2.317201034628400144e-16
1.524293169325990016e+00 2.255072756134069865e-16
1.525527358907230013e+00 2.128743747751500118e-16
1.526761548488470011e+00 2.036973948314700117e-16
1.527995738069710008e+00 2.052943166348410011e-16
1.529229927650950005e+00 2.112687047096210067e-16
1.530464117232190002e+00 2.151686296872369927e-16
1.531698306813429999e+00 2.166611017402989960e-16
1.532932496394669997e+00 2.161031187862959898e-16
1.534166685975909994e+00 2.151706810951560010e-16
1.535400875557149991e+00 2.155889565524219905e-16
1.536635065138389988e+00 2.160891956822250042e-16
1.537869254719629986e+00 2.153523034878929949e-16
1.539103444300869983e+00 2.160543614522689986e-16
1.540337633882109980e+00 2.205515240670379974e-16
1.541571823463359969e+00 2.235231803438020014e-16
1.542806013044599966e+00 2.194748260770699931e-16
1.544040202625839964e+00 2.126975698823009952e-16
1.545274392207079961e+00 2.088936640301899921e-16
1.546508581788319958e+00 2.087340644940809937e-16
1.547742771369559955e+00 2.116060620506450033e-16
1.548976960950799953e+00 2.136822589183730081e-16
1.550211150532039950e+00 2.106016397938789887e-16
1.551445340113279947e+00 2.051167573532729910e-16
1.552679529694519944e+00 2.019244357588589972e-16
1.553913719275759941e+00 2.005302724672370059e-16
1.555147908856999939e+00 1.987588089371740050e-16
1.556382098438239936e+00 1.984848731880759946e-16
1.557616288019479933e+00 2.027219569833680031e-16
1.558850477600719930e+00 2.059103081108419888e-16
1.560084667181959928e+00 1.998018770721580041e-16
1.561318856763199925e+00 1.874891414530730090e-16
1.562553046344439922e+00 1.765986138570980030e-16
1.563787235925679919e+00 1.721407456301479944e-16
1.565021425506919917e+00 1.779193102754349916e-16
1.566255615088169906e+00 1.890409984566720109e-16
1.567489804669409903e+00 1.957907790202149898e-16
1.568723994250649900e+00 1.965660126903000078e-16
1.569958183831889897e+00 1.945576181630210101e-16
1.571192373413129895e+00 1.912221612354109883e-16
1.572426562994369892e+00 1.872308096390509878e-16
1.573660752575609889e+00 1.840431334909569932e-16
1.574894942156850108e+00 1.833932077575069999e-16
1.576129131738090106e+00 1.846785008456260039e-16
1.577363321319330103e+00 1.856522975673930032e-16
1.578597510900570100e+00 1.849321739784389893e-16
1.579831700481810097e+00 1.816154444198980063e-16
1.581065890063050094e+00 1.776136902001539965e-16
1.582300079644290092e+00 1.777508963027189979e-16
1.583534269225530089e+00 1.816630767882909886e-16
1.584768458806770086e+00 1.835123614703839891e-16
1.586002648388010083e+00 1.822561719049359908e-16
1.587236837969250081e+00 1.820651130357709920e-16
1.588471027550490078e+00 1.841226487088810084e-16
1.589705217131730075e+00 1.865824059179279935e-16
1.590939406712970072e+00 1.871881006496630089e-16
1.592173596294220062e+00 1.824581495581870101e-16
1.593407785875460059e+00 1.733776916658249921e-16
1.594641975456700056e+00 1.674558725733329951e-16
1.595876165037940053e+00 1.686744750517470029e-16
1.597110354619180050e+00 1.762323779865289989e-16
1.598344544200420048e+00 1.854988125503730076e-16
1.599578733781660045e+00 1.837067555317789990e-16
1.600812923362900042e+00 1.685433437635999993e-16
1.602047112944140039e+00 1.594582404249180068e-16
1.603281302525380037e+00 1.656686727592959964e-16
1.604515492106620034e+00 1.732727522245939908e-16
1.605749681687860031e+00 1.737059566375549923e-16
1.606983871269100028e+00 1.715693027932170077e-16
1.608218060850340025e+00 1.701374597703320009e-16
1.609452250431580023e+00 1.698487671191059952e-16
1.610686440012820020e+00 1.706582659188860015e-16
1.611920629594060017e+00 1.697157035370490045e-16
1.613154819175300014e+00 1.657953968291389970e-16
1.614389008756540012e+00 1.638750937283749889e-16
1.615623198337790001e+00 1.672643637179149893e-16
1.616857387919029998e+00 1.723085507979330011e-16
1.618091577500269995e+00 1.757243567415239984e-16
1.619325767081509992e+00 1.778523284981529962e-16
1.620559956662749990e+00 1.790983139635639980e-16
1.621794146243989987e+00 1.790176473102279993e-16
1.623028335825229984e+00 1.775184916378160006e-16
1.624262525406469981e+00 1.756525971690230093e-16
1.625496714987709979e+00 1.744431267645729920e-16
1.626730904568949976e+00 1.740478006062219942e-16
1.627965094150189973e+00 1.744120380084309962e-16
1.629199283731429970e+00 1.750575035840180050e-16
1.630433473312669967e+00 1.755036649540949985e-16
1.631667662893909965e+00 1.761246856882199881e-16
1.632901852475149962e+00 1.774160668256479987e-16
1.634136042056389959e+00 1.789840968645829964e-16
1.635370231637629956e+00 1.803515521485859881e-16
1.636604421218869954e+00 1.835304270949619994e-16
1.637838610800109951e+00 1.905425893488069959e-16
1.639072800381349948e+00 1.970488479400139937e-16
1.640306989962599937e+00 1.977703082528379919e-16
1.641541179543839934e+00 1.956251046696879936e-16
1.642775369125079932e+00 1.953816224020220067e-16
1.644009558706319929e+00 1.966332194607080013e-16
1.645243748287559926e+00 1.977321123608729898e-16
1.646477937868799923e+00 1.960242821809709891e-16
1.647712127450039921e+00 1.885966370316080067e-16
1.648946317031279918e+00 1.805382699738959881e-16
1.650180506612519915e+00 1.797630495387020036e-16
1.651414696193759912e+00 1.837337547069730010e-16
1.652648885774999910e+00 1.855648943551489890e-16
1.653883075356239907e+00 1.868412274228729912e-16
1.655117264937479904e+00 1.927155994354289958e-16
1.656351454518719901e+00 2.001776950029429951e-16
1.657585644099959898e+00 2.024501785213079994e-16
1.658819833681199896e+00 2.005163096584979983e-16
1.660054023262439893e+00 1.996561344656710117e-16
1.661288212843679890e+00 1.995757722147999888e-16
1.662522402424920109e+00 1.963914577287160014e-16
1.663756592006160107e+00 1.931359527703930037e-16
1.664990781587400104e+00 1.978014234787600085e-16
1.666224971168650093e+00 2.052022944460550117e-16
1.667459160749890090e+00 2.002740450006929992e-16
1.668693350331130087e+00 1.860557896527520121e-16
1.669927539912370085e+00 1.800616948270580008e-16
1.671161729493610082e+00 1.845881991925150122e-16
1.672395919074850079e+00 1.889405456430839903e-16
1.673630108656090076e+00 1.905386718214259941e-16
1.674864298237330074e+00 1.937547897477010012e-16
1.676098487818570071e+00 1.998428655258710098e-16
1.677332677399810068e+00 2.076893419978720118e-16
1.678566866981050065e+00 2.151138901830210040e-16
1.679801056562290063e+00 2.182720525268590080e-16
1.681035246143530060e+00 2.162299090305879947e-16
1.682269435724770057e+00 2.120255815875520014e-16
1.683503625306010054e+00 2.072342470771799880e-16
1.684737814887250051e+00 2.009728074775080000e-16
1.685972004468490049e+00 1.944907819695269966e-16
1.687206194049730046e+00 1.923808890723649964e-16
1.688440383630970043e+00 1.952832871708009879e-16
1.689674573212220032e+00 1.972836481199709938e-16
1.690908762793460030e+00 1.953260888044170057e-16
1.692142952374700027e+00 1.915620464403869963e-16
1.693377141955940024e+00 1.881856672335129976e-16
1.694611331537180021e+00 1.880744279847360036e-16
1.695845521118420018e+00 1.914994851162979912e-16
1.697079710699660016e+00 1.919859334909280032e-16
1.698313900280900013e+00 1.865299163449769904e-16
1.699548089862140010e+00 1.814710650070600083e-16
1.700782279443380007e+00 1.809223861805869986e-16
1.702016469024620005e+00 1.821169673340110120e-16
1.703250658605860002e+00 1.828709457710759907e-16
1.704484848187099999e+00 1.834243494532080019e-16
1.705719037768339996e+00 1.837680860111160074e-16
1.706953227349579993e+00 1.833871064733090060e-16
1.708187416930819991e+00 1.818984593033990042e-16
1.709421606512059988e+00 1.786373295169109910e-16
1.710655796093299985e+00 1.736651270025199911e-16
1.711889985674539982e+00 1.702819582971780093e-16
1.713124175255779980e+00 1.709408175812439944e-16
1.714358364837019977e+00 1.719250698659529984e-16
1.715592554418269966e+00 1.701983534983060004e-16
1.716826743999509963e+00 1.711897261537280087e-16
1.718060933580749960e+00 1.793331406133009943e-16
1.719295123161989958e+00 1.887289462249480007e-16
1.720529312743229955e+00 1.929714166203890037e-16
1.721763502324469952e+00 1.900291285640930085e-16
1.722997691905709949e+00 1.796290727492479901e-16
1.724231881486949947e+00 1.688294159066449933e-16
1.725466071068189944e+00 1.651569854498159884e-16
1.726700260649429941e+00 1.659928613849680009e-16
1.727934450230669938e+00 1.668743182805940122e-16
1.729168639811909935e+00 1.675687661833349965e-16
1.730402829393149933e+00 1.685359322253110065e-16
1.731637018974389930e+00 1.713939140335759915e-16
1.732871208555629927e+00 1.777773660823209906e-16
1.734105398136869924e+00 1.855512624186539918e-16
1.735339587718109922e+00 1.915765518796080112e-16
1.736573777299349919e+00 1.932503022182729998e-16
1.737807966880589916e+00 1.886082307950739937e-16
1.739042156461839905e+00 1.793022239107259905e-16
1.740276346043079903e+00 1.684003804839709879e-16
1.741510535624319900e+00 1.598209161101299910e-16
1.742744725205559897e+00 1.575564529349849912e-16
1.743978914786799894e+00 1.594977730407529932e-16
1.745213104368039891e+00 1.608025875913280021e-16
1.746447293949280111e+00 1.602160702149139970e-16
1.747681483530520108e+00 1.580602787199229994e-16
1.748915673111760105e+00 1.558243102625190044e-16
1.750149862693000102e+00 1.558703544441360082e-16
1.751384052274240100e+00 1.571901244201870113e-16
1.752618241855480097e+00 1.567999995735270073e-16
1.753852431436720094e+00 1.548183262887559966e-16
1.755086621017960091e+00 1.531202634575280080e-16
1.756320810599200088e+00 1.528360971386139911e-16
1.757555000180440086e+00 1.548318788159130021e-16
1.758789189761680083e+00 1.574220526290570055e-16
1.760023379342920080e+00 1.567931174308310099e-16
1.761257568924160077e+00 1.530848998319799931e-16
1.762491758505400075e+00 1.499623790463759945e-16
1.763725948086650064e+00 1.479188194168970053e-16
1.764960137667890061e+00 1.442983623723149954e-16
1.766194327249130058e+00 1.405093722410099923e-16
1.767428516830370056e+00 1.421716743999970004e-16
1.768662706411610053e+00 1.486178862961770065e-16
1.769896895992850050e+00 1.521613824565670087e-16
1.771131085574090047e+00 1.507345422220269938e-16
1.772365275155330044e+00 1.491521920323270097e-16
1.773599464736570042e+00 1.490488143080930016e-16
1.774833654317810039e+00 1.479770396971300008e-16
1.776067843899050036e+00 1.455495756191979980e-16
1.777302033480290033e+00 1.440469391707689925e-16
1.778536223061530031e+00 1.443446315470590081e-16
1.779770412642770028e+00 1.451125860277529925e-16
1.781004602224010025e+00 1.458818772323170105e-16
1.782238791805250022e+00 1.482575664213490063e-16
1.783472981386490019e+00 1.513720271590650031e-16
1.784707170967730017e+00 1.485073352616709879e-16
1.785941360548970014e+00 1.391631457202469946e-16
1.787175550130210011e+00 1.374426894554759951e-16
1.788409739711450008e+00 1.487837194653820073e-16
1.789643929292699998e+00 1.566889720829880102e-16
1.790878118873939995e+00 1.519472287046990116e-16
1.792112308455179992e+00 1.460098718515809911e-16
1.793346498036419989e+00 1.467321262577929909e-16
1.794580687617659986e+00 1.503924600253450064e-16
1.795814877198899984e+00 1.535084957149459977e-16
1.797049066780139981e+00 1.537804462305740040e-16
1.798283256361379978e+00 1.498576381284920060e-16
1.799517445942619975e+00 1.438155403574910076e-16
1.800751635523859973e+00 1.383096409118800054e-16
1.801985825105099970e+00 1.376670605422700006e-16
1.803220014686339967e+00 1.440732368968030072e-16
1.804454204267579964e+00 1.484978458456840014e-16
1.805688393848819961e+00 1.438269753022780039e-16
1.806922583430059959e+00 1.409081130009300035e-16
1.808156773011299956e+00 1.489682800036550114e-16
1.809390962592539953e+00 1.535511252949949989e-16
1.810625152173779950e+00 1.418358787759690109e-16
1.811859341755019948e+00 1.308672653301689991e-16
1.813093531336269937e+00 1.381300037526129908e-16
1.814327720917509934e+00 1.541212049382760051e-16
1.815561910498749931e+00 1.659340455346930058e-16
1.816796100079989928e+00 1.740451006887020048e-16
1.818030289661229926e+00 1.808029280652439982e-16
1.819264479242469923e+00 1.768284112487100113e-16
1.820498668823709920e+00 1.532596268471309915e-16
1.821732858404949917e+00 1.313359260129069913e-16
1.822967047986189915e+00 1.365026681724810076e-16
1.824201237567429912e+00 1.569299132518119877e-16
1.825435427148669909e+00 1.713849540131809897e-16
1.826669616729909906e+00 1.758278932844360111e-16
1.827903806311149904e+00 1.715414962897450060e-16
1.829137995892389901e+00 1.594169343338489918e-16
1.830372185473629898e+00 1.410142832869119906e-16
1.831606375054869895e+00 1.289269246062459888e-16
1.832840564636109892e+00 1.384571702284899890e-16
1.834074754217349890e+00 1.582712693331280021e-16
1.835308943798590109e+00 1.670388941352680064e-16
1.836543133379830106e+00 1.569209532314170105e-16
1.837777322961080095e+00 1.263689777497670021e-16
1.839011512542320093e+00 9.143129727780560579e-17
1.840245702123560090e+00 7.682450526998090140e-17
1.841479891704800087e+00 8.687496147073700122e-17
1.842714081286040084e+00 1.138720521693239937e-16
1.843948270867280081e+00 1.455869112433259943e-16
1.845182460448520079e+00 1.675575562316730122e-16
1.846416650029760076e+00 1.697193828364129994e-16
1.847650839611000073e+00 1.444737643668460096e-16
1.848885029192240070e+00 1.097216238150030035e-16
1.850119218773480068e+00 1.035092658041580043e-16
1.851353408354720065e+00 1.216321445155939951e-16
1.852587597935960062e+00 1.247761455273449926e-16
1.853821787517200059e+00 1.099391326114349979e-16
1.855055977098440056e+00 1.054753483887429992e-16
1.856290166679680054e+00 1.148585543853000047e-16
1.857524356260920051e+00 1.194985082261300123e-16
1.858758545842160048e+00 1.144194869161570055e-16
1.859992735423400045e+00 1.071792411889290011e-16
1.861226925004640043e+00 1.036421639500930020e-16
1.862461114585880040e+00 1.082126875590280052e-16
1.863695304167130029e+00 1.229787548481609955e-16
1.864929493748370026e+00 1.476326016900629940e-16
1.866163683329610024e+00 1.725875819796039930e-16
1.867397872910850021e+00 1.762504965506670013e-16
1.868632062492090018e+00 1.488156552544710108e-16
1.869866252073330015e+00 9.635923570325770509e-17
1.871100441654570012e+00 3.647980321411139959e-17
1.872334631235810010e+00 6.036579649135399728e-18
1.873568820817050007e+00 2.125934410780700001e-17
1.874803010398290004e+00 5.994006813676880019e-17
1.876037199979530001e+00 1.006566441262630038e-16
1.877271389560769999e+00 1.260241294611159965e-16
1.878505579142009996e+00 1.277336801766920089e-16
1.879739768723249993e+00 1.202177980170269918e-16
1.880973958304489990e+00 1.153582244148409903e-16
1.882208147885729987e+00 1.142909629013009909e-16
1.883442337466969985e+00 1.169122519403670108e-16
1.884676527048209982e+00 1.181376042125779969e-16
1.885910716629449979e+00 1.152324267872839998e-16
1.887144906210699968e+00 1.166767900159199929e-16
1.888379095791939966e+00 1.265303507611089937e-16
1.889613285373179963e+00 1.311102314371329995e-16
1.890847474954419960e+00 1.216411442406589911e-16
1.892081664535659957e+00 1.105712706529929960e-16
1.893315854116899954e+00 1.090674496819260010e-16
1.894550043698139952e+00 1.193954084345819946e-16
1.895784233279379949e+00 1.396527175288700067e-16
1.897018422860619946e+00 1.501454969816610019e-16
1.898252612441859943e+00 1.353878934045550009e-16
1.899486802023099941e+00 1.135022561133990050e-16
1.900720991604339938e+00 1.032742472485189943e-16
1.901955181185579935e+00 9.984676813212410472e-17
1.903189370766819932e+00 9.640142191449789717e-17
1.904423560348059929e+00 9.094463714493859538e-17
1.905657749929299927e+00 8.250506555629280075e-17
1.906891939510539924e+00 8.279565079676020451e-17
1.908126129091779921e+00 1.026669709474520009e-16
1.909360318673019918e+00 1.237698042115580028e-16
1.910594508254259916e+00 1.247562005484149907e-16
1.911828697835509905e+00 1.104577417682809976e-16
1.913062887416749902e+00 9.177807124292259790e-17
1.914297076997989899e+00 8.053951898474429639e-17
1.915531266579229897e+00 8.765944632879240554e-17
1.916765456160469894e+00 1.044613903938760033e-16
1.917999645741709891e+00 1.167778383995490024e-16
1.919233835322950110e+00 1.189562747909890051e-16
1.920468024904190107e+00 1.084638063581100061e-16
1.921702214485430105e+00 9.552459061285690028e-17
1.922936404066670102e+00 9.466689696186810280e-17
1.924170593647910099e+00 1.032437209751940030e-16
1.925404783229150096e+00 1.120161368074409900e-16
1.926638972810390094e+00 1.154701651127770101e-16
1.927873162391630091e+00 1.095442233521119995e-16
1.929107351972870088e+00 9.860231129648510087e-17
1.930341541554110085e+00 9.134542269533280067e-17
1.931575731135350082e+00 9.028527493506039991e-17
1.932809920716590080e+00 9.428645343709780157e-17
1.934044110297830077e+00 1.022339782927279979e-16
1.935278299879070074e+00 1.131476934156340041e-16
1.936512489460310071e+00 1.206548405480299928e-16
1.937746679041560061e+00 1.150193847661599889e-16
1.938980868622800058e+00 1.009480234601180024e-16
1.940215058204040055e+00 9.307082880888979814e-17
1.941449247785280052e+00 9.507024346343869832e-17
1.942683437366520049e+00 1.027393657946629993e-16
1.943917626947760047e+00 1.106161766340870036e-16
1.945151816529000044e+00 1.114258739572129996e-16
1.946386006110240041e+00 1.053432377187510040e-16
1.947620195691480038e+00 9.981499777915720501e-17
1.948854385272720036e+00 9.789446968526629895e-17
1.950088574853960033e+00 9.847703644707509598e-17
1.951322764435200030e+00 9.925243555328230412e-17
1.952556954016440027e+00 9.615889917634220058e-17
1.953791143597680025e+00 8.838588957762629994e-17
1.955025333178920022e+00 7.895387992492919588e-17
1.956259522760160019e+00 7.184141044128380320e-17
1.957493712341400016e+00 7.273713454811540030e-17
1.958727901922640013e+00 8.154442431498800505e-17
1.959962091503880011e+00 8.932240361482409962e-17
1.961196281085130000e+00 9.164526574121599653e-17
1.962430470666369997e+00 9.131191857180200214e-17
1.963664660247609994e+00 9.088862047385660295e-17
1.964898849828849992e+00 9.421963709593820588e-17
1.966133039410089989e+00 9.907917099345449673e-17
1.967367228991329986e+00 8.909807885014470522e-17
1.968601418572569983e+00 6.057709647010819949e-17
1.969835608153809980e+00 3.680012394323890273e-17
1.971069797735049978e+00 3.373835791926569890e-17
1.972303987316289975e+00 5.046869130435909709e-17
1.973538176897529972e+00 8.043500967743189666e-17
1.974772366478769969e+00 1.032882894665980026e-16
1.976006556060009967e+00 1.059665944109260036e-16
1.977240745641249964e+00 1.002596371369060039e-16
1.978474935222489961e+00 9.637092872839670538e-17
1.979709124803729958e+00 9.360826459647780058e-17
1.980943314384969955e+00 9.150377815180000160e-17
1.982177503966209953e+00 9.042430083497340006e-17
1.983411693547449950e+00 9.014159697138240155e-17
1.984645883128689947e+00 8.972661038423189820e-17
1.985880072709929944e+00 8.848915480529739526e-17
1.987114262291179934e+00 8.731930966091060056e-17
1.988348451872419931e+00 8.704724664871949652e-17
1.989582641453659928e+00 8.717641255573090155e-17
1.990816831034899925e+00 8.726050704552550488e-17
1.992051020616139922e+00 8.788970032410270330e-17
1.993285210197379920e+00 8.958213170972089919e-17
1.994519399778619917e+00 9.237095460133120559e-17
1.995753589359859914e+00 9.596691386489110539e-17
1.996987778941099911e+00 9.852747461210620335e-17
1.998221968522339909e+00 9.825776741029960103e-17
1.999456158103579906e+00 9.559040110239170545e-17
2.000690347684820125e+00 9.156273296841790564e-17
2.001924537266059900e+00 8.653526817166350001e-17
2.003158726847300120e+00 8.091260391078530124e-17
2.004392916428539895e+00 7.731567188282500210e-17
2.005627106009780114e+00 7.836509938235880190e-17
2.006861295591019889e+00 8.189911936165080495e-17
2.008095485172260108e+00 8.453620424169429766e-17
2.009329674753499884e+00 8.525721456826489448e-17
2.010563864334740103e+00 8.386096016405499779e-17
2.011798053915990092e+00 8.149964406534689597e-17
2.013032243497229867e+00 7.985102016496949610e-17
2.014266433078470087e+00 7.954535376757400089e-17
2.015500622659709862e+00 8.076886639010319905e-17
2.016734812240950081e+00 8.237850692257219984e-17
2.017969001822189856e+00 8.264896851309740121e-17
2.019203191403430075e+00 8.208293212864990087e-17
2.020437380984669851e+00 8.218754731508069506e-17
2.021671570565910070e+00 8.304774236024190220e-17
2.022905760147149845e+00 8.412725938173789396e-17
2.024139949728390064e+00 8.502257320698570174e-17
2.025374139309629840e+00 8.526681648081549631e-17
2.026608328890870059e+00 8.550039243346569609e-17
2.027842518472109834e+00 8.712671554452870332e-17
2.029076708053350053e+00 8.929382287029920439e-17
2.030310897634589828e+00 8.962511201434920382e-17
2.031545087215830048e+00 8.827208937767370461e-17
2.032779276797069823e+00 8.726412017044109953e-17
2.034013466378310042e+00 8.680932303476959476e-17
2.035247655959560031e+00 8.565983315089660357e-17
2.036481845540799807e+00 8.425369890145029955e-17
2.037716035122040026e+00 8.441711670326630035e-17
2.038950224703279801e+00 8.622121747157910568e-17
2.040184414284520020e+00 8.815600615923049989e-17
2.041418603865759795e+00 8.930710408221440511e-17
2.042652793447000015e+00 8.931626924340150498e-17
2.043886983028239790e+00 8.845050892707900409e-17
2.045121172609480009e+00 8.777967206774330046e-17
2.046355362190719784e+00 8.794627947800130574e-17
2.047589551771960004e+00 8.893600438964350287e-17
2.048823741353199779e+00 9.066894777294209585e-17
2.050057930934439998e+00 9.310292341665690492e-17
2.051292120515680217e+00 9.537530105590340380e-17
2.052526310096919993e+00 9.532623931941159700e-17
2.053760499678160212e+00 9.250301233176399740e-17
2.054994689259399987e+00 8.931515089521329631e-17
2.056228878840640206e+00 8.737981957708010429e-17
2.057463068421879981e+00 8.671588471277570336e-17
2.058697258003120201e+00 8.722183469752740108e-17
2.059931447584359976e+00 8.857303091941029692e-17
2.061165637165609965e+00 9.019457623525519786e-17
2.062399826746850184e+00 9.119246707390439522e-17
2.063634016328089960e+00 9.109511784197430380e-17
2.064868205909330179e+00 9.041936422107769591e-17
2.066102395490569954e+00 8.975280884859260373e-17
2.067336585071810173e+00 8.984966177215520031e-17
2.068570774653049948e+00 9.088023617116770383e-17
2.069804964234290168e+00 9.095752792760469572e-17
2.071039153815529943e+00 8.899247104697879810e-17
2.072273343396770162e+00 8.710876241651380310e-17
2.073507532978009937e+00 8.691090081399120517e-17
2.074741722559250157e+00 8.720433817321070409e-17
2.075975912140489932e+00 8.697463342582710456e-17
2.077210101721730151e+00 8.669222734725660049e-17
2.078444291302969926e+00 8.684755863140429522e-17
2.079678480884210146e+00 8.789952061233489586e-17
2.080912670465449921e+00 9.002757177830320411e-17
2.082146860046690140e+00 9.201127000121349816e-17
2.083381049627929915e+00 9.266987782237309456e-17
2.084615239209179904e+00 9.182747046910420308e-17
2.085849428790420124e+00 8.966860186223470552e-17
2.087083618371659899e+00 8.783568212138050340e-17
2.088317807952900118e+00 8.789286346276510608e-17
2.089551997534139893e+00 8.807152785763169661e-17
2.090786187115380113e+00 8.634357402778799884e-17
2.092020376696619888e+00 8.483132243191850434e-17
2.093254566277860107e+00 8.606214071361779550e-17
2.094488755859099882e+00 8.797157796985570149e-17
2.095722945440340101e+00 8.778209405257690503e-17
2.096957135021579877e+00 8.656961932814160214e-17
2.098191324602820096e+00 8.620669218002269917e-17
2.099425514184059871e+00 8.674916384317989979e-17
2.100659703765300090e+00 8.783563579926620043e-17
2.101893893346539866e+00 8.845103832267100105e-17
2.103128082927780085e+00 8.739188317913360230e-17
2.104362272509019860e+00 8.620335698779289769e-17
2.105596462090260079e+00 8.727342429797109598e-17
2.106830651671499854e+00 8.990213149277070094e-17
2.108064841252740074e+00 9.223587269857879666e-17
2.109299030833990063e+00 9.331807640270439763e-17
2.110533220415229838e+00 9.257557261509719829e-17
2.111767409996470057e+00 9.053894145042829996e-17
2.113001599577709833e+00 8.833222871692879691e-17
2.114235789158950052e+00 8.658468725017979414e-17
2.115469978740189827e+00 8.568484047517529437e-17
2.116704168321430046e+00 8.515729776771340149e-17
2.117938357902669821e+00 8.398251600943090264e-17
2.119172547483910041e+00 8.237463571730550097e-17
2.120406737065149816e+00 8.126904596290180080e-17
2.121640926646390035e+00 8.124094829185459956e-17
2.122875116227629810e+00 8.266258721470249891e-17
2.124109305808870030e+00 8.481397149138960436e-17
2.125343495390109805e+00 8.614558007636730614e-17
2.126577684971350024e+00 8.601456128478379465e-17
2.127811874552589799e+00 8.450874184535759878e-17
2.129046064133830019e+00 8.237433793228489560e-17
2.130280253715069794e+00 8.106416325133970486e-17
2.131514443296310013e+00 8.075249483141959883e-17
2.132748632877549788e+00 8.023092105925790092e-17
2.133982822458790007e+00 7.927760532945789949e-17
2.135217012040039997e+00 7.868347127396309929e-17
2.136451201621280216e+00 7.896436195765139389e-17
2.137685391202519991e+00 8.048697647223490342e-17
2.138919580783760210e+00 8.272757714106960217e-17
2.140153770364999986e+00 8.382806484545500131e-17
2.141387959946240205e+00 8.333477403279780280e-17
2.142622149527479980e+00 8.299263889655609436e-17
2.143856339108720199e+00 8.341010702554419516e-17
2.145090528689959974e+00 8.326441735861650480e-17
2.146324718271200194e+00 8.219528972561420372e-17
2.147558907852439969e+00 8.153277099451839497e-17
2.148793097433680188e+00 8.174262340720059858e-17
2.150027287014919963e+00 8.167161822341909599e-17
2.151261476596160183e+00 8.065887122096839695e-17
2.152495666177399958e+00 7.896836551181619985e-17
2.153729855758640177e+00 7.713191205538519585e-17
2.154964045339879952e+00 7.641777725406610282e-17
2.156198234921120171e+00 7.738641236881059865e-17
2.157432424502359947e+00 7.866508801202969615e-17
2.158666614083609936e+00 7.918358467231269680e-17
2.159900803664850155e+00 7.895718864737939566e-17
2.161134993246089930e+00 7.824554200534280051e-17
2.162369182827330150e+00 7.804266437958559474e-17
2.163603372408569925e+00 7.897827844427699835e-17
2.164837561989810144e+00 8.026300904958009495e-17
2.166071751571049919e+00 8.101642500382810615e-17
2.167305941152290139e+00 8.012279200958500612e-17
2.168540130733529914e+00 7.712080798284219772e-17
2.169774320314770133e+00 7.467337907364490017e-17
2.171008509896009908e+00 7.497459854806729798e-17
2.172242699477250127e+00 7.611123073649880189e-17
2.173476889058489903e+00 7.611577692114540565e-17
2.174711078639730122e+00 7.554915820154659402e-17
2.175945268220969897e+00 7.513466792276359784e-17
2.177179457802210116e+00 7.506664720663219890e-17
2.178413647383449891e+00 7.542130254862549764e-17
2.179647836964690111e+00 7.529807910713469821e-17
2.180882026545929886e+00 7.384205594058419461e-17
2.182116216127170105e+00 7.199166614519279859e-17
2.183350405708420094e+00 7.092876552784179670e-17
2.184584595289659870e+00 7.061978379055120128e-17
2.185818784870900089e+00 7.076546684003400354e-17
2.187052974452139864e+00 7.137192919537829406e-17
2.188287164033380083e+00 7.239895002647919582e-17
2.189521353614619859e+00 7.354677893168230379e-17
2.190755543195860078e+00 7.448460322297039980e-17
2.191989732777099853e+00 7.433352695589380110e-17
2.193223922358340072e+00 7.219166518241840611e-17
2.194458111939579847e+00 6.931769562727430428e-17
2.195692301520820067e+00 6.765457952256500001e-17
2.196926491102059842e+00 6.703916376427039854e-17
2.198160680683300061e+00 6.651614738912049443e-17
2.199394870264539836e+00 6.616235893240910196e-17
2.200629059845780056e+00 6.639857524557469427e-17
2.201863249427019831e+00 6.683569056847220389e-17
2.203097439008260050e+00 6.678312158618319690e-17
2.204331628589499825e+00 6.633265887692160558e-17
2.205565818170740044e+00 6.593859665054619431e-17
2.206800007751979820e+00 6.589024298065879453e-17
2.208034197333220039e+00 6.639272542428269461e-17
2.209268386914470028e+00 6.719716187871300121e-17
2.210502576495709803e+00 6.777716768934539569e-17
2.211736766076950023e+00 6.780564255475189647e-17
2.212970955658189798e+00 6.711351075772670165e-17
2.214205145239430017e+00 6.587878156609129676e-17
2.215439334820669792e+00 6.452311856890060224e-17
2.216673524401910012e+00 6.353705310428830272e-17
2.217907713983149787e+00 6.345953635472479503e-17
2.219141903564390006e+00 6.415052995122710455e-17
2.220376093145629781e+00 6.486069428560590607e-17
2.221610282726870000e+00 6.520825572666599935e-17
2.222844472308110220e+00 6.517827870126710228e-17
2.224078661889349995e+00 6.486466475254609897e-17
2.225312851470590214e+00 6.447141647189350151e-17
2.226547041051829989e+00 6.429416821023570037e-17
2.227781230633070209e+00 6.477395943529599649e-17
2.229015420214309984e+00 6.563395595711030184e-17
2.230249609795550203e+00 6.562142913391379879e-17
2.231483799376789978e+00 6.443842189161999867e-17
2.232717988958039967e+00 6.316903052359609775e-17
2.233952178539280187e+00 6.232856208168310452e-17
2.235186368120519962e+00 6.154009352179749691e-17
2.236420557701760181e+00 6.072862272343810099e-17
2.237654747282999956e+00 6.026702285440899710e-17
2.238888936864240176e+00 6.032086900356379829e-17
2.240123126445479951e+00 6.071059018608439568e-17
2.241357316026720170e+00 6.134485904490030576e-17
2.242591505607959945e+00 6.239287041122540245e-17
2.243825695189200164e+00 6.372750978596739991e-17
2.245059884770439940e+00 6.460358669888969914e-17
2.246294074351680159e+00 6.453064922119719872e-17
2.247528263932919934e+00 6.354922920290509562e-17
2.248762453514160153e+00 6.199710750151059449e-17
2.249996643095399929e+00 6.101139937892300417e-17
2.251230832676640148e+00 6.120358321372109975e-17
2.252465022257879923e+00 6.139063852872140354e-17
2.253699211839120142e+00 6.069456935198050562e-17
2.254933401420359917e+00 5.955167044322829997e-17
2.256167591001600137e+00 5.850232897047820568e-17
2.257401780582850126e+00 5.836297881576499847e-17
2.258635970164089901e+00 5.958130336149239964e-17
2.259870159745330120e+00 6.094212134826049997e-17
2.261104349326569896e+00 6.132687282966100203e-17
2.262338538907810115e+00 6.088099600971530609e-17
2.263572728489049890e+00 5.993425802014630168e-17
2.264806918070290109e+00 5.888219677754209606e-17
2.266041107651529884e+00 5.813105722433990474e-17
2.267275297232770104e+00 5.800615956928929799e-17
2.268509486814009879e+00 5.864161956818719814e-17
2.269743676395250098e+00 5.913340822085200035e-17
2.270977865976489873e+00 5.858769400969370279e-17
2.272212055557730093e+00 5.742909852163760461e-17
2.273446245138969868e+00 5.633628043589169854e-17
2.274680434720210087e+00 5.574834030882369541e-17
2.275914624301449862e+00 5.601324986307750249e-17
2.277148813882690082e+00 5.722928477286929524e-17
2.278383003463929857e+00 5.928754174747270597e-17
2.279617193045170076e+00 6.166687053119979949e-17
2.280851382626409851e+00 6.374897677722440074e-17
2.282085572207650070e+00 6.449311507372200486e-17
2.283319761788900060e+00 6.292777171741650544e-17
2.284553951370139835e+00 6.028093272358970114e-17
2.285788140951380054e+00 5.846922851108629606e-17
2.287022330532619829e+00 5.762369772382440434e-17
2.288256520113860049e+00 5.720198781265499603e-17
2.289490709695099824e+00 5.733210663173209912e-17
2.290724899276340043e+00 5.831025763224340498e-17
2.291959088857579818e+00 5.929959873208130355e-17
2.293193278438820037e+00 5.904493959997830289e-17
2.294427468020059813e+00 5.781649698099820240e-17
2.295661657601300032e+00 5.663574628741549625e-17
2.296895847182539807e+00 5.578372378670630070e-17
2.298130036763780026e+00 5.513957839137659992e-17
2.299364226345019802e+00 5.501148451043900198e-17
2.300598415926260021e+00 5.590923686413259760e-17
2.301832605507499796e+00 5.724464386248320451e-17
2.303066795088740015e+00 5.777570043318709940e-17
2.304300984669979790e+00 5.723973371836700346e-17
2.305535174251220010e+00 5.604257176143129454e-17
2.306769363832469999e+00 5.475871796757749800e-17
2.308003553413710218e+00 5.414967149999959798e-17
2.309237742994949993e+00 5.434314573655339955e-17
2.310471932576190213e+00 5.477958938879349762e-17
2.311706122157429988e+00 5.559752873954310136e-17
2.312940311738670207e+00 5.774548517977179938e-17
2.314174501319909982e+00 6.016757589244539725e-17
2.315408690901150202e+00 5.969894167948720404e-17
2.316642880482389977e+00 5.636944706973260008e-17
2.317877070063630196e+00 5.375828272136409985e-17
2.319111259644869971e+00 5.333125238449479977e-17
2.320345449226110190e+00 5.409017074417750139e-17
2.321579638807349966e+00 5.507874422040700005e-17
2.322813828388590185e+00 5.513123710207960286e-17
2.324048017969829960e+00 5.412657661729719757e-17
2.325282207551070179e+00 5.371991808455379798e-17
2.326516397132309955e+00 5.456445625508070002e-17
2.327750586713550174e+00 5.568388639549360047e-17
2.328984776294789949e+00 5.636818313775670534e-17
2.330218965876030168e+00 5.626889499447070334e-17
2.331453155457280157e+00 5.543692996925469977e-17
2.332687345038519933e+00 5.476499461406559968e-17
2.333921534619760152e+00 5.486034537763579996e-17
2.335155724200999927e+00 5.571551116467270317e-17
2.336389913782240146e+00 5.697896006717599849e-17
2.337624103363479922e+00 5.746845246646040280e-17
2.338858292944720141e+00 5.656174340109410149e-17
2.340092482525959916e+00 5.519322270846180259e-17
2.341326672107200135e+00 5.418576304448659797e-17
2.342560861688439910e+00 5.374294348408489802e-17
2.343795051269680130e+00 5.399898566217209967e-17
2.345029240850919905e+00 5.504883006073460154e-17
2.346263430432160124e+00 5.667762809619030580e-17
2.347497620013399899e+00 5.773164810248500001e-17
2.348731809594640119e+00 5.741126450763089970e-17
2.349965999175879894e+00 5.649026176127969440e-17
2.351200188757120113e+00 5.579631678435179567e-17
2.352434378338359888e+00 5.575878263687660181e-17
2.353668567919600108e+00 5.656726235014100598e-17
2.354902757500839883e+00 5.729627978504120239e-17
2.356136947082080102e+00 5.709898728277990535e-17
2.357371136663330091e+00 5.650197463875339596e-17
2.358605326244569866e+00 5.611797754607160390e-17
2.359839515825810086e+00 5.603398893539539503e-17
2.361073705407049861e+00 5.622528603257689540e-17
2.362307894988290080e+00 5.596469105239820188e-17
2.363542084569529855e+00 5.458853713707330062e-17
2.364776274150770075e+00 5.329114074223090300e-17
2.366010463732009850e+00 5.339966022115289818e-17
2.367244653313250069e+00 5.418568694387019995e-17
2.368478842894489844e+00 5.457802863457150091e-17
2.369713032475730063e+00 5.405196492604490215e-17
2.370947222056969839e+00 5.231018394508179878e-17
2.372181411638210058e+00 5.087930376043040154e-17
2.373415601219449833e+00 5.159670427080779845e-17
2.374649790800690052e+00 5.383720898669139791e-17
2.375883980381929828e+00 5.625276166380350607e-17
2.377118169963170047e+00 5.736341376355600611e-17
2.378352359544409822e+00 5.573818253090160586e-17
2.379586549125650041e+00 5.294136576585159933e-17
2.380820738706900030e+00 5.162705187312119940e-17
2.382054928288139806e+00 5.187673799538150044e-17
2.383289117869380025e+00 5.277635646853710197e-17
2.384523307450619800e+00 5.330234407644730272e-17
2.385757497031860019e+00 5.229753469915460091e-17
2.386991686613099795e+00 5.085693679666699848e-17
2.388225876194340014e+00 5.117926592032170025e-17
2.389460065775579789e+00 5.341941991162560188e-17
2.390694255356820008e+00 5.657337686922899796e-17
2.391928444938059783e+00 5.958520765398360062e-17
2.393162634519300003e+00 6.142301106917430349e-17
2.394396824100540222e+00 6.101443016868739846e-17
2.395631013681779997e+00 5.737185762324889812e-17
2.396865203263020216e+00 5.178105966828879695e-17
2.398099392844259992e+00 4.711584042282850131e-17
2.399333582425500211e+00 4.507304510823490096e-17
2.400567772006739986e+00 4.632980377394379960e-17
2.401801961587980205e+00 5.014343396133590213e-17
2.403036151169219981e+00 5.451489821022139838e-17
2.404270340750460200e+00 5.760176751142429986e-17
2.405504530331699975e+00 5.778979559082500299e-17
2.406738719912949964e+00 5.523568354366539926e-17
2.407972909494190183e+00 5.205824789155529804e-17
2.409207099075429959e+00 4.957579946394480143e-17
2.410441288656670178e+00 4.803103636127960285e-17
2.411675478237909953e+00 4.753948262790869791e-17
2.412909667819150172e+00 4.810718329974880285e-17
2.414143857400389948e+00 4.878012450656269963e-17
2.415378046981630167e+00 4.720118230098679762e-17
2.416612236562869942e+00 4.327822861511729837e-17
2.417846426144110161e+00 4.036128868151240279e-17
2.419080615725349936e+00 4.054113429029370056e-17
2.420314805306590156e+00 4.402012028907120230e-17
2.421548994887829931e+00 4.951212971783540060e-17
2.422783184469070150e+00 5.267896091449260282e-17
2.424017374050309925e+00 5.168567581749400211e-17
2.425251563631550145e+00 5.035163201279299968e-17
2.426485753212789920e+00 5.082162280195579834e-17
2.427719942794030139e+00 5.076997695323049914e-17
2.428954132375269914e+00 4.937885768626330083e-17
2.430188321956519903e+00 4.993556347340130163e-17
2.431422511537760123e+00 5.371554726219709860e-17
2.432656701118999898e+00 5.649386165130550052e-17
2.433890890700240117e+00 5.526052874054409746e-17
2.435125080281479892e+00 5.077440402386890143e-17
2.436359269862720112e+00 4.472988426803360211e-17
2.437593459443959887e+00 4.151199948396960237e-17
2.438827649025200106e+00 4.399032855212949862e-17
2.440061838606439881e+00 4.820362594172759778e-17
2.441296028187680101e+00 5.062944227588020227e-17
2.442530217768919876e+00 5.314047806546050071e-17
2.443764407350160095e+00 5.706190312155790336e-17
2.444998596931399870e+00 5.921638436245850595e-17
2.446232786512640089e+00 5.700445046493249422e-17
2.447466976093879865e+00 5.150936392428959867e-17
2.448701165675120084e+00 4.461027395145839733e-17
2.449935355256359859e+00 4.013937928422150299e-17
2.451169544837600078e+00 4.126782569331129924e-17
2.452403734418839854e+00 4.482948673995230030e-17
2.453637924000080073e+00 4.692952295293460098e-17
2.454872113581330062e+00 4.794442724242289994e-17
2.456106303162569837e+00 4.885642695498710275e-17
2.457340492743810056e+00 4.896382477699850067e-17
2.458574682325049832e+00 4.757698699688190148e-17
2.459808871906290051e+00 4.597811304726589707e-17
2.461043061487529826e+00 4.569994213343170147e-17
2.462277251068770045e+00 4.638327272873930126e-17
2.463511440650009821e+00 4.725856547444080161e-17
2.464745630231250040e+00 4.726881589659160187e-17
2.465979819812489815e+00 4.526252571679119790e-17
2.467214009393730034e+00 4.425524803255069948e-17
2.468448198974969809e+00 4.832299803028630101e-17
2.469682388556210029e+00 5.334294871835629958e-17
2.470916578137449804e+00 5.275832723990590234e-17
2.472150767718690023e+00 4.727617449532089825e-17
2.473384957299929798e+00 4.022793393187899841e-17
2.474619146881170018e+00 3.630305126082109945e-17
2.475853336462409793e+00 4.079816908511589804e-17
2.477087526043650012e+00 4.970183531951829964e-17
2.478321715624889787e+00 5.441626519398060001e-17
2.479555905206130006e+00 5.429655230700950028e-17
2.480790094787379996e+00 5.282812473999310217e-17
2.482024284368620215e+00 5.106146216620439757e-17
2.483258473949859990e+00 4.913091526073419994e-17
2.484492663531100209e+00 4.677169027461460136e-17
2.485726853112339985e+00 4.307657521666670189e-17
2.486961042693580204e+00 4.000524698481239738e-17
2.488195232274819979e+00 4.144503755902219735e-17
2.489429421856060198e+00 4.694667867883890147e-17
2.490663611437299974e+00 5.295055408809580138e-17
2.491897801018540193e+00 5.641972641608609727e-17
2.493131990599779968e+00 5.475403612531049717e-17
2.494366180181020187e+00 4.864943327850180229e-17
2.495600369762259962e+00 4.164611854848890097e-17
2.496834559343500182e+00 3.781437310568199807e-17
2.498068748924739957e+00 4.203338796767400212e-17
2.499302938505980176e+00 5.234891254136150072e-17
2.500537128087219951e+00 5.905231143359730152e-17
2.501771317668460171e+00 5.830409679104109771e-17
2.503005507249699946e+00 5.296348788415369901e-17
2.504239696830949935e+00 4.792319517045980255e-17
2.505473886412190154e+00 5.190379341885689719e-17
2.506708075993429929e+00 6.456154607143730406e-17
2.507942265574670149e+00 7.151915410952289516e-17
2.509176455155909924e+00 6.609150594986029680e-17
2.510410644737150143e+00 5.377557741361129693e-17
2.511644834318389918e+00 4.053556901913240064e-17
2.512879023899630138e+00 3.377022753390609881e-17
2.514113213480869913e+00 3.629048142423270050e-17
2.515347403062110132e+00 4.089360256674740293e-17
2.516581592643349907e+00 4.278628776121979873e-17
2.517815782224590127e+00 4.346464865540719841e-17
2.519049971805829902e+00 4.393440121655360029e-17
2.520284161387070121e+00 4.371487409942690252e-17
2.521518350968309896e+00 4.380464635694610065e-17
2.522752540549550115e+00 4.921224696728290081e-17
2.523986730130789891e+00 6.177017546354039597e-17
2.525220919712030110e+00 7.292769049146800386e-17
2.526455109293269885e+00 7.776016565678649705e-17
2.527689298874510104e+00 8.616731838286519970e-17
2.528923488455760094e+00 1.038344668988989971e-16
2.530157678036999869e+00 1.206689357056679950e-16
2.531391867618240088e+00 1.266478501127610001e-16
2.532626057199479863e+00 1.112109393468469990e-16
2.533860246780720082e+00 7.136046778081079629e-17
2.535094436361959858e+00 3.880553069414510006e-17
2.536328625943200077e+00 3.941982479552899951e-17
2.537562815524439852e+00 4.965884178000029894e-17
2.538797005105680071e+00 4.554933239622050257e-17
2.540031194686919847e+00 3.675455621765460003e-17
