8.226382136344899676e-01 4.388111887370430168e-16
8.238437244930919556e-01 5.742098288721169969e-16
8.250492353516940547e-01 4.390404964377330100e-16
8.262547462102960427e-01 3.764841751374669937e-16
8.274602570688980308e-01 4.694490057139420432e-16
8.286657679274990196e-01 3.950438316821109916e-16
8.298712787861010076e-01 4.169187751823090112e-16
8.310767896447029957e-01 2.975994938338620146e-16
8.322823005033049837e-01 3.103069468063669960e-16
8.334878113619069717e-01 4.389321556298230181e-16
8.346933222205089598e-01 4.677669570993730073e-16
8.358988330791109478e-01 4.977876576346370371e-16
8.371043439377130468e-01 6.110236277652429961e-16
8.383098547963150349e-01 7.269976318978479879e-16
8.395153656549170229e-01 8.429576599868229880e-16
8.407208765135180117e-01 1.057272877509919921e-15
8.419263873721199998e-01 1.095131544483050008e-15
8.431318982307219878e-01 1.105996012580999995e-15
8.443374090893239758e-01 1.278261761745319912e-15
8.455429199479259639e-01 1.426112527358859919e-15
8.467484308065279519e-01 1.539557661687880064e-15
8.479539416651300510e-01 1.667637831279560011e-15
8.491594525237320390e-01 1.847951875750450124e-15
8.503649633823340270e-01 2.088559631231029895e-15
8.515704742409360151e-01 2.316176654157810037e-15
8.527759850995370039e-01 2.765718850364059814e-15
8.539814959581389919e-01 3.091996153404649963e-15
8.551870068167409800e-01 3.215747243482030010e-15
8.563925176753429680e-01 3.238813009426949859e-15
8.575980285339449560e-01 3.323832670958180163e-15
8.588035393925470551e-01 3.507730935345380003e-15
8.600090502511490431e-01 3.608619547385180049e-15
8.612145611097510312e-01 3.673896564981810276e-15
8.624200719683530192e-01 3.623422718687869829e-15
8.636255828269550072e-01 3.743191906880210171e-15
8.648310936855559961e-01 3.802216550776670158e-15
8.660366045441579841e-01 3.780371994583460113e-15
8.672421154027599721e-01 3.687654497627580361e-15
8.684476262613619602e-01 3.618582348910779608e-15
8.696531371199639482e-01 3.525714291848530137e-15
8.708586479785660472e-01 3.489292510391310002e-15
8.720641588371680353e-01 3.504732438712100174e-15
8.732696696957700233e-01 3.573146654587120361e-15
8.744751805543720113e-01 3.682355883026030296e-15
8.756806914129739994e-01 3.682729424555770232e-15
8.768862022715749882e-01 3.703507989784870206e-15
8.780917131301769762e-01 3.720826848940899736e-15
8.792972239887789643e-01 3.677154253696950315e-15
8.805027348473809523e-01 3.665044223650050061e-15
8.817082457059830514e-01 3.676645610412120164e-15
8.829137565645850394e-01 3.723745724477139633e-15
8.841192674231870274e-01 3.666276656588309802e-15
8.853247782817890155e-01 3.662384116679200298e-15
8.865302891403910035e-01 3.685667358333320195e-15
8.877357999989929915e-01 3.582913367985429760e-15
8.889413108575939804e-01 3.400660041581800138e-15
8.901468217161959684e-01 3.276672205795670008e-15
8.913523325747979564e-01 3.298666051545830074e-15
8.925578434334000555e-01 3.328663723372850193e-15
8.937633542920020435e-01 3.191832538765730060e-15
8.949688651506040316e-01 3.106428747792919931e-15
8.961743760092060196e-01 2.992176496944289971e-15
8.973798868678080076e-01 2.902726217824210025e-15
8.985853977264099957e-01 2.751586740913829887e-15
8.997909085850119837e-01 2.763062343283229965e-15
9.009964194436139717e-01 2.771876568132360186e-15
9.022019303022149606e-01 2.617384958333229833e-15
9.034074411608169486e-01 2.500028119974670133e-15
9.046129520194190476e-01 2.482421693133039879e-15
9.058184628780210357e-01 2.465633923634939979e-15
9.070239737366230237e-01 2.496342891379399936e-15
9.082294845952250117e-01 2.497027929275500134e-15
9.094349954538269998e-01 2.440808446742100109e-15
9.106405063124289878e-01 2.413085058378460154e-15
9.118460171710309758e-01 2.421817121031709864e-15
9.130515280296329639e-01 2.393064164120690195e-15
9.142570388882339527e-01 2.342153884100680125e-15
9.154625497468360518e-01 2.310105333750129998e-15
9.166680606054380398e-01 2.278688034703519955e-15
9.178735714640400278e-01 2.260422827987159909e-15
9.190790823226420159e-01 2.273552473944319894e-15
9.202845931812440039e-01 2.318688530362889904e-15
9.214901040398459919e-01 2.412706011134570166e-15
9.226956148984479800e-01 2.450492574428060103e-15
9.239011257570499680e-01 2.376259665721870189e-15
9.251066366156519560e-01 2.341063329181089819e-15
9.263121474742529449e-01 2.319711746163179804e-15
9.275176583328550439e-01 2.279902679949879861e-15
9.287231691914570320e-01 2.289878822244410113e-15
9.299286800500590200e-01 2.238674833549940009e-15
9.311341909086610080e-01 2.228452628184230016e-15
9.323397017672629961e-01 2.176840369609190044e-15
9.335452126258649841e-01 2.099401441197650098e-15
9.347507234844669721e-01 2.041280793214140163e-15
9.359562343430689602e-01 1.957693252638480067e-15
9.371617452016709482e-01 1.886157296836349818e-15
9.383672560602720480e-01 1.895076765529179937e-15
9.395727669188740361e-01 1.982367745908469886e-15
9.407782777774760241e-01 2.039083589748960141e-15
9.419837886360780121e-01 2.015456452718249871e-15
9.431892994946800002e-01 1.937585113987129899e-15
9.443948103532819882e-01 1.916057771632670139e-15
9.456003212118839762e-01 1.934950206246460162e-15
9.468058320704859643e-01 1.964570524895469812e-15
9.480113429290879523e-01 1.977645325469289953e-15
9.492168537876890522e-01 1.983271106546720147e-15
9.504223646462910402e-01 2.063473479948670148e-15
9.516278755048930282e-01 2.141669444056819809e-15
9.528333863634950163e-01 2.179639178225149939e-15
9.540388972220970043e-01 2.242192137863409941e-15
9.552444080806989923e-01 2.208932542156519823e-15
9.564499189393009804e-01 2.200524046089129934e-15
9.576554297979029684e-01 2.273607742844119954e-15
9.588609406565049564e-01 2.250212904599200092e-15
9.600664515151070555e-01 2.183169399791069838e-15
9.612719623737080443e-01 2.196230436079499857e-15
9.624774732323100324e-01 2.207401530104360042e-15
9.636829840909120204e-01 2.200601761362040121e-15
9.648884949495140084e-01 2.159118746286730051e-15
9.660940058081159965e-01 2.069737923868330084e-15
9.672995166667179845e-01 2.040522486968109962e-15
9.685050275253199725e-01 1.942523739586100042e-15
9.697105383839219606e-01 1.839272540898170149e-15
9.709160492425239486e-01 1.791710158602179940e-15
9.721215601011260476e-01 1.748339636483039957e-15
9.733270709597270365e-01 1.713366599002970035e-15
9.745325818183290245e-01 1.687790545039749971e-15
9.757380926769310125e-01 1.639268262656289939e-15
9.769436035355330006e-01 1.575220078107890072e-15
9.781491143941349886e-01 1.641173769150249992e-15
9.793546252527369766e-01 1.619996039644759978e-15
9.805601361113389647e-01 1.659551525369469946e-15
9.817656469699409527e-01 1.770587697996500045e-15
9.829711578285430518e-01 1.853044026071099853e-15
9.841766686871450398e-01 1.904049385539440007e-15
9.853821795457460286e-01 2.001124867008939979e-15
9.865876904043480167e-01 2.060009326952640029e-15
9.877932012629500047e-01 2.126019239806880067e-15
9.889987121215519927e-01 2.236848630515660132e-15
9.902042229801539808e-01 2.368429269640980176e-15
9.914097338387559688e-01 2.455797541776709842e-15
9.926152446973579568e-01 2.494229967692480000e-15
9.938207555559599449e-01 2.638934747060800115e-15
9.950262664145620439e-01 2.764138498642720103e-15
9.962317772731640320e-01 2.855670361230679860e-15
9.974372881317650208e-01 2.895006147784690024e-15
9.986427989903670088e-01 2.921912572870700051e-15
9.998483098489689969e-01 2.969881530981369958e-15
1.001053820707570097e+00 3.017072701088220053e-15
1.002259331566170086e+00 3.080423777521030026e-15
1.003464842424770076e+00 3.161154487723829897e-15
1.004670353283380058e+00 3.233225344832150054e-15
1.005875864141980047e+00 3.205872533382940165e-15
1.007081375000580037e+00 3.094653931034899905e-15
1.008286885859180027e+00 3.035174006929280082e-15
1.009492396717780016e+00 2.990183851935869891e-15
1.010697907576389998e+00 2.940810513198649988e-15
1.011903418434989987e+00 2.887124294452249973e-15
1.013108929293589977e+00 2.800746839106580098e-15
1.014314440152189967e+00 2.791059323288829904e-15
1.015519951010789956e+00 2.769924580705409890e-15
1.016725461869399938e+00 2.594365779200410153e-15
1.017930972727999928e+00 2.472261532930730069e-15
1.019136483586599917e+00 2.537019742847159937e-15
1.020341994445199907e+00 2.596214852124259980e-15
1.021547505303799896e+00 2.492622722675059837e-15
1.022753016162410100e+00 2.304401625641550042e-15
1.023958527021010090e+00 2.204465290392699854e-15
1.025164037879610079e+00 2.169622378349160157e-15
1.026369548738210069e+00 2.130386329924680115e-15
1.027575059596810059e+00 2.027050004425549983e-15
1.028780570455410048e+00 1.958397137017649969e-15
1.029986081314020030e+00 1.975166695307389818e-15
1.031191592172620020e+00 1.995470286811309844e-15
1.032397103031220009e+00 2.023024692101959945e-15
1.033602613889819999e+00 2.014060330662939943e-15
1.034808124748419988e+00 1.933043323323959835e-15
1.036013635607029970e+00 1.921646283260410100e-15
1.037219146465629960e+00 1.902066904926390134e-15
1.038424657324229949e+00 1.887959147673400079e-15
1.039630168182829939e+00 1.918196529824480148e-15
1.040835679041429929e+00 1.933632222980530104e-15
1.042041189900039910e+00 1.930687512939400135e-15
1.043246700758639900e+00 1.976204945942480071e-15
1.044452211617239890e+00 2.057301150862030034e-15
1.045657722475840101e+00 2.047151790329789827e-15
1.046863233334440091e+00 1.986071820986810180e-15
1.048068744193050073e+00 2.030993789827969949e-15
1.049274255051650062e+00 2.094613163946819961e-15
1.050479765910250052e+00 2.069079991026549912e-15
1.051685276768850041e+00 2.052740090199300074e-15
1.052890787627450031e+00 2.089180294623130089e-15
1.054096298486050021e+00 2.134110522035520066e-15
1.055301809344660002e+00 2.113962149319189912e-15
1.056507320203259992e+00 2.115773952793360155e-15
1.057712831061859982e+00 2.157105772487579811e-15
1.058918341920459971e+00 2.147257108651620009e-15
1.060123852779059961e+00 1.991004517355149937e-15
1.061329363637669942e+00 1.909177111243879939e-15
1.062534874496269932e+00 1.899203721806440096e-15
1.063740385354869922e+00 1.885960573434350007e-15
1.064945896213469911e+00 1.817855736343319976e-15
1.066151407072069901e+00 1.869629566453049889e-15
1.067356917930680105e+00 1.852594251576110186e-15
1.068562428789280094e+00 1.777144156524720181e-15
1.069767939647880084e+00 1.628415547140470090e-15
1.070973450506480074e+00 1.631154428175420026e-15
1.072178961365080063e+00 1.536698290216180049e-15
1.073384472223690045e+00 1.543377462642639964e-15
1.074589983082290034e+00 1.522613191094530033e-15
1.075795493940890024e+00 1.490547911843270056e-15
1.077001004799490014e+00 1.438517854266989998e-15
1.078206515658090003e+00 1.404872435052630082e-15
1.079412026516689993e+00 1.381133489672880075e-15
1.080617537375299975e+00 1.404550244895320002e-15
1.081823048233899964e+00 1.419504082183500077e-15
1.083028559092499954e+00 1.384258511852659959e-15
1.084234069951099944e+00 1.381074303245690089e-15
1.085439580809699933e+00 1.321719104741559969e-15
1.086645091668309915e+00 1.307186242828159957e-15
1.087850602526909904e+00 1.362310194123400020e-15
1.089056113385509894e+00 1.377744299092679989e-15
1.090261624244110106e+00 1.389625206727340066e-15
1.091467135102710095e+00 1.382897012269059978e-15
1.092672645961320077e+00 1.363605731016230009e-15
1.093878156819920067e+00 1.430642141923419908e-15
1.095083667678520056e+00 1.431575995747769943e-15
1.096289178537120046e+00 1.435292670441200054e-15
1.097494689395720036e+00 1.386348989166480022e-15
1.098700200254330017e+00 1.348803512625599973e-15
1.099905711112930007e+00 1.347821483802379977e-15
1.101111221971529996e+00 1.336321529235750085e-15
1.102316732830129986e+00 1.346617744105210054e-15
1.103522243688729976e+00 1.322132774457169963e-15
1.104727754547329965e+00 1.303363265499850023e-15
1.105933265405939947e+00 1.293400993369830074e-15
1.107138776264539937e+00 1.301523615817529920e-15
1.108344287123139926e+00 1.299475701909299919e-15
1.109549797981739916e+00 1.243004756469690085e-15
1.110755308840339906e+00 1.222212426955199989e-15
1.111960819698950109e+00 1.195264603133900008e-15
1.113166330557550099e+00 1.194448381010099913e-15
1.114371841416150088e+00 1.162010089624690063e-15
1.115577352274750078e+00 1.134594174220909926e-15
1.116782863133350068e+00 1.084356967756620088e-15
1.117988373991960049e+00 1.058669317202590000e-15
1.119193884850560039e+00 1.048466064199079950e-15
1.120399395709160029e+00 1.041591862436520057e-15
1.121604906567760018e+00 1.042856588505889923e-15
1.122810417426360008e+00 9.770227526255629366e-16
1.124015928284959998e+00 8.977989140359209716e-16
1.125221439143569979e+00 8.913502404502369723e-16
1.126426950002169969e+00 9.008154101193309403e-16
1.127632460860769958e+00 8.763906856896609589e-16
1.128837971719369948e+00 8.430001704528630173e-16
1.130043482577969938e+00 8.128543737392009737e-16
1.131248993436579919e+00 7.996336717402190404e-16
1.132454504295179909e+00 7.873090776598729535e-16
1.133660015153779899e+00 8.064051707579250391e-16
1.134865526012380110e+00 7.960180057257460470e-16
1.136071036870980100e+00 7.001091533224109679e-16
1.137276547729590082e+00 6.664986742171240099e-16
1.138482058588190071e+00 6.779344660380040230e-16
1.139687569446790061e+00 6.623355602209280314e-16
1.140893080305390050e+00 6.384853358877329833e-16
1.142098591163990040e+00 6.325226474555370263e-16
1.143304102022600022e+00 6.895397173878940009e-16
1.144509612881200011e+00 6.811027398376500231e-16
1.145715123739800001e+00 6.549770673707749998e-16
1.146920634598399991e+00 6.618780036107330004e-16
1.148126145456999980e+00 7.062867763649739855e-16
1.149331656315599970e+00 7.079027034700979826e-16
1.150537167174209952e+00 7.316811947005720376e-16
1.151742678032809941e+00 7.657900468162000404e-16
1.152948188891409931e+00 7.825861807646609794e-16
1.154153699750009920e+00 7.618836367425820085e-16
1.155359210608609910e+00 7.523811446842500423e-16
1.156564721467219892e+00 7.950300476718920167e-16
1.157770232325820103e+00 8.238902601298590432e-16
1.158975743184420093e+00 8.431733886905770148e-16
1.160181254043020083e+00 8.128211806355810374e-16
1.161386764901620072e+00 8.272207936784629521e-16
1.162592275760230054e+00 8.610437192348340168e-16
1.163797786618830044e+00 8.034344144536679858e-16
1.165003297477430033e+00 8.205919667728100011e-16
1.166208808336030023e+00 8.136754133628869993e-16
1.167414319194630012e+00 8.006774810290330456e-16
1.168619830053239994e+00 7.726181382226949601e-16
1.169825340911839984e+00 7.539758430261339715e-16
1.171030851770439973e+00 7.302471149813110079e-16
1.172236362629039963e+00 6.976714454397719991e-16
1.173441873487639953e+00 6.771071266067729907e-16
1.174647384346239942e+00 6.924852744619710276e-16
1.175852895204849924e+00 6.920046891435230133e-16
1.177058406063449914e+00 6.397195158314419981e-16
1.178263916922049903e+00 5.931394270564750007e-16
1.179469427780649893e+00 5.716607890964739813e-16
1.180674938639250104e+00 5.545052484805810047e-16
1.181880449497860086e+00 5.319382261229180044e-16
1.183085960356460076e+00 4.958130120763499564e-16
1.184291471215060065e+00 4.717943340657709912e-16
1.185496982073660055e+00 4.718176274718199915e-16
1.186702492932260045e+00 4.665045603706079920e-16
1.187908003790870026e+00 4.410594259372929900e-16
1.189113514649470016e+00 4.313184146949710207e-16
1.190319025508070006e+00 4.423831796151739992e-16
1.191524536366669995e+00 4.223011666362970167e-16
1.192730047225269985e+00 4.147908166605690008e-16
1.193935558083879966e+00 4.328954576938599771e-16
1.195141068942479956e+00 4.473940147728939716e-16
1.196346579801079946e+00 4.443243673720439927e-16
1.197552090659679935e+00 4.404601765968899770e-16
1.198757601518279925e+00 4.536611056705100344e-16
1.199963112376879915e+00 4.519255351615859730e-16
1.201168623235489896e+00 4.639259803209289896e-16
1.202374134094090108e+00 4.895319980746639926e-16
1.203579644952690098e+00 4.805266614168109988e-16
1.204785155811290087e+00 4.695914131281989752e-16
1.205990666669890077e+00 4.722300266380150206e-16
1.207196177528500058e+00 4.719176302991550051e-16
1.208401688387100048e+00 4.663389124898609673e-16
1.209607199245700038e+00 4.598226880266340292e-16
1.210812710104300027e+00 4.587313390136559680e-16
1.212018220962900017e+00 4.392201468318900226e-16
1.213223731821509999e+00 4.256705842911360156e-16
1.214429242680109988e+00 4.363623635469719763e-16
1.215634753538709978e+00 4.163899619254260150e-16
1.216840264397309967e+00 4.064563830365010106e-16
1.218045775255909957e+00 4.327315568185670095e-16
1.219251286114519939e+00 4.097303506660959947e-16
1.220456796973119928e+00 3.669361021186610041e-16
1.221662307831719918e+00 3.700156492170820176e-16
1.222867818690319908e+00 3.810319215010549832e-16
1.224073329548919897e+00 3.744082297326450079e-16
1.225278840407520109e+00 3.817996509886229941e-16
1.226484351266130091e+00 3.696108998171919775e-16
1.227689862124730080e+00 3.166626320563099876e-16
1.228895372983330070e+00 3.034412947826170219e-16
1.230100883841930060e+00 3.150047768202960152e-16
1.231306394700530049e+00 3.042198768798220244e-16
1.232511905559140031e+00 3.157552744813429763e-16
1.233717416417740020e+00 2.709880744415160052e-16
1.234922927276340010e+00 2.709449287007649928e-16
1.236128438134940000e+00 2.709142237564270244e-16
1.237333948993539989e+00 2.907028721679780059e-16
1.238539459852149971e+00 2.682046712372790230e-16
1.239744970710749961e+00 2.699569706469119978e-16
1.240950481569349950e+00 2.794370428019209816e-16
1.242155992427949940e+00 2.593831142592010051e-16
1.243361503286549929e+00 2.265208034743560095e-16
1.244567014145159911e+00 2.354704741857059939e-16
1.245772525003759901e+00 2.653535583368209988e-16
1.246978035862359890e+00 2.616861703730059939e-16
1.248183546720960102e+00 2.502068887042399984e-16
1.249389057579560092e+00 2.584022501062810183e-16
1.250594568438160081e+00 2.744663093602969884e-16
1.251800079296770063e+00 2.759414966472799957e-16
1.253005590155370053e+00 2.560077938435109757e-16
1.254211101013970042e+00 2.396143711219109927e-16
1.255416611872570032e+00 2.440230452634709765e-16
1.256622122731170021e+00 2.911471144790340243e-16
1.257827633589780003e+00 3.351066156640950138e-16
1.259033144448379993e+00 3.227398287550629839e-16
1.260238655306979982e+00 2.959188481176109812e-16
1.261444166165579972e+00 3.105466306606600161e-16
1.262649677024179962e+00 3.398025398538930066e-16
1.263855187882789943e+00 3.315947376554389920e-16
1.265060698741389933e+00 3.410594838080589877e-16
1.266266209599989923e+00 3.299121596452780208e-16
1.267471720458589912e+00 3.147918539131800147e-16
1.268677231317189902e+00 3.358973473901360118e-16
1.269882742175789891e+00 3.433553930813709761e-16
1.271088253034400095e+00 3.464064586969410074e-16
1.272293763893000085e+00 3.614572018482450146e-16
1.273499274751600074e+00 3.582742902604800157e-16
1.274704785610200064e+00 3.496288367260919885e-16
1.275910296468800054e+00 3.718356053833759928e-16
1.277115807327410035e+00 3.924228999850700137e-16
1.278321318186010025e+00 4.050194181112639876e-16
1.279526829044610015e+00 3.514806625070269984e-16
1.280732339903210004e+00 3.250029684412290082e-16
1.281937850761809994e+00 3.941721289002680083e-16
1.283143361620419975e+00 4.132290202547299808e-16
1.284348872479019965e+00 4.099971660444810007e-16
1.285554383337619955e+00 4.045265243453009871e-16
1.286759894196219944e+00 3.864434561823849993e-16
1.287965405054819934e+00 4.070379770339099876e-16
1.289170915913429916e+00 3.935274309482889804e-16
1.290376426772029905e+00 3.560794690754660203e-16
1.291581937630629895e+00 3.981154643164309991e-16
1.292787448489230107e+00 4.189958058480950117e-16
1.293992959347830096e+00 4.466018801485329989e-16
1.295198470206430086e+00 4.504975964311930300e-16
1.296403981065040067e+00 4.510707200991289710e-16
1.297609491923640057e+00 4.266854885806250171e-16
1.298815002782240047e+00 4.229027717870850245e-16
1.300020513640840036e+00 4.444009179746520015e-16
1.301226024499440026e+00 4.652182879006440210e-16
1.302431535358050008e+00 4.758395516636200258e-16
1.303637046216649997e+00 4.791263571363220301e-16
1.304842557075249987e+00 4.519382406557949847e-16
1.306048067933849977e+00 4.297128902132299975e-16
1.307253578792449966e+00 4.300094046843280088e-16
1.308459089651059948e+00 4.060571922903280171e-16
1.309664600509659937e+00 3.975796895075130031e-16
1.310870111368259927e+00 4.149085807100169995e-16
1.312075622226859917e+00 4.004639955115919990e-16
1.313281133085459906e+00 3.962736441121860222e-16
1.314486643944070110e+00 3.770090973367479981e-16
1.315692154802670100e+00 3.877176849026309871e-16
1.316897665661270089e+00 3.822523636291499778e-16
1.318103176519870079e+00 3.700934703691110064e-16
1.319308687378470069e+00 3.704200809796159992e-16
1.320514198237070058e+00 3.594215169781970125e-16
1.321719709095680040e+00 3.168249182750479912e-16
1.322925219954280029e+00 3.329379466213270019e-16
1.324130730812880019e+00 3.226937978083359781e-16
1.325336241671480009e+00 3.014446793072609765e-16
1.326541752530079998e+00 3.058608443964489801e-16
1.327747263388689980e+00 3.023060588750599882e-16
1.328952774247289970e+00 2.758435055231940208e-16
1.330158285105889959e+00 2.766862768359329902e-16
1.331363795964489949e+00 2.874383013101420186e-16
1.332569306823089939e+00 2.674199481512070185e-16
1.333774817681699920e+00 2.406748299020940215e-16
1.334980328540299910e+00 2.464420919514909955e-16
1.336185839398899899e+00 2.489350157943790054e-16
1.337391350257499889e+00 2.294876157814530016e-16
1.338596861116100101e+00 2.413392478398760178e-16
1.339802371974700090e+00 2.297531606104169782e-16
1.341007882833310072e+00 2.001268465563280121e-16
1.342213393691910062e+00 2.257691676127859782e-16
1.343418904550510051e+00 2.462628386040280084e-16
1.344624415409110041e+00 2.456572100467409864e-16
1.345829926267710031e+00 2.058746400828280120e-16
1.347035437126320012e+00 2.057845237181740103e-16
1.348240947984920002e+00 2.449243147891299919e-16
1.349446458843519991e+00 2.284686351459059796e-16
1.350651969702119981e+00 2.441331066070549801e-16
1.351857480560719971e+00 2.560923647893389889e-16
1.353062991419329952e+00 2.267795455699620049e-16
1.354268502277929942e+00 2.473853160778180102e-16
1.355474013136529932e+00 2.939240325872679991e-16
1.356679523995129921e+00 2.471879044615480125e-16
1.357885034853729911e+00 1.773589185714880091e-16
1.359090545712339893e+00 1.888740535567240100e-16
1.360296056570940104e+00 2.154750306210170020e-16
1.361501567429540094e+00 2.882150569925540110e-16
1.362707078288140083e+00 3.860071548052099830e-16
1.363912589146740073e+00 3.117199036415049841e-16
1.365118100005340063e+00 3.144417646081680210e-16
1.366323610863950044e+00 2.757450908826350103e-16
1.367529121722550034e+00 1.855320453586630120e-16
1.368734632581150024e+00 4.015665677111209825e-16
1.369940143439750013e+00 4.055417992117029826e-16
1.371145654298350003e+00 3.422373095909959899e-16
1.372351165156959985e+00 4.377404332125960126e-16
1.373556676015559974e+00 3.240244336289129847e-16
1.374762186874159964e+00 2.511103816913850140e-16
1.375967697732759953e+00 2.856444972860939776e-16
1.377173208591359943e+00 2.583839859583559954e-16
1.378378719449969925e+00 3.231393106688119905e-16
1.379584230308569914e+00 3.624709944069900053e-16
1.380789741167169904e+00 3.199436671170579838e-16
1.381995252025769894e+00 2.900151078845870171e-16
1.383200762884370105e+00 2.583204055477519799e-16
1.384406273742980087e+00 3.464597423632789768e-16
1.385611784601580077e+00 4.927354237416199615e-16
1.386817295460180066e+00 4.354997928390920222e-16
1.388022806318780056e+00 2.979765293745079934e-16
1.389228317177380045e+00 0.000000000000000000e+00
1.390433828035980035e+00 0.000000000000000000e+00
1.391639338894590017e+00 0.000000000000000000e+00
1.392844849753190006e+00 0.000000000000000000e+00
1.394050360611789996e+00 0.000000000000000000e+00
1.395255871470389986e+00 0.000000000000000000e+00
1.396461382328989975e+00 0.000000000000000000e+00
1.397666893187599957e+00 0.000000000000000000e+00
1.398872404046199946e+00 0.000000000000000000e+00
1.400077914904799936e+00 0.000000000000000000e+00
1.401283425763399926e+00 0.000000000000000000e+00
1.402488936621999915e+00 0.000000000000000000e+00
1.403694447480609897e+00 0.000000000000000000e+00
1.404899958339210109e+00 0.000000000000000000e+00
1.406105469197810098e+00 0.000000000000000000e+00
1.407310980056410088e+00 0.000000000000000000e+00
1.408516490915010078e+00 0.000000000000000000e+00
1.409722001773620059e+00 0.000000000000000000e+00
1.410927512632220049e+00 0.000000000000000000e+00
1.412133023490820039e+00 0.000000000000000000e+00
1.413338534349420028e+00 0.000000000000000000e+00
1.414544045208020018e+00 0.000000000000000000e+00
1.415749556066620007e+00 0.000000000000000000e+00
1.416955066925229989e+00 0.000000000000000000e+00
1.418160577783829979e+00 0.000000000000000000e+00
1.419366088642429968e+00 0.000000000000000000e+00
1.420571599501029958e+00 0.000000000000000000e+00
1.421777110359629948e+00 0.000000000000000000e+00
1.422982621218239929e+00 0.000000000000000000e+00
1.424188132076839919e+00 0.000000000000000000e+00
1.425393642935439908e+00 0.000000000000000000e+00
1.426599153794039898e+00 0.000000000000000000e+00
1.427804664652640110e+00 0.000000000000000000e+00
1.429010175511250091e+00 0.000000000000000000e+00
1.430215686369850081e+00 0.000000000000000000e+00
1.431421197228450071e+00 0.000000000000000000e+00
1.432626708087050060e+00 0.000000000000000000e+00
1.433832218945650050e+00 0.000000000000000000e+00
1.435037729804260032e+00 0.000000000000000000e+00
1.436243240662860021e+00 0.000000000000000000e+00
1.437448751521460011e+00 0.000000000000000000e+00
1.438654262380060000e+00 0.000000000000000000e+00
1.439859773238659990e+00 0.000000000000000000e+00
1.441065284097259980e+00 0.000000000000000000e+00
1.442270794955869961e+00 0.000000000000000000e+00
1.443476305814469951e+00 0.000000000000000000e+00
1.444681816673069941e+00 0.000000000000000000e+00
1.445887327531669930e+00 0.000000000000000000e+00
1.447092838390269920e+00 0.000000000000000000e+00
1.448298349248879902e+00 0.000000000000000000e+00
1.449503860107479891e+00 0.000000000000000000e+00
1.450709370966080103e+00 0.000000000000000000e+00
1.451914881824680092e+00 0.000000000000000000e+00
1.453120392683280082e+00 0.000000000000000000e+00
1.454325903541890064e+00 0.000000000000000000e+00
1.455531414400490053e+00 0.000000000000000000e+00
1.456736925259090043e+00 0.000000000000000000e+00
1.457942436117690033e+00 0.000000000000000000e+00
1.459147946976290022e+00 0.000000000000000000e+00
1.460353457834900004e+00 0.000000000000000000e+00
1.461558968693499994e+00 0.000000000000000000e+00
1.462764479552099983e+00 0.000000000000000000e+00
1.463969990410699973e+00 0.000000000000000000e+00
1.465175501269299962e+00 0.000000000000000000e+00
1.466381012127899952e+00 0.000000000000000000e+00
1.467586522986509934e+00 0.000000000000000000e+00
1.468792033845109923e+00 0.000000000000000000e+00
1.469997544703709913e+00 0.000000000000000000e+00
1.471203055562309903e+00 0.000000000000000000e+00
1.472408566420909892e+00 0.000000000000000000e+00
1.473614077279520096e+00 0.000000000000000000e+00
1.474819588138120086e+00 0.000000000000000000e+00
1.476025098996720075e+00 0.000000000000000000e+00
1.477230609855320065e+00 1.878151300237580028e-16
1.478436120713920054e+00 2.064858802333909881e-16
1.479641631572530036e+00 2.446555406470540166e-16
1.480847142431130026e+00 2.608617426175319864e-16
1.482052653289730015e+00 2.494413826781590231e-16
1.483258164148330005e+00 2.383964436228780114e-16
1.484463675006929995e+00 2.352661274871809926e-16
1.485669185865539976e+00 2.372339438423299973e-16
1.486874696724139966e+00 2.414251952142430234e-16
1.488080207582739956e+00 2.446595905233329776e-16
1.489285718441339945e+00 2.485932644699410039e-16
1.490491229299939935e+00 2.548843105180969968e-16
1.491696740158539924e+00 2.630483317010890159e-16
1.492902251017149906e+00 2.706184239693780124e-16
1.494107761875749896e+00 2.704928778047280023e-16
1.495313272734350107e+00 2.667713062020679787e-16
1.496518783592950097e+00 2.761502373292189773e-16
1.497724294451550087e+00 2.956443300333619800e-16
1.498929805310160068e+00 3.102371459975569761e-16
1.500135316168760058e+00 3.197572669291029822e-16
1.501340827027360048e+00 3.286777150037729890e-16
1.502546337885960037e+00 3.353446848618319853e-16
1.503751848744560027e+00 3.377717783628510188e-16
1.504957359603170008e+00 3.354465405737400052e-16
1.506162870461769998e+00 3.294046545609749823e-16
1.507368381320369988e+00 3.236762236782530073e-16
1.508573892178969977e+00 3.200750895727810004e-16
1.509779403037569967e+00 3.172462642267479994e-16
1.510984913896169957e+00 3.146277677494289971e-16
1.512190424754779938e+00 3.120712105563790010e-16
1.513395935613379928e+00 3.128480721179090056e-16
1.514601446471979918e+00 3.207275696399629766e-16
1.515806957330579907e+00 3.306234290929550206e-16
1.517012468189179897e+00 3.364336251248659963e-16
1.518217979047790100e+00 3.393073432171040176e-16
1.519423489906390090e+00 3.401169214262220154e-16
1.520629000764990080e+00 3.359109528568509882e-16
1.521834511623590069e+00 3.266958167258759802e-16
1.523040022482190059e+00 3.167546410102049929e-16
1.524245533340800041e+00 3.093585610730179955e-16
1.525451044199400030e+00 3.065668728277649919e-16
1.526656555058000020e+00 3.077903854502950159e-16
1.527862065916600010e+00 3.105432425288709989e-16
1.529067576775199999e+00 3.147388349446380131e-16
1.530273087633809981e+00 3.196370147203730156e-16
1.531478598492409970e+00 3.137336185944840215e-16
1.532684109351009960e+00 2.919816801600960240e-16
1.533889620209609950e+00 2.743986261338559918e-16
1.535095131068209939e+00 2.715382488105369792e-16
1.536300641926809929e+00 2.724304921413509778e-16
1.537506152785419911e+00 2.702720139637309997e-16
1.538711663644019900e+00 2.628921600014390043e-16
1.539917174502619890e+00 2.542242336241689885e-16
1.541122685361220102e+00 2.520014603518969817e-16
1.542328196219820091e+00 2.542611324969340005e-16
1.543533707078430073e+00 2.556621779312520139e-16
1.544739217937030062e+00 2.528120708824190020e-16
1.545944728795630052e+00 2.447829926358359899e-16
1.547150239654230042e+00 2.380354487686700200e-16
1.548355750512830031e+00 2.373662927403390241e-16
1.549561261371440013e+00 2.424796982940149802e-16
1.550766772230040003e+00 2.489753557384919915e-16
1.551972283088639992e+00 2.465457740781909901e-16
1.553177793947239982e+00 2.407792002430630193e-16
1.554383304805839972e+00 2.487313308403439972e-16
1.555588815664449953e+00 2.612460308777889781e-16
1.556794326523049943e+00 2.603442848960980196e-16
1.557999837381649932e+00 2.519603527841750041e-16
1.559205348240249922e+00 2.464715263464079838e-16
1.560410859098849912e+00 2.461935936605900186e-16
1.561616369957449901e+00 2.513339454499009952e-16
1.562821880816060105e+00 2.590381336216519909e-16
1.564027391674660095e+00 2.663240463361380078e-16
1.565232902533260084e+00 2.709911714057299954e-16
1.566438413391860074e+00 2.734875892595249856e-16
1.567643924250460064e+00 2.763553516513519841e-16
1.568849435109070045e+00 2.830976809719370114e-16
1.570054945967670035e+00 2.967090504480609807e-16
1.571260456826270024e+00 3.066061010411350025e-16
1.572465967684870014e+00 3.018244677049870109e-16
1.573671478543470004e+00 2.921546866395720246e-16
1.574876989402079985e+00 2.876251514843500025e-16
1.576082500260679975e+00 2.866087119476449900e-16
1.577288011119279965e+00 2.880523737271219819e-16
1.578493521977879954e+00 2.933719259243360027e-16
1.579699032836479944e+00 3.013831635394669781e-16
1.580904543695089925e+00 3.086111868459639853e-16
1.582110054553689915e+00 3.135969286526210067e-16
1.583315565412289905e+00 3.162925845374780186e-16
1.584521076270889894e+00 3.169626140685360184e-16
1.585726587129490106e+00 3.161834761059600212e-16
1.586932097988090096e+00 3.140935281877279982e-16
1.588137608846700077e+00 3.111743614839140113e-16
1.589343119705300067e+00 3.095632783484569768e-16
1.590548630563900057e+00 3.101533691451179999e-16
1.591754141422500046e+00 3.104740240552130053e-16
1.592959652281100036e+00 3.108930406663069795e-16
1.594165163139710018e+00 3.160737323997309915e-16
1.595370673998310007e+00 3.224756868244179958e-16
1.596576184856909997e+00 3.211051610459809854e-16
1.597781695715509986e+00 3.157173697569539873e-16
1.598987206574109976e+00 3.146016685467420198e-16
1.600192717432719958e+00 3.184777971924960064e-16
1.601398228291319947e+00 3.250573638383100023e-16
1.602603739149919937e+00 3.267389359968469965e-16
1.603809250008519927e+00 3.198309587955140077e-16
1.605014760867119916e+00 3.116356503330329801e-16
1.606220271725729898e+00 3.101091910829619790e-16
1.607425782584330110e+00 3.235414130907420088e-16
1.608631293442930099e+00 3.457783043572129907e-16
1.609836804301530089e+00 3.583511320306630022e-16
1.611042315160130078e+00 3.573829998417309879e-16
1.612247826018730068e+00 3.474317126702529906e-16
1.613453336877340050e+00 3.359762008635690231e-16
1.614658847735940039e+00 3.304287173942049876e-16
1.615864358594540029e+00 3.305169146998379896e-16
1.617069869453140019e+00 3.337157081553640066e-16
1.618275380311740008e+00 3.360541808342760165e-16
1.619480891170349990e+00 3.357409904020289855e-16
1.620686402028949979e+00 3.357410168718079956e-16
1.621891912887549969e+00 3.371878285550579838e-16
1.623097423746149959e+00 3.392469656498329907e-16
1.624302934604749948e+00 3.405388761828530106e-16
1.625508445463359930e+00 3.395267247504429800e-16
1.626713956321959920e+00 3.377893807662859993e-16
1.627919467180559909e+00 3.378850160799869795e-16
1.629124978039159899e+00 3.427906338637900095e-16
1.630330488897760111e+00 3.528793256611800209e-16
1.631535999756360100e+00 3.574213016128149884e-16
1.632741510614970082e+00 3.539268936586970234e-16
1.633947021473570071e+00 3.612872658632020219e-16
1.635152532332170061e+00 3.804280664190020145e-16
1.636358043190770051e+00 3.886180809255629986e-16
1.637563554049370040e+00 3.837939900629329977e-16
1.638769064907980022e+00 3.783146662760429866e-16
1.639974575766580012e+00 3.757241483557640134e-16
1.641180086625180001e+00 3.758944019781619798e-16
1.642385597483779991e+00 3.759187277056159886e-16
1.643591108342379981e+00 3.727107227667879894e-16
1.644796619200989962e+00 3.671887296951799936e-16
1.646002130059589952e+00 3.609628257746240232e-16
1.647207640918189941e+00 3.559944481433860108e-16
1.648413151776789931e+00 3.525696821794000117e-16
1.649618662635389921e+00 3.479916543879469907e-16
1.650824173493999902e+00 3.431650224264760158e-16
1.652029684352599892e+00 3.421631412685519859e-16
1.653235195211200104e+00 3.429219504403939784e-16
1.654440706069800093e+00 3.408596105022870183e-16
1.655646216928400083e+00 3.398564058553820161e-16
1.656851727787000073e+00 3.444200076169520137e-16
1.658057238645610054e+00 3.490420017123220234e-16
1.659262749504210044e+00 3.491838797309870201e-16
1.660468260362810033e+00 3.482575697938259827e-16
1.661673771221410023e+00 3.480139948819310201e-16
1.662879282080010013e+00 3.460561841034710130e-16
1.664084792938619994e+00 3.430364322371710216e-16
1.665290303797219984e+00 3.423976105762640141e-16
1.666495814655819974e+00 3.447145368545799963e-16
1.667701325514419963e+00 3.487986120888850122e-16
1.668906836373019953e+00 3.497771204314209903e-16
1.670112347231629935e+00 3.431406172896830048e-16
1.671317858090229924e+00 3.346643850562890202e-16
1.672523368948829914e+00 3.306242761259019791e-16
1.673728879807429903e+00 3.312925586515060204e-16
1.674934390666029893e+00 3.348449354229519974e-16
1.676139901524640097e+00 3.363273754295449822e-16
1.677345412383240086e+00 3.342765233757850106e-16
1.678550923241840076e+00 3.320551000622720001e-16
1.679756434100440066e+00 3.301078242560940107e-16
1.680961944959040055e+00 3.269816903455740107e-16
1.682167455817640045e+00 3.201575164664609804e-16
1.683372966676250027e+00 3.074751303752380171e-16
1.684578477534850016e+00 2.918048885021359947e-16
1.685783988393450006e+00 2.774322216948880157e-16
1.686989499252049995e+00 2.690064408614150133e-16
1.688195010110649985e+00 2.680915658690410215e-16
1.689400520969259967e+00 2.699448210180739808e-16
1.690606031827859956e+00 2.681539022000030177e-16
1.691811542686459946e+00 2.541797643944389759e-16
1.693017053545059936e+00 2.332801793330039873e-16
1.694222564403659925e+00 2.221794949218819991e-16
1.695428075262269907e+00 2.210023308834349901e-16
1.696633586120869897e+00 2.216228089870779970e-16
1.697839096979470108e+00 2.209587483913209934e-16
1.699044607838070098e+00 2.174945159859490121e-16
1.700250118696670087e+00 2.122922910868189951e-16
1.701455629555280069e+00 2.064153515056419956e-16
1.702661140413880059e+00 1.978360591853690014e-16
1.703866651272480048e+00 1.877648903820740068e-16
1.705072162131080038e+00 1.830980961847280018e-16
1.706277672989680028e+00 1.854564609030099967e-16
1.707483183848280017e+00 1.911267641497260044e-16
1.708688694706889999e+00 1.956661725327400017e-16
1.709894205565489989e+00 1.946164075435160091e-16
1.711099716424089978e+00 1.911682290594729993e-16
1.712305227282689968e+00 1.904661578602069975e-16
1.713510738141289957e+00 1.898601984306750037e-16
1.714716248999899939e+00 1.870229689296179955e-16
1.715921759858499929e+00 1.863327958962839918e-16
1.717127270717099918e+00 1.897375374720010115e-16
1.718332781575699908e+00 1.931767427007589967e-16
1.719538292434299898e+00 1.947633809947549980e-16
1.720743803292910101e+00 1.953748196686640008e-16
1.721949314151510091e+00 1.961357331879840078e-16
1.723154825010110081e+00 1.984315233472880103e-16
1.724360335868710070e+00 2.004036145718430096e-16
1.725565846727310060e+00 1.993836810242309922e-16
1.726771357585910049e+00 1.971314601221509883e-16
1.727976868444520031e+00 1.961274878516380052e-16
1.729182379303120021e+00 1.974329376769250080e-16
1.730387890161720010e+00 2.008989170877500110e-16
1.731593401020320000e+00 2.036926964455910063e-16
1.732798911878919990e+00 2.051156323876390067e-16
1.734004422737529971e+00 2.078864095070060042e-16
1.735209933596129961e+00 2.120829018952799937e-16
1.736415444454729951e+00 2.159710345860830047e-16
1.737620955313329940e+00 2.146625936757019963e-16
1.738826466171929930e+00 2.031143317612940034e-16
1.740031977030539911e+00 1.907276528128919885e-16
1.741237487889139901e+00 1.883074811592400067e-16
1.742442998747739891e+00 1.919896127902930088e-16
1.743648509606340102e+00 1.963387166928599901e-16
1.744854020464940092e+00 1.989997501059980072e-16
1.746059531323550074e+00 1.989859461159359934e-16
1.747265042182150063e+00 1.977231655753670000e-16
1.748470553040750053e+00 1.974346714474880070e-16
1.749676063899350043e+00 2.007417924760350039e-16
1.750881574757950032e+00 2.073039155370909886e-16
1.752087085616550022e+00 2.149322677902840102e-16
1.753292596475160003e+00 2.201811721457410034e-16
1.754498107333759993e+00 2.203803307674639982e-16
1.755703618192359983e+00 2.204140135620079956e-16
1.756909129050959972e+00 2.246361022271559879e-16
1.758114639909559962e+00 2.295653575241429881e-16
1.759320150768169944e+00 2.332344924934120008e-16
1.760525661626769933e+00 2.386594738227800240e-16
1.761731172485369923e+00 2.452055561973980213e-16
1.762936683343969912e+00 2.480264670793300164e-16
1.764142194202569902e+00 2.469893281749759839e-16
1.765347705061180106e+00 2.451101591117130127e-16
1.766553215919780095e+00 2.462934376692480137e-16
1.767758726778380085e+00 2.538569124926369804e-16
1.768964237636980075e+00 2.642593241178669936e-16
1.770169748495580064e+00 2.729985865511629908e-16
1.771375259354190046e+00 2.790947620818909954e-16
1.772580770212790036e+00 2.832842399785700176e-16
1.773786281071390025e+00 2.896627686483089778e-16
1.774991791929990015e+00 2.986088129998540227e-16
1.776197302788590004e+00 3.047810626771570084e-16
1.777402813647189994e+00 3.064600143275129908e-16
1.778608324505799976e+00 3.050536484674960225e-16
1.779813835364399965e+00 3.023897827879400076e-16
1.781019346222999955e+00 3.005212281062970210e-16
1.782224857081599945e+00 3.018022330901209939e-16
1.783430367940199934e+00 3.072356582791820077e-16
1.784635878798809916e+00 3.117908161810579793e-16
1.785841389657409906e+00 3.115415237967690008e-16
1.787046900516009895e+00 3.085113428373059902e-16
1.788252411374610107e+00 3.051842238902709960e-16
1.789457922233210097e+00 3.037434737865499936e-16
1.790663433091820078e+00 3.056756882881350118e-16
1.791868943950420068e+00 3.114299007361889902e-16
1.793074454809020057e+00 3.184449217262309946e-16
1.794279965667620047e+00 3.227578546749719860e-16
1.795485476526220037e+00 3.214362450492390101e-16
1.796690987384830018e+00 3.135304895058209940e-16
1.797896498243430008e+00 3.063984985597189924e-16
1.799102009102029998e+00 3.063441296324170084e-16
1.800307519960629987e+00 3.106853852453320126e-16
1.801513030819229977e+00 3.154208288160759799e-16
1.802718541677829966e+00 3.151919711016390183e-16
1.803924052536439948e+00 3.120040037859699967e-16
1.805129563395039938e+00 3.175497402498810105e-16
1.806335074253639927e+00 3.271063100679389969e-16
1.807540585112239917e+00 3.256398313384459832e-16
1.808746095970839907e+00 3.189323362478160002e-16
1.809951606829450110e+00 3.193191920766949973e-16
1.811157117688050100e+00 3.259312900816400211e-16
1.812362628546650090e+00 3.345659704157300098e-16
1.813568139405250079e+00 3.402617375904229977e-16
1.814773650263850069e+00 3.396208248169270124e-16
1.815979161122460050e+00 3.339477422433530238e-16
1.817184671981060040e+00 3.252681162234990087e-16
1.818390182839660030e+00 3.151106824084829961e-16
1.819595693698260019e+00 3.089134452592350225e-16
1.820801204556860009e+00 3.149990858176819955e-16
1.822006715415469991e+00 3.205702068002309872e-16
1.823212226274069980e+00 3.060093398600149927e-16
1.824417737132669970e+00 2.850058873834239809e-16
1.825623247991269960e+00 2.765867239948510083e-16
1.826828758849869949e+00 2.800618354796389911e-16
1.828034269708469939e+00 2.892056884941470239e-16
1.829239780567079920e+00 2.918927946401929835e-16
1.830445291425679910e+00 2.802640116562369985e-16
1.831650802284279900e+00 2.540892377482009754e-16
1.832856313142879889e+00 2.254578035953310206e-16
1.834061824001480101e+00 2.172351915551909905e-16
1.835267334860090083e+00 2.298602573386859861e-16
1.836472845718690072e+00 2.503874126011240149e-16
1.837678356577290062e+00 2.650431737012119941e-16
1.838883867435890052e+00 2.631982035931940209e-16
1.840089378294490041e+00 2.647980900118799813e-16
1.841294889153100023e+00 2.807819723034830031e-16
1.842500400011700012e+00 2.618546505201709918e-16
1.843705910870300002e+00 2.005222653589080103e-16
1.844911421728899992e+00 1.847341403223489927e-16
1.846116932587499981e+00 2.262430560769950097e-16
1.847322443446099971e+00 2.454490516999539817e-16
1.848527954304709953e+00 2.279958054728810161e-16
1.849733465163309942e+00 2.012833641666850073e-16
1.850938976021909932e+00 1.841008508453790110e-16
1.852144486880509922e+00 1.897293847798829986e-16
1.853349997739109911e+00 1.980315252728369925e-16
1.854555508597719893e+00 1.882417699313780053e-16
1.855761019456320104e+00 1.720861252399399915e-16
1.856966530314920094e+00 1.621553389127629907e-16
1.858172041173520084e+00 1.653211774926849937e-16
1.859377552032120073e+00 1.770131570754400054e-16
1.860583062890730055e+00 1.763461715690369896e-16
1.861788573749330045e+00 1.601496310681140089e-16
1.862994084607930034e+00 1.404278585547270105e-16
1.864199595466530024e+00 1.227117541813189995e-16
1.865405106325130014e+00 1.095421190046339974e-16
1.866610617183739995e+00 1.207286779982290002e-16
1.867816128042339985e+00 1.663165073801579980e-16
1.869021638900939974e+00 1.822972265330990115e-16
1.870227149759539964e+00 1.351616297285199917e-16
1.871432660618139954e+00 1.075039658276380015e-16
1.872638171476749935e+00 1.379819185706319879e-16
1.873843682335349925e+00 1.804297703473090024e-16
1.875049193193949915e+00 2.077090487487850068e-16
1.876254704052549904e+00 2.108790166143249978e-16
1.877460214911149894e+00 1.952834459894789925e-16
1.878665725769750106e+00 1.765851936788399920e-16
1.879871236628360087e+00 1.658472775971589885e-16
1.881076747486960077e+00 1.696258386353009971e-16
1.882282258345560066e+00 1.818161779935070062e-16
1.883487769204160056e+00 1.931016214662499972e-16
1.884693280062760046e+00 1.940810562510720101e-16
1.885898790921370027e+00 1.834269434916089928e-16
1.887104301779970017e+00 1.747335796561419929e-16
1.888309812638570007e+00 1.768689761859500062e-16
1.889515323497169996e+00 1.931045066722259906e-16
1.890720834355769986e+00 2.096105053664730012e-16
1.891926345214379968e+00 2.030228124983209885e-16
1.893131856072979957e+00 1.820639218956889896e-16
1.894337366931579947e+00 1.670970217712730122e-16
1.895542877790179936e+00 1.711454025077849920e-16
1.896748388648779926e+00 1.974728938092330052e-16
1.897953899507379916e+00 2.178791351184510003e-16
1.899159410365989897e+00 2.145544910958090113e-16
1.900364921224590109e+00 2.032843206858960021e-16
1.901570432083190099e+00 1.966192434170789956e-16
1.902775942941790088e+00 2.015509604035690029e-16
1.903981453800390078e+00 2.099293338617749964e-16
1.905186964659000060e+00 2.015364946690160100e-16
1.906392475517600049e+00 1.841880687691660106e-16
1.907597986376200039e+00 1.770020927075669891e-16
1.908803497234800028e+00 1.822606585325789961e-16
1.910009008093400018e+00 1.958691295678359879e-16
1.911214518952010000e+00 2.070884250613539933e-16
1.912420029810609989e+00 2.068401914682490088e-16
1.913625540669209979e+00 1.922707615543319886e-16
1.914831051527809969e+00 1.723164652620340071e-16
1.916036562386409958e+00 1.748944762114510060e-16
1.917242073245019940e+00 1.967256122264079954e-16
1.918447584103619930e+00 2.049081622551210052e-16
1.919653094962219919e+00 1.964804623626270030e-16
1.920858605820819909e+00 1.845604588634930009e-16
1.922064116679419898e+00 1.743560279547940029e-16
1.923269627538020110e+00 1.687649487584250112e-16
1.924475138396630092e+00 1.668953882251570123e-16
1.925680649255230081e+00 1.673608857692329960e-16
1.926886160113830071e+00 1.722226298933459916e-16
1.928091670972430061e+00 1.803943934868709894e-16
1.929297181831030050e+00 1.847379916752809903e-16
1.930502692689640032e+00 1.829253676379370055e-16
1.931708203548240022e+00 1.785288431252129926e-16
1.932913714406840011e+00 1.725520065958200026e-16
1.934119225265440001e+00 1.644063686747609922e-16
1.935324736124039990e+00 1.605134052491800060e-16
1.936530246982649972e+00 1.674569578342970097e-16
1.937735757841249962e+00 1.730708539806819985e-16
1.938941268699849951e+00 1.669142479431229994e-16
1.940146779558449941e+00 1.630981262877260104e-16
1.941352290417049931e+00 1.694567099785360041e-16
1.942557801275659912e+00 1.733195110902610047e-16
1.943763312134259902e+00 1.688602664347709929e-16
1.944968822992859891e+00 1.599979592309959900e-16
1.946174333851460103e+00 1.510272450448630017e-16
1.947379844710060093e+00 1.467488022189420107e-16
1.948585355568660082e+00 1.451340662538999914e-16
1.949790866427270064e+00 1.413847940268869893e-16
1.950996377285870054e+00 1.357532160677279930e-16
1.952201888144470043e+00 1.303644453968549925e-16
1.953407399003070033e+00 1.305329123091299924e-16
1.954612909861670023e+00 1.384302504626349893e-16
1.955818420720280004e+00 1.468280924437389923e-16
1.957023931578879994e+00 1.508184381884749912e-16
1.958229442437479983e+00 1.504358175243319943e-16
1.959434953296079973e+00 1.470752407758800115e-16
1.960640464154679963e+00 1.435388252815340056e-16
1.961845975013289944e+00 1.408285051387779987e-16
1.963051485871889934e+00 1.387807632841210046e-16
1.964256996730489924e+00 1.373018305233249981e-16
1.965462507589089913e+00 1.362238355141559930e-16
1.966668018447689903e+00 1.357486632656369942e-16
1.967873529306289893e+00 1.358991704324519962e-16
1.969079040164900096e+00 1.360444895224649916e-16
1.970284551023500086e+00 1.356528029588090052e-16
1.971490061882100076e+00 1.344200259134190036e-16
1.972695572740700065e+00 1.327586634316080036e-16
1.973901083599300055e+00 1.318431399296350028e-16
1.975106594457910036e+00 1.318703376281759929e-16
1.976312105316510026e+00 1.323615240933539937e-16
1.977517616175110016e+00 1.329590661329729930e-16
1.978723127033710005e+00 1.333513217968899968e-16
1.979928637892309995e+00 1.332893957475119995e-16
1.981134148750919977e+00 1.327515033562259911e-16
1.982339659609519966e+00 1.324411584252859946e-16
1.983545170468119956e+00 1.326676206246679918e-16
1.984750681326719945e+00 1.326144428374489963e-16
1.985956192185319935e+00 1.320078216634270093e-16
1.987161703043929917e+00 1.313980241158529912e-16
1.988367213902529906e+00 1.305477353857069919e-16
1.989572724761129896e+00 1.287507549881069938e-16
1.990778235619730108e+00 1.257866558334199892e-16
1.991983746478330097e+00 1.218728606912919991e-16
1.993189257336930087e+00 1.187016884507800077e-16
1.994394768195540069e+00 1.179769988248449969e-16
1.995600279054140058e+00 1.207440304703980091e-16
1.996805789912740048e+00 1.258122653451839900e-16
1.998011300771340037e+00 1.258325014916900049e-16
1.999216811629940027e+00 1.205010246587650006e-16
2.000422322488550009e+00 1.215178877119440100e-16
2.001627833347149998e+00 1.295326855124309946e-16
2.002833344205749988e+00 1.353598883777369972e-16
2.004038855064349978e+00 1.352055298579890116e-16
2.005244365922949967e+00 1.284580521652719966e-16
2.006449876781560171e+00 1.228348651262470094e-16
2.007655387640160161e+00 1.260507977640650019e-16
2.008860898498760150e+00 1.276661292991480101e-16
2.010066409357360140e+00 1.199775185926919967e-16
2.011271920215960129e+00 1.148258245028219888e-16
2.012477431074569889e+00 1.180178549296599941e-16
2.013682941933169879e+00 1.215078689003640035e-16
2.014888452791769868e+00 1.213627086290289881e-16
2.016093963650369858e+00 1.180822559034309966e-16
2.017299474508969848e+00 1.142772780252470123e-16
2.018504985367569837e+00 1.139509982869860053e-16
2.019710496226180041e+00 1.155588256395520064e-16
2.020916007084780031e+00 1.158249130989990011e-16
2.022121517943380020e+00 1.157226074008379989e-16
2.023327028801980010e+00 1.162952281429609899e-16
2.024532539660579999e+00 1.155623990597989997e-16
2.025738050519190203e+00 1.125332636566300096e-16
2.026943561377790193e+00 1.089663483587379977e-16
2.028149072236390182e+00 1.054658192680870047e-16
2.029354583094990172e+00 1.009243197724850033e-16
2.030560093953590162e+00 9.607602229640929995e-17
2.031765604812199921e+00 9.281512412049260441e-17
2.032971115670799911e+00 9.177719112275080450e-17
2.034176626529399901e+00 9.279351816289269467e-17
2.035382137387999890e+00 9.363069111724530129e-17
2.036587648246599880e+00 9.231724741851930098e-17
2.037793159105210083e+00 9.076962557965710065e-17
2.038998669963810073e+00 9.054448686925490476e-17
2.040204180822410063e+00 9.074896591667800088e-17
2.041409691681010052e+00 9.051116803418130579e-17
2.042615202539610042e+00 8.922645066376799772e-17
2.043820713398210032e+00 8.651870470707770121e-17
2.045026224256819791e+00 8.232388653236409832e-17
2.046231735115419781e+00 7.821929060142290391e-17
2.047437245974020215e+00 7.640401958611809622e-17
2.048642756832620204e+00 7.733459115779540123e-17
2.049848267691220194e+00 8.046036110884539720e-17
2.051053778549829953e+00 8.415912237893339960e-17
2.052259289408429943e+00 8.643353157376440268e-17
2.053464800267029933e+00 8.441775197797670410e-17
2.054670311125629922e+00 7.866609386365459761e-17
2.055875821984229912e+00 7.595400024566469774e-17
2.057081332842840116e+00 7.803594105556680070e-17
2.058286843701440105e+00 8.105103424065730018e-17
2.059492354560040095e+00 8.262167817032810103e-17
2.060697865418640085e+00 8.137497140342290364e-17
2.061903376277240074e+00 7.908418403246339992e-17
2.063108887135840064e+00 7.847236154674980276e-17
2.064314397994449823e+00 7.866067417628119948e-17
2.065519908853049813e+00 7.879320836274689578e-17
2.066725419711649803e+00 8.173206858258449590e-17
2.067930930570249792e+00 8.767698917522350410e-17
2.069136441428849782e+00 9.033041914417109395e-17
2.070341952287459986e+00 8.823802277132629606e-17
2.071547463146059975e+00 8.647558543610650000e-17
2.072752974004659965e+00 8.667442642047449631e-17
2.073958484863259955e+00 8.794427439219650185e-17
2.075163995721859944e+00 8.951692340767209426e-17
2.076369506580470148e+00 9.055940259006039933e-17
2.077575017439070137e+00 9.035586983725810086e-17
2.078780528297670127e+00 8.876882126167919766e-17
2.079986039156270117e+00 8.783724383837700352e-17
2.081191550014870106e+00 8.878212232592900105e-17
2.082397060873479866e+00 8.957213275047639517e-17
2.083602571732079856e+00 8.999508012384209653e-17
2.084808082590679845e+00 9.322373149075900020e-17
2.086013593449279835e+00 9.780749660693999876e-17
2.087219104307879824e+00 9.837062131563139872e-17
2.088424615166490028e+00 9.629419945477629886e-17
2.089630126025090018e+00 9.606545423690329782e-17
2.090835636883690007e+00 9.718468916269169739e-17
2.092041147742289997e+00 9.796588515063170180e-17
2.093246658600889987e+00 9.819974565341259518e-17
2.094452169459489976e+00 9.808243159021789923e-17
2.095657680318100180e+00 9.880898071817020042e-17
2.096863191176700170e+00 1.004840413109250046e-16
2.098068702035300159e+00 1.007690281930059962e-16
2.099274212893900149e+00 1.000935392699059969e-16
2.100479723752500139e+00 1.021514984594889995e-16
2.101685234611109898e+00 1.042061555440660001e-16
2.102890745469709888e+00 1.001653186947409971e-16
2.104096256328309877e+00 9.557480378476140556e-17
2.105301767186909867e+00 9.826460984832660270e-17
2.106507278045509857e+00 1.028358018191970048e-16
2.107712788904120060e+00 1.033185973642419949e-16
2.108918299762720050e+00 1.014695509101650029e-16
2.110123810621320040e+00 9.979241905715689593e-17
2.111329321479920029e+00 1.011688277441100013e-16
2.112534832338520019e+00 1.052293779617939967e-16
2.113740343197120009e+00 1.070792582139279985e-16
2.114945854055730212e+00 1.069812538549529992e-16
2.116151364914330202e+00 1.088516680386130050e-16
2.117356875772930191e+00 1.125510248787420086e-16
2.118562386631530181e+00 1.164071953106770059e-16
2.119767897490130171e+00 1.203165567647209969e-16
2.120973408348739930e+00 1.243470836348909911e-16
2.122178919207339920e+00 1.285305396567109970e-16
2.123384430065939910e+00 1.321657668383099895e-16
2.124589940924539899e+00 1.319289417202140019e-16
2.125795451783139889e+00 1.289205718591420006e-16
2.127000962641750093e+00 1.313849480447289888e-16
2.128206473500350082e+00 1.383844974485939986e-16
2.129411984358950072e+00 1.411131479137249941e-16
2.130617495217550061e+00 1.395709259099010099e-16
2.131823006076150051e+00 1.380107044559490058e-16
2.133028516934759811e+00 1.372069893030119949e-16
2.134234027793359800e+00 1.372725549470859898e-16
2.135439538651959790e+00 1.398116023809300058e-16
2.136645049510559780e+00 1.452552184351370073e-16
2.137850560369160213e+00 1.503387925472019990e-16
2.139056071227760203e+00 1.534528959428930031e-16
2.140261582086369962e+00 1.564907796082200090e-16
2.141467092944969952e+00 1.603835048057849990e-16
2.142672603803569942e+00 1.651462651890770053e-16
2.143878114662169931e+00 1.687930728992520114e-16
2.145083625520769921e+00 1.683122493527869902e-16
2.146289136379380125e+00 1.657986923166999999e-16
2.147494647237980114e+00 1.645138492148329922e-16
2.148700158096580104e+00 1.615093042369140031e-16
2.149905668955180094e+00 1.546798628716599885e-16
2.151111179813780083e+00 1.493239147274929936e-16
2.152316690672389843e+00 1.485080102410510037e-16
2.153522201530989832e+00 1.492257912545099963e-16
2.154727712389589822e+00 1.493860260653289916e-16
2.155933223248189812e+00 1.484623631061280007e-16
2.157138734106789801e+00 1.452432540947569910e-16
2.158344244965400005e+00 1.384606774742880027e-16
2.159549755823999995e+00 1.301682513904480041e-16
2.160755266682599984e+00 1.235424155698899955e-16
2.161960777541199974e+00 1.200497810910049990e-16
2.163166288399799964e+00 1.196484727624639930e-16
2.164371799258399953e+00 1.187495325774100008e-16
2.165577310117010157e+00 1.141597389689250116e-16
2.166782820975610147e+00 1.044453497074370052e-16
2.167988331834210136e+00 9.240944827831689933e-17
2.169193842692810126e+00 8.703530877811909425e-17
2.170399353551410115e+00 8.818921911518570441e-17
2.171604864410019875e+00 8.793240269604510382e-17
2.172810375268619865e+00 8.396520477357140520e-17
2.174015886127219854e+00 7.705892825557840479e-17
2.175221396985819844e+00 7.059237433377359485e-17
2.176426907844419834e+00 6.808675161412190507e-17
2.177632418703030037e+00 6.869881232785190517e-17
2.178837929561630027e+00 7.060745549070169863e-17
2.180043440420230016e+00 7.192666960138090584e-17
2.181248951278830006e+00 7.134426827569449616e-17
2.182454462137429996e+00 6.882312764775129925e-17
2.183659972996029985e+00 6.507769353878060481e-17
2.184865483854640189e+00 6.145368954373269483e-17
2.186070994713240179e+00 5.939645165564390013e-17
2.187276505571840168e+00 5.997335388461799565e-17
2.188482016430440158e+00 6.379668855495649636e-17
2.189687527289040148e+00 7.035606537637949521e-17
2.190893038147649907e+00 7.104703250310220304e-17
2.192098549006249897e+00 6.135872920941159493e-17
2.193304059864849886e+00 5.769046112542469803e-17
2.194509570723449876e+00 6.728265264938159405e-17
2.195715081582049866e+00 7.343776976183760327e-17
2.196920592440660069e+00 7.095370006022659517e-17
2.198126103299260059e+00 6.956041688877700128e-17
2.199331614157860049e+00 7.175677332100740206e-17
2.200537125016460038e+00 7.546150352639559944e-17
2.201742635875060028e+00 7.869650102297209621e-17
2.202948146733669788e+00 7.960598941519660035e-17
2.204153657592270221e+00 7.919599238150100454e-17
2.205359168450870211e+00 7.917543198019539881e-17
2.206564679309470201e+00 8.090817022270200468e-17
2.207770190168070190e+00 8.457713975584829725e-17
2.208975701026679950e+00 8.745582754920640155e-17
2.210181211885279939e+00 8.861769867248819739e-17
2.211386722743879929e+00 9.022475178400109533e-17
2.212592233602479919e+00 9.237076269542910561e-17
2.213797744461079908e+00 9.338208694722620112e-17
2.215003255319679898e+00 9.480358690373120389e-17
2.216208766178290102e+00 9.916763299688340470e-17
2.217414277036890091e+00 1.038376101852269944e-16
2.218619787895490081e+00 1.053516881958890060e-16
2.219825298754090070e+00 1.032244575930880052e-16
2.221030809612690060e+00 9.850134232219440345e-17
2.222236320471299820e+00 9.465044599384559889e-17
2.223441831329899809e+00 9.436954207526750344e-17
2.224647342188499799e+00 9.858329937728609580e-17
2.225852853047099789e+00 1.054118010653640036e-16
2.227058363905699778e+00 1.105648649663290033e-16
2.228263874764309982e+00 1.109859793074570036e-16
2.229469385622909972e+00 1.050211931452269959e-16
2.230674896481509961e+00 1.000699877835050050e-16
2.231880407340109951e+00 1.044929886932749989e-16
2.233085918198709940e+00 1.120117163542469889e-16
2.234291429057309930e+00 1.156532168736120026e-16
2.235496939915920134e+00 1.171910184242420104e-16
2.236702450774520123e+00 1.179883146556249934e-16
2.237907961633120113e+00 1.170282689843610017e-16
2.239113472491720103e+00 1.148888490480539989e-16
2.240318983350320092e+00 1.137716919999640120e-16
2.241524494208929852e+00 1.143566476593820101e-16
2.242730005067529842e+00 1.161833933241439932e-16
2.243935515926129831e+00 1.190819797743180059e-16
2.245141026784729821e+00 1.227823226137370002e-16
2.246346537643329810e+00 1.265012869431060100e-16
2.247552048501940014e+00 1.292990897074459949e-16
2.248757559360540004e+00 1.296477496443599900e-16
2.249963070219139993e+00 1.273903936050370104e-16
2.251168581077739983e+00 1.256739872165449966e-16
2.252374091936339973e+00 1.258046420486589971e-16
2.253579602794950176e+00 1.261198838888250117e-16
2.254785113653550166e+00 1.258526979335260010e-16
2.255990624512150156e+00 1.249493240603889958e-16
2.257196135370750145e+00 1.241222493269549912e-16
2.258401646229350135e+00 1.243946233590560085e-16
2.259607157087950124e+00 1.258892526991559937e-16
2.260812667946559884e+00 1.282185800692150011e-16
2.262018178805159874e+00 1.299492139642440117e-16
2.263223689663759863e+00 1.301685557929130045e-16
2.264429200522359853e+00 1.298482979295119999e-16
2.265634711380959843e+00 1.299944905222519993e-16
2.266840222239570046e+00 1.314999592370990027e-16
2.268045733098170036e+00 1.332854252805719915e-16
2.269251243956770026e+00 1.327364817563020035e-16
2.270456754815370015e+00 1.273529521017910018e-16
2.271662265673970005e+00 1.152728726105149982e-16
2.272867776532580208e+00 1.075055871016380015e-16
2.274073287391180198e+00 1.154200181153210037e-16
2.275278798249780188e+00 1.244815501152680057e-16
2.276484309108380177e+00 1.214500059621549900e-16
2.277689819966980167e+00 1.159694513305139930e-16
2.278895330825589927e+00 1.145129914125999998e-16
2.280100841684189916e+00 1.128352706069950032e-16
2.281306352542789906e+00 1.096104242708960037e-16
2.282511863401389896e+00 1.067490410959520033e-16
2.283717374259989885e+00 1.042749107965819994e-16
2.284922885118589875e+00 1.012309986389500046e-16
2.286128395977200078e+00 9.768639736526219853e-17
2.287333906835800068e+00 9.408822787510559401e-17
2.288539417694400058e+00 9.211056476194440058e-17
2.289744928553000047e+00 9.241034825082339400e-17
2.290950439411600037e+00 9.058409889442879485e-17
2.292155950270209797e+00 8.359188161951399740e-17
2.293361461128809786e+00 7.223389109832800075e-17
2.294566971987410220e+00 6.092984598797020071e-17
2.295772482846010210e+00 5.930667278067979542e-17
2.296977993704610199e+00 6.467373823227909631e-17
2.298183504563219959e+00 6.423365167662129622e-17
2.299389015421819948e+00 6.013479307040869566e-17
2.300594526280419938e+00 6.068331969564979677e-17
2.301800037139019928e+00 6.211143047961029869e-17
2.303005547997619917e+00 5.917363566840170385e-17
2.304211058856230121e+00 5.451406441216400039e-17
2.305416569714830111e+00 5.131135012053419853e-17
2.306622080573430100e+00 5.148935277091069733e-17
2.307827591432030090e+00 5.431838987518090021e-17
2.309033102290630080e+00 5.430221353112180088e-17
2.310238613149230069e+00 5.130386248162939934e-17
2.311444124007839829e+00 5.097738422002200216e-17
2.312649634866439818e+00 5.037244387700490165e-17
2.313855145725039808e+00 4.250559890960089927e-17
2.315060656583639798e+00 3.667013416433740105e-17
2.316266167442239787e+00 4.375869812827999890e-17
2.317471678300849991e+00 5.060215855055569774e-17
2.318677189159449981e+00 4.571000726712519741e-17
2.319882700018049970e+00 3.876577308518330204e-17
2.321088210876649960e+00 3.676609704156090289e-17
2.322293721735249949e+00 3.749330460528080246e-17
2.323499232593860153e+00 3.992276053412859713e-17
2.324704743452460143e+00 4.409806717255329921e-17
2.325910254311060132e+00 4.923148057088600230e-17
2.327115765169660122e+00 5.426324008938069696e-17
2.328321276028260112e+00 5.650895604312340515e-17
2.329526786886860101e+00 5.360032762031339925e-17
2.330732297745469861e+00 4.800609521144989779e-17
2.331937808604069851e+00 4.351387913674389825e-17
2.333143319462669840e+00 4.480579628720880008e-17
2.334348830321269830e+00 5.261356401526419742e-17
2.335554341179869819e+00 5.831588907785360437e-17
2.336759852038480023e+00 5.844359914698690374e-17
2.337965362897080013e+00 5.753855106029059658e-17
2.339170873755680002e+00 5.837287851333609474e-17
2.340376384614279992e+00 6.231236257656680440e-17
2.341581895472879982e+00 6.796947725559659934e-17
2.342787406331490185e+00 7.261105237042760529e-17
2.343992917190090175e+00 7.547409652404109440e-17
2.345198428048690165e+00 7.668316988179760390e-17
2.346403938907290154e+00 7.752191117059169734e-17
2.347609449765890144e+00 7.916889394463370573e-17
2.348814960624499903e+00 8.171138906727059625e-17
2.350020471483099893e+00 8.478801787249020219e-17
2.351225982341699883e+00 8.791912810157490214e-17
2.352431493200299872e+00 8.885445099869069942e-17
2.353637004058899862e+00 8.344796542781959609e-17
2.354842514917499852e+00 7.802903244309079479e-17
2.356048025776110055e+00 8.354796825515479459e-17
2.357253536634710045e+00 9.242541617286169693e-17
2.358459047493310035e+00 9.335718550206590477e-17
2.359664558351910024e+00 9.082232691084410380e-17
2.360870069210510014e+00 9.035400371779620588e-17
2.362075580069120218e+00 9.164694657222070428e-17
2.363281090927720207e+00 9.313393276346030514e-17
2.364486601786320197e+00 9.104625462882959600e-17
2.365692112644920186e+00 8.580604559597140278e-17
2.366897623503520176e+00 8.232321155298430435e-17
2.368103134362129936e+00 8.533110495802310529e-17
2.369308645220729925e+00 9.886917961442939654e-17
2.370514156079329915e+00 1.110944723166000011e-16
2.371719666937929905e+00 1.070907659506099964e-16
2.372925177796529894e+00 9.750304120196130583e-17
2.374130688655140098e+00 9.491113361825289834e-17
2.375336199513740087e+00 9.470155913825650022e-17
2.376541710372340077e+00 9.272893851810940539e-17
2.377747221230940067e+00 8.978128371399920311e-17
2.378952732089540056e+00 8.740382766717890499e-17
2.380158242948140046e+00 8.846767457915070452e-17
2.381363753806749806e+00 9.256231787296159927e-17
2.382569264665349795e+00 9.664424243767400192e-17
2.383774775523949785e+00 9.814632963817639551e-17
2.384980286382550219e+00 9.526274493559210055e-17
2.386185797241150208e+00 8.954870037808400533e-17
2.387391308099759968e+00 8.366937851674290244e-17
2.388596818958359957e+00 8.048344937410300196e-17
2.389802329816959947e+00 8.093623480652470381e-17
2.391007840675559937e+00 8.036886169820730544e-17
2.392213351534159926e+00 7.751727895916140038e-17
2.393418862392770130e+00 7.783039659951469931e-17
2.394624373251370120e+00 8.060715588907149538e-17
2.395829884109970109e+00 7.949794639230730013e-17
2.397035394968570099e+00 7.471631967360370364e-17
2.398240905827170089e+00 6.988318276379520500e-17
2.399446416685770078e+00 6.665572253696030374e-17
2.400651927544379838e+00 6.572052537129760220e-17
2.401857438402979827e+00 6.545957304909429810e-17
2.403062949261579817e+00 6.423546485652400013e-17
2.404268460120179807e+00 6.200747703766959622e-17
2.405473970978779796e+00 5.966661546114859474e-17
2.406679481837390000e+00 5.950021319168260123e-17
2.407884992695989990e+00 6.210825410605809506e-17
2.409090503554589979e+00 6.659539129180309914e-17
2.410296014413189969e+00 6.771551295520809392e-17
2.411501525271789959e+00 5.824047667576839459e-17
2.412707036130400162e+00 4.665765846409049734e-17
2.413912546989000152e+00 4.554898167164069997e-17
2.415118057847600141e+00 5.362922931091600203e-17
2.416323568706200131e+00 6.528951133259829604e-17
2.417529079564800121e+00 7.136613893109039821e-17
2.418734590423409880e+00 6.713009407464720173e-17
2.419940101282009870e+00 5.951763692410540588e-17
2.421145612140609860e+00 5.323020730958780294e-17
2.422351122999209849e+00 4.861575710140350029e-17
2.423556633857809839e+00 4.701657213187720058e-17
2.424762144716420043e+00 4.974910372844199904e-17
2.425967655575020032e+00 5.701200758700870473e-17
2.427173166433620022e+00 6.793595327973100093e-17
2.428378677292220011e+00 7.537848768011980223e-17
2.429584188150820001e+00 7.348665944476199905e-17
2.430789699009419991e+00 6.968726669007319620e-17
2.431995209868030194e+00 7.054372287886570063e-17
2.433200720726630184e+00 7.469314538156240569e-17
2.434406231585230174e+00 7.940501761357070442e-17
2.435611742443830163e+00 8.034930714852650257e-17
2.436817253302430153e+00 7.740723746791219670e-17
2.438022764161039913e+00 7.448692594613049800e-17
2.439228275019639902e+00 7.520947151991800556e-17
2.440433785878239892e+00 8.227428216539050603e-17
2.441639296736839881e+00 9.201703379572180463e-17
2.442844807595439871e+00 9.886048429183020214e-17
2.444050318454050075e+00 9.886303862556180287e-17
2.445255829312650064e+00 9.097802215446129721e-17
2.446461340171250054e+00 8.070399557774440204e-17
2.447666851029850044e+00 7.422904411836100307e-17
2.448872361888450033e+00 7.752930947399029766e-17
2.450077872747050023e+00 8.903762187353440489e-17
2.451283383605659782e+00 9.895676149768649879e-17
2.452488894464260216e+00 1.023883831345890046e-16
2.453694405322860206e+00 9.837148820091340360e-17
2.454899916181460195e+00 9.097513694848469992e-17
2.456105427040060185e+00 8.616100534043019500e-17
2.457310937898669945e+00 8.729464644376680577e-17
2.458516448757269934e+00 9.513754287807600032e-17
2.459721959615869924e+00 1.045078845617460018e-16
2.460927470474469914e+00 1.104188179573769982e-16
2.462132981333069903e+00 1.105791851170930036e-16
2.463338492191680107e+00 1.056673403176389949e-16
2.464544003050280097e+00 9.992478119005520586e-17
2.465749513908880086e+00 9.699010319539469850e-17
2.466955024767480076e+00 9.947906318878719406e-17
2.468160535626080065e+00 1.049947829226299944e-16
2.469366046484689825e+00 1.090295184877570036e-16
2.470571557343289815e+00 1.083743318856110005e-16
2.471777068201889804e+00 1.023549385680630002e-16
2.472982579060489794e+00 1.008059204483259968e-16
2.474188089919089784e+00 1.089543774009129947e-16
2.475393600777690217e+00 1.159240027189369920e-16
2.476599111636299977e+00 1.146855876104920015e-16
2.477804622494899967e+00 1.054042571781780007e-16
2.479010133353499956e+00 9.437069351068020190e-17
2.480215644212099946e+00 9.315824525602450071e-17
2.481421155070699935e+00 1.015508462207669979e-16
2.482626665929310139e+00 1.125798504687289961e-16
2.483832176787910129e+00 1.169207090349499995e-16
2.485037687646510118e+00 1.076020363610620050e-16
2.486243198505110108e+00 9.611395349057849461e-17
2.487448709363710098e+00 9.219335561509359568e-17
2.488654220222319857e+00 8.750734435775620411e-17
2.489859731080919847e+00 7.802845672538439626e-17
2.491065241939519836e+00 6.890727507710510597e-17
2.492270752798119826e+00 6.862110367238629750e-17
2.493476263656719816e+00 8.986450470106690114e-17
2.494681774515330019e+00 1.201182716457239952e-16
2.495887285373930009e+00 1.323750501507310031e-16
2.497092796232529999e+00 1.290753406604729990e-16
2.498298307091129988e+00 1.232727546901969935e-16
2.499503817949729978e+00 1.194269736467569934e-16
2.500709328808329968e+00 1.195475567277320059e-16
2.501914839666940171e+00 1.211953269777169922e-16
2.503120350525540161e+00 1.218503349088510044e-16
2.504325861384140151e+00 1.221546711998220073e-16
2.505531372242740140e+00 1.192231960484930095e-16
2.506736883101340130e+00 1.037634550976730008e-16
2.507942393959949889e+00 8.817638788952379417e-17
2.509147904818549879e+00 1.006589403796429949e-16
2.510353415677149869e+00 1.145216867351990093e-16
2.511558926535749858e+00 8.661754286411040040e-17
2.512764437394349848e+00 5.509242578773860248e-17
2.513969948252960052e+00 6.319057030674700324e-17
2.515175459111560041e+00 7.992389808565779409e-17
2.516380969970160031e+00 7.798927483412899677e-17
2.517586480828760021e+00 6.564973194575290085e-17
2.518791991687360010e+00 5.245335567422490237e-17
2.519997502545970214e+00 4.795997492921639735e-17
2.521203013404570203e+00 5.635981206995759474e-17
2.522408524263170193e+00 7.543847481814209849e-17
2.523614035121770183e+00 9.903527748142999520e-17
2.524819545980370172e+00 1.191614949922410103e-16
2.526025056838970162e+00 1.312516991742139973e-16
