9.394466796874999526e-01 2.574222859258669962e-16
9.401422035217290585e-01 2.564497597535210016e-16
9.408377273559570542e-01 2.553419994771899870e-16
9.415332511901859380e-01 2.547475146971149836e-16
9.422287750244140447e-01 2.551138035072440046e-16
9.429242988586429286e-01 2.525776280444870192e-16
9.436198226928709243e-01 2.564278692457900039e-16
9.443153465270999192e-01 2.692738915145100163e-16
9.450108703613279149e-01 2.647246893130439828e-16
9.457063941955570208e-01 2.673681467925269908e-16
9.464019180297850165e-01 2.642226899428979986e-16
9.470974418640140113e-01 2.815363610221310192e-16
9.477929656982420070e-01 2.898046731367540199e-16
9.484884895324711129e-01 2.535341929397329934e-16
9.491840133666989976e-01 2.591173576720000176e-16
9.498795372009278815e-01 2.391514146766770183e-16
9.505750610351560992e-01 2.178719750430689878e-16
9.512705848693849831e-01 2.516985401941350147e-16
9.519661087036128677e-01 2.579095945683339893e-16
9.526616325378419736e-01 2.415832727380240121e-16
9.533571563720699693e-01 2.098765928259190098e-16
9.540526802062989642e-01 2.633241203347589972e-16
9.547482040405280701e-01 2.588913851635410216e-16
9.554437278747560658e-01 2.263987248508329835e-16
9.561392517089849497e-01 2.366243448181030166e-16
9.568347755432130564e-01 2.225823649674189876e-16
9.575302993774419402e-01 2.552135416367830013e-16
9.582258232116699359e-01 2.316376765691599852e-16
9.589213470458989308e-01 2.129133118209440094e-16
9.596168708801269265e-01 1.994386058169039956e-16
9.603123947143560324e-01 2.018045276572629898e-16
9.610079185485840281e-01 2.160616671114389930e-16
9.617034423828130230e-01 2.077072223339930074e-16
9.623989662170410186e-01 2.091051575692070079e-16
9.630944900512701246e-01 2.060911231753010077e-16
9.637900138854980092e-01 2.115320393119890059e-16
9.644855377197268931e-01 2.188023745611790051e-16
9.651810615539551108e-01 2.097310884474489997e-16
9.658765853881839947e-01 2.184317050025260018e-16
9.665721092224118793e-01 2.148043525803590072e-16
9.672676330566409852e-01 2.030922559651059909e-16
9.679631568908689809e-01 2.153053460988800037e-16
9.686586807250979758e-01 1.952124275708080095e-16
9.693542045593259715e-01 1.870341259417200121e-16
9.700497283935550774e-01 1.991583702602610032e-16
9.707452522277830731e-01 2.045901675578759950e-16
9.714407760620120680e-01 1.889448999218280010e-16
9.721362998962400637e-01 1.776359248150190028e-16
9.728318237304689475e-01 1.661393848499529968e-16
9.735273475646970542e-01 1.809948339673560048e-16
9.742228713989259381e-01 1.891357073280870056e-16
9.749183952331539338e-01 1.752950169163840065e-16
9.756139190673830397e-01 1.557920171314050081e-16
9.763094429016120346e-01 1.572832054001560086e-16
9.770049667358400303e-01 1.666678275299210023e-16
9.777004905700691362e-01 1.689979886980380055e-16
9.783960144042970208e-01 1.748065833082839906e-16
9.790915382385259047e-01 1.633130079585330048e-16
9.797870620727541224e-01 1.725291367062439886e-16
9.804825859069830063e-01 1.841782220111540068e-16
9.811781097412108910e-01 1.809763712960839938e-16
9.818736335754399969e-01 1.834001163699829935e-16
9.825691574096679926e-01 1.812240754935969937e-16
9.832646812438969874e-01 1.909226689141080080e-16
9.839602050781249831e-01 1.872613425298210028e-16
9.846557289123540890e-01 1.828540712865800075e-16
9.853512527465820847e-01 1.688536225200909916e-16
9.860467765808108576e-01 1.680252772372349962e-16
9.867423004150390753e-01 1.545462434242309924e-16
9.874378242492679592e-01 1.500720830479350054e-16
9.881333480834959548e-01 1.457892197688220101e-16
9.888288719177249497e-01 1.360162330327400076e-16
9.895243957519529454e-01 1.475593862796849963e-16
9.902199195861820513e-01 1.418389228006239949e-16
9.909154434204110462e-01 1.347367632961330071e-16
9.916109672546390419e-01 1.402442773982989980e-16
9.923064910888679258e-01 1.405277290331639909e-16
9.930020149230960325e-01 1.557526036295780075e-16
9.936975387573249163e-01 1.654486030116880062e-16
9.943930625915529120e-01 1.580551038780109910e-16
9.950885864257820179e-01 1.464370014501239948e-16
9.957841102600099026e-01 1.396134760806110088e-16
9.964796340942390085e-01 1.467011698505490036e-16
9.971751579284670042e-01 1.667507573494140061e-16
9.978706817626959991e-01 1.782241230224389976e-16
9.985662055969239947e-01 1.582955950605820108e-16
9.992617294311531007e-01 1.431214762665540015e-16
9.999572532653810963e-01 1.644942880477080038e-16
1.000652777099609869e+00 1.562762685143280053e-16
1.001348300933839974e+00 1.611287217458010025e-16
1.002043824768070079e+00 1.499895502751369884e-16
1.002739348602299962e+00 1.405451593830309934e-16
1.003434872436520076e+00 1.474300284667719966e-16
1.004130396270749959e+00 1.585075782905229892e-16
1.004825920104979842e+00 1.613576323997960088e-16
1.005521443939210169e+00 1.712230119015780054e-16
1.006216967773440052e+00 1.699687281602610088e-16
1.006912491607669935e+00 1.634359071452240039e-16
1.007608015441890048e+00 1.752630943621850010e-16
1.008303539276119931e+00 1.623633252059830035e-16
1.008999063110350036e+00 1.656149126369249994e-16
1.009694586944580141e+00 1.838000747397650032e-16
1.010390110778810024e+00 1.959222014759369957e-16
1.011085634613040130e+00 1.947700249094349993e-16
1.011781158447270013e+00 1.802151533742990110e-16
1.012476682281489904e+00 1.899024044942500080e-16
1.013172206115720009e+00 1.793353773096769926e-16
1.013867729949950114e+00 1.751244456566309923e-16
1.014563253784179997e+00 1.640288831478609957e-16
1.015258777618410102e+00 1.684787972060409903e-16
1.015954301452639985e+00 1.776587417650360107e-16
1.016649825286869868e+00 1.699640430092720014e-16
1.017345349121089981e+00 1.751390172703019976e-16
1.018040872955320086e+00 1.658139256748609984e-16
1.018736396789549969e+00 1.755803082009309970e-16
1.019431920623780075e+00 1.996983405292459914e-16
1.020127444458009958e+00 1.911141910044160118e-16
1.020822968292240063e+00 1.788087610445010111e-16
1.021518492126469946e+00 1.649893655704879963e-16
1.022214015960690059e+00 1.671433306506860084e-16
1.022909539794920164e+00 1.983810322426979954e-16
1.023605063629150047e+00 1.913166848183689930e-16
1.024300587463379930e+00 1.787567876322530054e-16
1.024996111297610035e+00 1.813318869059150009e-16
1.025691635131839918e+00 1.777375687686900119e-16
1.026387158966060031e+00 1.697075905496010105e-16
1.027082682800290137e+00 1.645006143250330065e-16
1.027778206634520020e+00 1.737863188884259905e-16
1.028473730468749903e+00 1.785821135566619993e-16
1.029169254302980008e+00 1.962863594688080062e-16
1.029864778137209891e+00 2.117918931383390121e-16
1.030560301971439996e+00 2.020761737704259958e-16
1.031255825805660109e+00 1.958323498090790110e-16
1.031951349639889992e+00 1.888215242791039988e-16
1.032646873474120097e+00 1.734450572549109902e-16
1.033342397308349980e+00 1.755552677894279889e-16
1.034037921142579863e+00 1.814824337773990110e-16
1.034733444976809968e+00 1.690587368422239984e-16
1.035428968811040074e+00 1.902138346861539945e-16
1.036124492645259965e+00 1.871568927795130027e-16
1.036820016479490070e+00 1.779115016904530087e-16
1.037515540313719953e+00 1.676999371761510082e-16
1.038211064147949836e+00 1.689534797636379987e-16
1.038906587982179941e+00 1.771668803204770080e-16
1.039602111816410046e+00 1.723650240727129995e-16
1.040297635650640151e+00 1.659218164965169972e-16
1.040993159484860042e+00 1.735139051516550038e-16
1.041688683319089925e+00 1.695693256558510044e-16
1.042384207153320030e+00 1.652397564506300015e-16
1.043079730987549913e+00 1.638800171073810031e-16
1.043775254821780019e+00 1.454662884576810123e-16
1.044470778656010124e+00 1.461991704804029948e-16
1.045166302490240007e+00 1.583015242912129881e-16
1.045861826324459898e+00 1.438143095127390110e-16
1.046557350158690003e+00 1.506102533719070042e-16
1.047252873992919886e+00 1.553816561382399999e-16
1.047948397827149991e+00 1.413852969526999885e-16
1.048643921661380096e+00 1.219474525302100000e-16
1.049339445495609979e+00 1.439623020504919997e-16
1.050034969329830092e+00 1.568657637409479902e-16
1.050730493164059975e+00 1.608329484285320113e-16
1.051426016998289859e+00 1.550864651561219995e-16
1.052121540832520186e+00 1.474312460766330091e-16
1.052817064666750069e+00 1.300816422715910054e-16
1.053512588500979952e+00 1.352407611346389934e-16
1.054208112335210057e+00 1.390692177073309895e-16
1.054903636169429948e+00 1.456953049907949923e-16
1.055599160003659831e+00 1.551523352026600087e-16
1.056294683837890158e+00 1.324905907386919909e-16
1.056990207672120041e+00 1.324886584447809931e-16
1.057685731506349924e+00 1.430326039815419944e-16
1.058381255340580029e+00 1.524358211314770076e-16
1.059076779174809912e+00 1.425979569655920102e-16
1.059772303009030026e+00 1.335775854729259921e-16
1.060467826843260131e+00 1.407759626262679894e-16
1.061163350677490014e+00 1.479682517303030016e-16
1.061858874511720119e+00 1.438379734957030020e-16
1.062554398345950002e+00 1.307951881203139976e-16
1.063249922180179885e+00 1.272752103591009906e-16
1.063945446014409990e+00 1.304254979435069967e-16
1.064640969848630103e+00 1.294417485846100059e-16
1.065336493682859986e+00 1.318892635205910089e-16
1.066032017517090091e+00 1.356472972446520002e-16
1.066727541351319974e+00 1.183003404175699935e-16
1.067423065185549858e+00 9.911792275079140562e-17
1.068118589019779963e+00 9.176441283664809765e-17
1.068814112854000076e+00 9.537634661219759687e-17
1.069509636688229959e+00 9.056122238740810227e-17
1.070205160522460064e+00 8.353325105769620182e-17
1.070900684356689947e+00 8.064733039706199548e-17
1.071596208190920052e+00 8.524713619968159769e-17
1.072291732025149935e+00 5.757541684583089689e-17
1.072987255859379818e+00 4.180990030977440045e-17
1.073682779693600153e+00 6.486919108485800146e-17
1.074378303527830036e+00 8.786428271824019852e-17
1.075073827362059919e+00 5.956498474236790420e-17
1.075769351196290025e+00 4.271587814747929734e-17
1.076464875030519908e+00 5.545505845955939960e-17
1.077160398864750013e+00 5.962844603896299714e-17
1.077855922698980118e+00 5.755979305842099531e-17
1.078551446533200009e+00 5.609269228910709527e-17
1.079246970367430114e+00 4.650758473991620198e-17
1.079942494201659997e+00 3.869368594916059857e-17
1.080638018035889880e+00 5.291702018606290164e-17
1.081333541870119985e+00 4.939473624530189956e-17
1.082029065704350090e+00 4.317627695025890028e-17
1.082724589538579973e+00 5.634762935389600003e-17
1.083420113372800087e+00 1.878061633859180081e-17
1.084115637207029970e+00 1.739115143284969931e-17
1.084811161041259853e+00 4.557040564950589734e-17
1.085506684875489958e+00 5.375970216329519771e-17
1.086202208709720063e+00 6.133719604370560218e-17
1.086897732543949946e+00 5.526340732907570188e-17
1.087593256378170059e+00 5.993963800285029727e-17
1.088288780212399942e+00 7.126888234338890041e-17
1.088984304046630047e+00 6.401886926748820261e-17
1.089679827880859930e+00 6.635136639365510485e-17
1.090375351715090035e+00 6.918471145455540378e-17
1.091070875549320141e+00 5.533415112378369934e-17
1.091766399383550024e+00 6.113491398798939761e-17
1.092461923217769915e+00 6.442482965979460128e-17
1.093157447052000020e+00 6.583477555750340173e-17
1.093852970886229903e+00 7.152236357029969951e-17
1.094548494720460008e+00 6.383622778823649410e-17
1.095244018554690113e+00 6.412740859874499767e-17
1.095939542388919996e+00 4.346398029347220010e-17
1.096635066223149879e+00 4.309426033816309794e-17
1.097330590057369992e+00 6.050583982342039450e-17
1.098026113891599875e+00 4.576779410471820123e-17
1.098721637725829980e+00 5.613044481226400313e-17
1.099417161560060086e+00 5.806538570114809477e-17
1.100112685394289969e+00 6.056392775475630599e-17
1.100808209228520074e+00 7.060961277773919995e-17
1.101503733062749957e+00 6.372847593292289883e-17
1.102199256896969848e+00 5.827703805884320144e-17
1.102894780731200175e+00 5.950264841140589571e-17
1.103590304565430058e+00 5.392949918199520129e-17
1.104285828399659941e+00 6.000270225275140173e-17
1.104981352233890046e+00 5.425321796907899831e-17
1.105676876068119929e+00 5.162942091839550196e-17
1.106372399902339820e+00 5.556448121971029652e-17
1.107067923736570147e+00 5.483375317530350069e-17
1.107763447570800031e+00 5.170364879784359743e-17
1.108458971405029914e+00 4.851656160234620284e-17
1.109154495239260019e+00 5.218542525637410094e-17
1.109850019073489902e+00 4.890655410010779774e-17
1.110545542907720007e+00 5.005012137079500170e-17
1.111241066741940120e+00 4.451748744778709911e-17
1.111936590576170003e+00 3.061877527919750097e-17
1.112632114410400108e+00 4.962529133435509883e-17
1.113327638244629991e+00 4.895488130021560199e-17
1.114023162078859874e+00 3.525502004216130149e-17
1.114718685913089979e+00 3.486853479019690061e-17
1.115414209747319862e+00 4.684869417219840014e-17
1.116109733581539976e+00 5.085076602929729743e-17
1.116805257415770081e+00 4.191841317125159998e-17
1.117500781249999964e+00 4.744381422698330191e-17
1.118196305084230069e+00 3.664535514190779953e-17
1.118891828918459952e+00 5.206257570052020013e-17
1.119587352752689835e+00 4.641926170283020292e-17
1.120282876586920162e+00 3.767049661865699930e-17
1.120978400421140053e+00 4.365175690996669944e-17
1.121673924255369936e+00 5.746990830433849613e-17
1.122369448089600041e+00 4.485788219602000215e-17
1.123064971923829924e+00 4.428461294429630115e-17
1.123760495758059808e+00 3.806851276836029694e-17
1.124456019592290135e+00 3.391845499095320046e-17
1.125151543426510026e+00 5.316054877584340109e-17
1.125847067260739909e+00 5.043373134295010046e-17
1.126542591094970014e+00 3.737570599195530199e-17
1.127238114929199897e+00 5.047063683315979716e-17
1.127933638763430002e+00 5.050187117308979948e-17
1.128629162597660107e+00 5.522990651426729810e-17
1.129324686431889990e+00 3.353374321422210094e-17
1.130020210266110103e+00 1.563019144220400000e-17
1.130715734100339986e+00 1.474709011151990046e-17
1.131411257934569869e+00 1.730119884995699852e-17
1.132106781768799975e+00 3.333436621681729970e-17
1.132802305603030080e+00 3.248088126078499946e-17
1.133497829437259963e+00 2.698069597884640100e-17
1.134193353271490068e+00 1.610334537002920144e-17
1.134888877105709959e+00 2.095369756274619991e-17
1.135584400939939842e+00 3.354051286035530271e-17
1.136279924774169947e+00 2.038356663426650045e-17
1.136975448608400052e+00 2.524141804641689850e-17
1.137670972442629935e+00 2.509094727554859926e-17
1.138366496276860040e+00 2.081847669365090055e-17
1.139062020111089923e+00 2.173544445297409992e-17
1.139757543945310037e+00 1.757173819545990006e-17
1.140453067779539920e+00 2.736850141106839953e-17
1.141148591613770025e+00 3.959846602933840158e-17
1.141844115448000130e+00 1.404596851559750091e-17
1.142539639282230013e+00 3.215058514706049937e-18
1.143235163116459896e+00 5.268746350400900149e-18
1.143930686950680009e+00 8.941804223724749917e-18
1.144626210784909892e+00 2.275129503708319961e-17
1.145321734619139997e+00 4.464704378404759835e-17
1.146017258453370102e+00 2.379057468486210026e-17
1.146712782287599985e+00 1.635173281872789900e-17
1.147408306121830091e+00 2.111753888103580012e-17
1.148103829956059974e+00 1.534726423984759984e-17
1.148799353790279865e+00 1.878224092131490118e-17
1.149494877624510192e+00 1.012181872656229928e-17
1.150190401458740075e+00 4.893409011551910321e-18
1.150885925292969958e+00 1.153597910949210055e-17
1.151581449127200063e+00 1.674459563321500052e-17
1.152276972961429946e+00 2.521460581404159850e-17
1.152972496795659829e+00 1.630259994470340030e-17
1.153668020629880164e+00 1.564727106749200108e-17
1.154363544464110047e+00 1.510209617809299873e-17
1.155059068298339930e+00 6.842929372322499884e-18
1.155754592132570036e+00 1.419532424700010024e-17
1.156450115966799919e+00 1.786044077285309923e-17
1.157145639801030024e+00 1.107957393470990055e-17
1.157841163635260129e+00 2.775604545421680049e-17
1.158536687469480020e+00 2.997909004173069844e-17
1.159232211303710125e+00 3.239074835251880217e-17
1.159927735137940008e+00 2.861778567276229982e-17
1.160623258972169891e+00 2.061273536861310090e-17
1.161318782806399996e+00 1.145183747040260018e-17
1.162014306640629879e+00 4.066064534519530036e-17
1.162709830474849992e+00 5.388028524427069705e-17
1.163405354309080098e+00 3.725276379187280141e-17
1.164100878143309981e+00 2.404305667759290141e-17
1.164796401977539864e+00 6.405294580000300031e-18
1.165491925811769969e+00 1.118948514501249924e-18
1.166187449645999852e+00 2.115218120508949935e-17
1.166882973480229957e+00 2.979092630470949963e-17
1.167578497314450070e+00 2.706315265102810003e-17
1.168274021148679953e+00 2.031415790906709886e-17
1.168969544982910058e+00 1.518638422815089941e-17
1.169665068817139941e+00 2.778762059255919931e-17
1.170360592651369824e+00 3.169249211023830171e-17
1.171056116485600151e+00 2.853090523866469801e-17
1.171751640319830035e+00 1.672919849329300009e-17
1.172447164154049926e+00 1.124600267395550038e-17
1.173142687988280031e+00 2.511590000590679994e-17
1.173838211822509914e+00 2.318350517894819890e-17
1.174533735656740019e+00 1.382435938486899946e-17
1.175229259490970124e+00 1.720394722533920069e-17
1.175924783325200007e+00 2.108375847918039964e-17
1.176620307159430112e+00 2.298259955177139966e-17
1.177315830993650003e+00 2.131369649149660045e-17
1.178011354827879886e+00 1.752186251324539962e-17
1.178706878662109991e+00 2.271918554006510078e-17
1.179402402496340097e+00 9.540193296290510561e-18
1.180097926330569980e+00 9.166119889417500219e-18
1.180793450164800085e+00 1.137317342132939977e-17
1.181488973999019976e+00 1.257025266020389961e-17
1.182184497833249859e+00 1.306821373459960024e-17
1.182880021667479964e+00 1.242686751846280048e-17
1.183575545501710069e+00 1.615710218367780068e-17
1.184271069335939952e+00 7.013517175688090298e-18
1.184966593170170057e+00 7.285967308405899966e-18
1.185662117004399940e+00 5.184665509086420120e-18
1.186357640838620053e+00 -9.797406348534800280e-19
1.187053164672849936e+00 7.014350973745540668e-18
1.187748688507080042e+00 9.267881302734989545e-18
1.188444212341310147e+00 4.173175821166780113e-18
1.189139736175540030e+00 1.168419601998639985e-18
1.189835260009769913e+00 1.239169910753950058e-17
1.190530783844000018e+00 -3.361677002064109883e-19
1.191226307678219909e+00 1.665177438795800088e-18
1.191921831512450014e+00 4.119787102890770047e-18
1.192617355346680119e+00 1.545597831300870043e-19
1.193312879180910002e+00 4.837762917384239962e-18
1.194008403015139885e+00 7.868582873870890007e-18
1.194703926849369990e+00 9.370042244288360472e-18
1.195399450683599873e+00 2.308876487467009973e-17
1.196094974517819987e+00 1.900234541050909934e-17
1.196790498352050092e+00 1.035219514460319942e-17
1.197486022186279975e+00 -6.086015271264019644e-18
1.198181546020510080e+00 -5.402596167630869749e-18
1.198877069854739963e+00 3.113583512675640148e-18
1.199572593688969846e+00 1.358395257472029980e-17
1.200268117523190181e+00 2.656986514709340104e-17
1.200963641357420064e+00 1.047936506479650013e-17
1.201659165191649947e+00 -2.540606927792370018e-19
1.202354689025880052e+00 6.830888517735870196e-18
1.203050212860109935e+00 5.797239488386550211e-18
1.203745736694340041e+00 1.870723962799409945e-18
1.204441260528569924e+00 4.421181939603039882e-18
1.205136784362790037e+00 2.111576830093460032e-18
1.205832308197019920e+00 1.142401276895759999e-17
1.206527832031250025e+00 1.371307050525619986e-17
1.207223355865479908e+00 1.045159330291060010e-17
1.207918879699710013e+00 1.057095050221840063e-17
1.208614403533939896e+00 7.062358054956280735e-18
1.209309927368170001e+00 1.173065689383710052e-17
1.210005451202390114e+00 1.692043934219280063e-17
1.210700975036619997e+00 2.788669036016349964e-17
1.211396498870849880e+00 1.976831796645569940e-17
1.212092022705079986e+00 2.645363634486230071e-17
1.212787546539309869e+00 1.560062138966639890e-17
1.213483070373539974e+00 9.466704089129469627e-18
1.214178594207770079e+00 2.427975440987499959e-17
1.214874118041989970e+00 1.727387211124069978e-17
1.215569641876220075e+00 1.363393496323379954e-17
1.216265165710449958e+00 -1.486570429584240089e-18
1.216960689544679841e+00 -1.128658415480739968e-17
1.217656213378910168e+00 -3.697348032011470196e-18
1.218351737213140051e+00 7.505710733262759748e-19
1.219047261047369934e+00 9.587248292616209798e-18
1.219742784881590048e+00 1.948097527398939874e-17
1.220438308715819931e+00 8.145225157933119960e-18
1.221133832550049814e+00 1.378597324136290064e-17
1.221829356384280141e+00 1.891270881061039996e-17
1.222524880218510024e+00 1.563389059390330016e-17
1.223220404052739907e+00 7.086165967346780437e-18
1.223915927886960020e+00 1.187517279147559970e-17
1.224611451721189903e+00 2.213774374388929883e-17
1.225306975555420008e+00 5.780819953227370301e-18
1.226002499389650113e+00 -2.683354520076419881e-19
1.226698023223879996e+00 9.504238236604669648e-18
1.227393547058110101e+00 1.667864948605980137e-17
1.228089070892339985e+00 1.033212195267839975e-17
1.228784594726559876e+00 6.279994915171990194e-18
1.229480118560789981e+00 6.234212949809020082e-18
1.230175642395020086e+00 1.207994962391919950e-17
1.230871166229249969e+00 1.853055136761090118e-17
1.231566690063480074e+00 2.186804812261129999e-17
1.232262213897709957e+00 1.954324873922489942e-17
1.232957737731940062e+00 1.553513350057060035e-17
1.233653261566159953e+00 2.394904760097629912e-17
1.234348785400390058e+00 2.410270136284169933e-17
1.235044309234619941e+00 1.328454379865880060e-17
1.235739833068850047e+00 6.016273192277830059e-18
1.236435356903079930e+00 8.256169103230569691e-18
1.237130880737310035e+00 1.555507351641680055e-17
1.237826404571539918e+00 2.143251271468369886e-17
1.238521928405760031e+00 2.426483207162449983e-17
1.239217452239990136e+00 2.714471762250950079e-17
1.239912976074220019e+00 1.605538212939089895e-17
1.240608499908449902e+00 1.131089085710729967e-17
1.241304023742680007e+00 1.532527777916590031e-17
1.241999547576909890e+00 1.809709383738210105e-17
1.242695071411130003e+00 2.696818900798459922e-17
1.243390595245360108e+00 2.250045251632650013e-17
1.244086119079589992e+00 1.534542789888770131e-17
1.244781642913820097e+00 2.505243043750559996e-17
1.245477166748049980e+00 1.698393372601230016e-17
1.246172690582279863e+00 8.422558964987450408e-18
1.246868214416510190e+00 1.143174525332369947e-17
1.247563738250730081e+00 1.795647644197049958e-17
1.248259262084959964e+00 2.014582996313510038e-17
1.248954785919190069e+00 1.096566454691640045e-17
1.249650309753419952e+00 1.697361051196770001e-17
1.250345833587649835e+00 2.577245641914729873e-17
1.251041357421879940e+00 2.250156590143090098e-17
1.251736881256110046e+00 1.680500959643339880e-17
1.252432405090329937e+00 3.506404719977989725e-17
1.253127928924560042e+00 4.758875281391480028e-17
1.253823452758789925e+00 3.608818282490430033e-17
1.254518976593020030e+00 2.278580335787760054e-17
1.255214500427249913e+00 2.186372031364640098e-17
1.255910024261480018e+00 2.826383839737329717e-17
1.256605548095710123e+00 3.170899270909749718e-17
1.257301071929930014e+00 3.559137814900490261e-17
1.257996595764159897e+00 4.073859553739990295e-17
1.258692119598390002e+00 3.702262891057069896e-17
1.259387643432619885e+00 1.875697551668500138e-17
1.260083167266849991e+00 2.578111203707709984e-17
1.260778691101080096e+00 4.705491029890780215e-17
1.261474214935299987e+00 4.243528524881149718e-17
1.262169738769529870e+00 3.559797574157069951e-17
1.262865262603759975e+00 3.616920682026510066e-17
1.263560786437989858e+00 3.026629376785399774e-17
1.264256310272219963e+00 3.664928590417860221e-17
1.264951834106450068e+00 2.953531756926330042e-17
1.265647357940679951e+00 2.525661169990819856e-17
1.266342881774900064e+00 2.431472429745130063e-17
1.267038405609129947e+00 4.740801385007200071e-17
1.267733929443359830e+00 4.231564184501180260e-17
1.268429453277590158e+00 5.420306435417870163e-17
1.269124977111820041e+00 3.683181157814460260e-17
1.269820500946049924e+00 1.632773465479650131e-17
1.270516024780280029e+00 2.552078671777809861e-17
1.271211548614499920e+00 2.340241687369920036e-17
1.271907072448730025e+00 2.459296469445690137e-17
1.272602596282960130e+00 2.768514945827609943e-17
1.273298120117190013e+00 3.513334508277720133e-17
1.273993643951420118e+00 2.380609093879240077e-17
1.274689167785650001e+00 2.127034891867639932e-17
1.275384691619879884e+00 3.558584596506819726e-17
1.276080215454099998e+00 2.173282394479359972e-17
1.276775739288330103e+00 4.305349687757649706e-17
1.277471263122559986e+00 3.109478132577479757e-17
1.278166786956790091e+00 1.629352411902249930e-17
1.278862310791019974e+00 5.268021326593999731e-18
1.279557834625249857e+00 2.293813528512419956e-17
1.280253358459469970e+00 1.904978421863900007e-17
1.280948882293700075e+00 2.491325399072120145e-17
1.281644406127929958e+00 4.195929243712400142e-17
1.282339929962160063e+00 4.751331725077250065e-17
1.283035453796389946e+00 4.034538034397180145e-17
1.283730977630620051e+00 2.789914770018849893e-17
1.284426501464849935e+00 2.920069323298359812e-17
1.285122025299070048e+00 1.335596339992719996e-17
1.285817549133300153e+00 2.012256302686519957e-17
1.286513072967530036e+00 3.565532251907770186e-17
1.287208596801759919e+00 2.411935085421109888e-17
1.287904120635990024e+00 2.114838610043909990e-17
1.288599644470219907e+00 1.243342623353969954e-17
1.289295168304450012e+00 4.905466823341089642e-18
1.289990692138670125e+00 3.643356050914719815e-17
1.290686215972900008e+00 5.134521489481210099e-17
1.291381739807129891e+00 4.001925942438900253e-17
1.292077263641359997e+00 2.312729329324160082e-17
1.292772787475589880e+00 1.998219874872099927e-17
1.293468311309819985e+00 3.055922489253860189e-17
1.294163835144050090e+00 3.603799612277950153e-17
1.294859358978269981e+00 3.001374229195170208e-17
1.295554882812500086e+00 2.092349885294309856e-17
1.296250406646729969e+00 1.764129415880820050e-17
1.296945930480959852e+00 2.824461802866010130e-17
1.297641454315189957e+00 2.279654843403470135e-17
1.298336978149420062e+00 2.690139748224339861e-17
1.299032501983639953e+00 5.581143764594930199e-17
1.299728025817870058e+00 4.923840572697430241e-17
1.300423549652099942e+00 1.362430244500059951e-17
1.301119073486330047e+00 4.608382838391139911e-18
1.301814597320559930e+00 1.709542940077839980e-17
1.302510121154790035e+00 2.225119321926219941e-17
1.303205644989020140e+00 4.210085943587870283e-17
1.303901168823240031e+00 4.356297396046010240e-17
1.304596692657469914e+00 2.761732561113050044e-17
1.305292216491700019e+00 4.019088285788149855e-17
1.305987740325929902e+00 4.256875580373059735e-17
1.306683264160160007e+00 2.626023820892499885e-17
1.307378787994390112e+00 9.719711341549220380e-18
1.308074311828619996e+00 7.343874914368290303e-18
1.308769835662839887e+00 1.731741655304679946e-17
1.309465359497069992e+00 9.915954978793749337e-18
1.310160883331299875e+00 9.366692989988130182e-18
1.310856407165529980e+00 2.588150694802259918e-17
1.311551930999760085e+00 2.970111765124339847e-17
1.312247454833989968e+00 2.263581566048710006e-17
1.312942978668220073e+00 1.784347198976719874e-17
1.313638502502439964e+00 2.511560222088629934e-17
1.314334026336669847e+00 1.533303011586670106e-17
1.315029550170900174e+00 1.180681210411239986e-17
1.315725074005130057e+00 1.121470960420200063e-17
1.316420597839359941e+00 1.251986908909329932e-17
1.317116121673590046e+00 1.087312950615129986e-17
1.317811645507809937e+00 1.628331505590240065e-17
1.318507169342039820e+00 6.051112798907650147e-18
1.319202693176270147e+00 5.855275720934190233e-18
1.319898217010500030e+00 1.401041960159240042e-17
1.320593740844729913e+00 1.803509499610999878e-17
1.321289264678960018e+00 8.686343553608160721e-18
1.321984788513189901e+00 1.305416986215969959e-17
1.322680312347410014e+00 1.951125173877009855e-17
1.323375836181640119e+00 2.334704374913359855e-17
1.324071360015870003e+00 1.883502166184059849e-17
1.324766883850100108e+00 2.389936547902509911e-17
1.325462407684329991e+00 3.285769842574989904e-17
1.326157931518559874e+00 1.680979400909639934e-17
1.326853455352789979e+00 -4.574081312749790189e-18
1.327548979187010092e+00 -1.073647554664479976e-18
1.328244503021239975e+00 1.403541203662009917e-17
1.328940026855470080e+00 1.970853266050280136e-17
1.329635550689699963e+00 2.114998090466009905e-17
1.330331074523930068e+00 3.493563402712600022e-18
1.331026598358159951e+00 7.603799878250829730e-18
1.331722122192390056e+00 1.347957230758349994e-17
1.332417646026609948e+00 9.791416320128990597e-18
1.333113169860840053e+00 1.404770394052260018e-17
1.333808693695069936e+00 1.770381246950500147e-17
1.334504217529300041e+00 2.342948222334190153e-17
1.335199741363529924e+00 2.436130283774409999e-17
1.335895265197760029e+00 1.150329306758710001e-17
1.336590789031980142e+00 7.419764599666969753e-19
1.337286312866210025e+00 -4.887154698940390330e-19
1.337981836700439908e+00 4.641826577737269832e-18
1.338677360534670013e+00 1.213553698826340016e-17
1.339372884368899896e+00 1.557578942767760015e-17
1.340068408203130002e+00 1.054719552938709970e-17
1.340763932037360107e+00 1.136863881721139948e-17
1.341459455871579998e+00 1.140532427737810007e-17
1.342154979705810103e+00 1.581862318574360127e-17
1.342850503540039986e+00 2.067049739078759870e-17
1.343546027374269869e+00 2.798125364779050013e-18
1.344241551208499974e+00 1.131530800157830049e-17
1.344937075042730079e+00 1.855433942766670115e-17
1.345632598876959962e+00 7.187666818771329426e-18
1.346328122711180075e+00 6.881599238778739834e-18
1.347023646545409958e+00 4.649003610322090029e-18
1.347719170379639841e+00 -1.550571254733849937e-18
1.348414694213869947e+00 1.800905369606560129e-17
1.349110218048100052e+00 3.481101099603869944e-18
1.349805741882329935e+00 9.389136054367920470e-18
1.350501265716560040e+00 1.417139722060140060e-17
1.351196789550779931e+00 2.360898579293990015e-18
1.351892313385010036e+00 1.362929365281679994e-17
1.352587837219239919e+00 4.128493592428190007e-18
1.353283361053470024e+00 -4.969979052904409629e-18
1.353978884887700129e+00 -8.654826317908669883e-18
1.354674408721930012e+00 1.981221313284140139e-17
1.355369932556149903e+00 6.384887372544120479e-17
1.356065456390380009e+00 1.726671534458090023e-17
1.356760980224609892e+00 -7.011750317899669327e-18
1.357456504058839997e+00 -1.003057243319159945e-17
1.358152027893070102e+00 5.524457408088910071e-17
1.358847551727299985e+00 5.450409523142149898e-17
1.359543075561530090e+00 2.186147865418640076e-17
1.360238599395749981e+00 3.679225910997469924e-17
1.360934123229979864e+00 8.368913820721549520e-17
1.361629647064209969e+00 3.854977306618859817e-17
1.362325170898440074e+00 -7.285590114046580408e-18
1.363020694732669957e+00 1.627733950315729908e-17
1.363716218566900062e+00 6.088057249324160498e-17
1.364411742401129946e+00 4.221038145770319856e-17
1.365107266235349837e+00 2.069184692239759851e-17
1.365802790069580164e+00 6.653554312012369946e-17
1.366498313903810047e+00 1.717289552688840015e-16
1.367193837738039930e+00 1.402961978709879976e-16
1.367889361572270035e+00 3.814405669216300125e-18
1.368584885406499918e+00 2.352287918630530086e-17
1.369280409240730023e+00 8.069005262133919588e-17
1.369975933074950136e+00 6.082178311274629783e-17
1.370671456909180019e+00 6.493964702071290443e-17
1.371366980743410124e+00 5.778017382593979850e-17
1.372062504577640007e+00 2.330588820493669992e-17
1.372758028411869891e+00 1.752464184010350075e-17
1.373453552246099996e+00 2.387180878409850139e-17
1.374149076080320109e+00 -2.071263148964929856e-18
1.374844599914549992e+00 -9.312653280570039343e-18
1.375540123748780097e+00 5.008078164737990301e-18
1.376235647583009980e+00 6.623208694932490125e-18
1.376931171417239863e+00 1.351227551348619978e-18
1.377626695251469968e+00 7.560359661201990306e-18
1.378322219085700073e+00 7.719483568458209850e-18
1.379017742919919964e+00 2.915833165945350165e-17
1.379713266754150069e+00 -7.049291082819780557e-18
1.380408790588379953e+00 2.643416947632649932e-17
1.381104314422610058e+00 7.974019119777720356e-17
1.381799838256839941e+00 9.755404184980889996e-17
1.382495362091069824e+00 6.069711706826720592e-17
1.383190885925300151e+00 8.941257953648220514e-17
1.383886409759520042e+00 8.684894167738849620e-17
1.384581933593749925e+00 3.761373548502359821e-17
1.385277457427980030e+00 6.131381578369180318e-18
1.385972981262209913e+00 -5.301108964686430196e-18
1.386668505096440018e+00 2.652273570451249961e-17
1.387364028930670123e+00 1.864472710756159867e-17
1.388059552764900006e+00 -1.225084348411149924e-17
1.388755076599119898e+00 -1.085742072593350005e-18
1.389450600433350003e+00 1.409230882787399901e-17
1.390146124267579886e+00 2.821283320003240025e-18
1.390841648101809991e+00 4.713332619379720275e-18
1.391537171936040096e+00 4.290047508169909970e-17
1.392232695770269979e+00 2.564785324039480092e-17
1.392928219604500084e+00 -2.307633069570219954e-17
1.393623743438719975e+00 -5.622228750285640300e-18
1.394319267272949858e+00 7.958161074818340054e-17
1.395014791107179963e+00 7.031254244126940511e-17
1.395710314941410068e+00 -1.325382727379219946e-17
1.396405838775639952e+00 2.242786080013000066e-17
1.397101362609870057e+00 4.224734319619449956e-17
1.397796886444089948e+00 6.447814145027360231e-18
1.398492410278320053e+00 1.355846217696389959e-17
1.399187934112549936e+00 4.483033708162199865e-17
1.399883457946780041e+00 8.573011703318399689e-17
1.400578981781010146e+00 3.499412727696210121e-17
1.401274505615240029e+00 -1.092728253931329968e-17
1.401970029449469912e+00 2.160335528967800029e-17
1.402665553283690025e+00 4.654853679768250193e-17
1.403361077117919908e+00 5.029106253961939830e-17
1.404056600952150013e+00 5.101743630528189988e-17
1.404752124786380119e+00 7.020562438401320166e-17
1.405447648620610002e+00 3.750361127571320086e-17
1.406143172454839885e+00 4.727167794151099837e-17
1.406838696289069990e+00 5.952801969515409752e-17
1.407534220123289881e+00 3.198481112126959813e-17
1.408229743957519986e+00 9.504189432948530560e-18
1.408925267791750091e+00 4.843396265509910154e-17
1.409620791625979974e+00 4.295676968546700238e-17
1.410316315460210079e+00 2.696626829460219870e-17
1.411011839294439962e+00 1.458851297064860004e-17
1.411707363128669845e+00 1.007431291680270010e-17
1.412402886962890181e+00 4.121076015721249713e-17
1.413098410797120064e+00 4.425933430477669911e-17
1.413793934631349947e+00 1.977143312864250014e-17
1.414489458465580052e+00 1.959118385572230115e-17
1.415184982299809935e+00 2.523037022215560020e-17
1.415880506134040040e+00 4.348075551629480015e-17
1.416576029968260153e+00 4.130323564097350006e-17
1.417271553802490036e+00 2.495536079262260077e-17
1.417967077636719919e+00 2.006050628295020011e-17
1.418662601470950024e+00 8.869078504269089265e-18
1.419358125305179907e+00 5.852824784779190219e-18
1.420053649139410012e+00 4.509614164529859735e-18
1.420749172973640118e+00 1.945601923490869854e-17
1.421444696807860009e+00 9.470122826601149750e-18
1.422140220642090114e+00 1.624914918788150115e-17
1.422835744476319997e+00 2.030125554587249981e-17
1.423531268310549880e+00 2.216198179019829991e-17
1.424226792144779985e+00 1.921648923620929892e-17
1.424922315979010090e+00 1.410428474878249861e-17
1.425617839813239973e+00 2.427798424336409913e-17
1.426313363647460086e+00 -4.580280514452990167e-19
1.427008887481689969e+00 6.682659819917900175e-19
1.427704411315920074e+00 2.621336353797280073e-17
1.428399935150149958e+00 1.758906597493159925e-17
1.429095458984379841e+00 1.028160106958610025e-17
1.429790982818610168e+00 1.650588454332200066e-17
1.430486506652840051e+00 1.393666817817720021e-17
1.431182030487059942e+00 7.692579519034919544e-18
1.431877554321290047e+00 -6.544881308368620370e-18
1.432573078155519930e+00 4.399551993765389991e-18
1.433268601989749813e+00 1.868273440234720059e-17
1.433964125823980140e+00 2.410958681426059998e-17
1.434659649658210023e+00 3.766233730909480088e-17
1.435355173492429914e+00 1.858041877801930074e-17
1.436050697326660019e+00 -8.198992724929679312e-18
1.436746221160889903e+00 -3.081786441774920155e-17
1.437441744995120008e+00 -1.484334746504149892e-17
1.438137268829350113e+00 6.970093502251500394e-18
1.438832792663579996e+00 3.490723278079399972e-18
1.439528316497810101e+00 4.847058773108110116e-18
1.440223840332029992e+00 1.907141995474099869e-17
1.440919364166259875e+00 1.014581027304879962e-17
1.441614888000489980e+00 5.852535685155099855e-18
1.442310411834720085e+00 3.921982989420659804e-18
1.443005935668949968e+00 4.947895812091079908e-18
1.443701459503180073e+00 5.213973758960089639e-18
1.444396983337409957e+00 1.660559620308159899e-17
1.445092507171629848e+00 2.264456888572909922e-17
1.445788031005859953e+00 1.261500064980119924e-17
1.446483554840090058e+00 9.373557761891709299e-18
1.447179078674319941e+00 7.400255544919900047e-18
1.447874602508550046e+00 1.059319008016749979e-17
1.448570126342779929e+00 1.720055247610529847e-17
1.449265650177010034e+00 1.872552280107330047e-17
1.449961174011229925e+00 4.585982291094840088e-17
1.450656697845460030e+00 5.426405734382589935e-17
1.451352221679690135e+00 2.899102280003610071e-17
1.452047745513920018e+00 9.264809981120580153e-18
1.452743269348149902e+00 -4.724023631528939975e-20
1.453438793182380007e+00 1.950951300512249976e-17
1.454134317016599898e+00 3.906265813319600210e-17
1.454829840850830003e+00 1.028778920774860020e-17
1.455525364685060108e+00 -4.123746402892749722e-18
1.456220888519289991e+00 1.884074906040199885e-17
1.456916412353520096e+00 2.039777594282889938e-17
1.457611936187749979e+00 6.836395886254249795e-18
1.458307460021979862e+00 9.770718606841690279e-18
1.459002983856199975e+00 4.290137836292800144e-17
1.459698507690430080e+00 3.354886738454210062e-17
1.460394031524659963e+00 2.301947195475649871e-17
1.461089555358890069e+00 2.100682571912920030e-17
1.461785079193119952e+00 3.800357578155250184e-17
1.462480603027349835e+00 4.244995612415570070e-17
1.463176126861580162e+00 9.735568393891860380e-18
1.463871650695800053e+00 1.371664888858609964e-17
1.464567174530029936e+00 2.888151070437890016e-17
1.465262698364260041e+00 1.976187422948389899e-17
1.465958222198489924e+00 2.010721551777989994e-17
1.466653746032720029e+00 3.108504375560389728e-17
1.467349269866950134e+00 3.290181362217860176e-17
1.468044793701180017e+00 2.120416123478239940e-17
1.468740317535400131e+00 4.720594437977330238e-18
1.469435841369630014e+00 1.053833063476229957e-17
1.470131365203859897e+00 1.800871455201450077e-17
1.470826889038090002e+00 7.022045407803510472e-18
1.471522412872319885e+00 1.299799106367750040e-17
1.472217936706549990e+00 1.547268632740650051e-17
1.472913460540770103e+00 1.569062029467339958e-17
1.473608984374999986e+00 1.953257810932290065e-17
1.474304508209229869e+00 1.309349154693860051e-17
1.475000032043459974e+00 -6.202708948999320077e-18
1.475695555877689857e+00 -4.155124258659029997e-18
1.476391079711919962e+00 7.350946481425010759e-18
1.477086603546150068e+00 -3.607376010374379801e-18
1.477782127380369959e+00 1.325701770941479954e-17
1.478477651214600064e+00 6.630937208831700042e-17
1.479173175048829947e+00 4.644518223450520158e-17
1.479868698883059830e+00 1.322774130599479959e-17
1.480564222717290157e+00 2.559457122841780095e-17
1.481259746551520040e+00 3.448242011514689883e-17
1.481955270385749923e+00 1.929637337668600118e-17
1.482650794219970036e+00 2.309685966414450052e-17
1.483346318054199919e+00 4.175091902337699949e-17
1.484041841888430024e+00 2.531517443291579869e-17
1.484737365722660130e+00 5.146569705975289660e-18
1.485432889556890013e+00 1.507019807742019932e-19
1.486128413391120118e+00 -2.983955418497000003e-18
1.486823937225350001e+00 5.373047952661489969e-17
1.487519461059569892e+00 8.706784013724960437e-17
1.488214984893799997e+00 1.709827324772429856e-17
1.488910508728030102e+00 -9.877278494892610504e-18
1.489606032562259985e+00 9.787109190679430063e-18
1.490301556396490090e+00 2.944874815507600006e-17
1.490997080230719973e+00 1.474293931920610012e-17
1.491692604064939864e+00 7.141519239577610106e-18
1.492388127899169969e+00 9.779265036930589702e-18
1.493083651733400075e+00 1.288321313624089974e-17
1.493779175567629958e+00 3.124852773186879756e-17
1.494474699401860063e+00 1.581434500761539998e-17
1.495170223236089946e+00 -1.385424748835209908e-18
1.495865747070320051e+00 -3.233424612641709859e-18
1.496561270904539942e+00 1.216088262941270065e-17
1.497256794738770047e+00 2.829741531279809897e-17
1.497952318573000152e+00 1.819248761434420031e-17
1.498647842407230035e+00 7.921779686244789311e-18
1.499343366241459918e+00 7.306530191253360303e-18
1.500038890075690023e+00 4.424392227560359723e-18
1.500734413909919907e+00 5.665252481896050029e-18
1.501429937744140020e+00 1.356054088184320067e-17
1.502125461578370125e+00 1.796016235878010058e-17
1.502820985412600008e+00 1.002197802662709954e-17
1.503516509246829891e+00 2.729318878764459764e-19
1.504212033081059996e+00 1.984139110176859997e-17
1.504907556915289879e+00 3.246818569274359722e-17
1.505603080749519984e+00 -2.241603377173169898e-17
1.506298604583740097e+00 -2.356888862633670072e-17
1.506994128417969980e+00 3.224160107063059701e-17
1.507689652252200085e+00 2.544990561108839886e-17
1.508385176086429968e+00 7.025196965937340589e-18
1.509080699920659852e+00 2.391871985099759945e-17
1.509776223754890179e+00 2.653394896489629927e-17
1.510471747589110070e+00 1.317798142906599957e-17
1.511167271423339953e+00 7.958214510685909439e-18
1.511862795257570058e+00 1.725136783549560060e-17
1.512558319091799941e+00 2.816240951066210038e-17
1.513253842926030046e+00 1.886432039913730068e-17
1.513949366760260151e+00 1.170143839305990071e-17
1.514644890594490034e+00 5.739098203901109792e-18
1.515340414428709925e+00 6.576247997196629638e-18
1.516035938262940030e+00 1.026993534140720019e-17
1.516731462097169914e+00 2.024807444993029910e-17
1.517426985931400019e+00 2.833204771068449995e-17
1.518122509765629902e+00 1.848746683822550116e-17
1.518818033599860007e+00 2.953862960043599972e-17
1.519513557434090112e+00 2.703593013706900146e-17
1.520209081268310003e+00 2.343215070799800068e-17
1.520904605102539886e+00 2.973509492208470059e-17
1.521600128936769991e+00 2.685620198793469855e-17
1.522295652770999874e+00 3.215949843175100289e-17
1.522991176605229979e+00 4.712027411091179786e-17
1.523686700439460084e+00 4.027843827135909770e-17
1.524382224273689967e+00 5.012644036283160041e-17
1.525077748107910081e+00 6.157543067756579923e-17
1.525773271942139964e+00 4.097170165146219727e-17
1.526468795776369847e+00 4.189586091903089876e-17
1.527164319610600174e+00 3.986333587892279995e-17
1.527859843444830057e+00 3.032686324102750052e-17
1.528555367279059940e+00 2.263001712439310025e-17
1.529250891113280053e+00 2.047414787442470148e-17
1.529946414947509936e+00 1.287254746942269955e-17
1.530641938781739819e+00 2.567534045214990105e-17
1.531337462615970146e+00 5.493411334466329745e-17
1.532032986450200029e+00 4.378170036675379954e-17
1.532728510284429913e+00 3.130440212788559726e-17
1.533424034118660018e+00 4.687275851057870038e-17
1.534119557952879909e+00 5.323067714817570224e-17
1.534815081787110014e+00 4.413902915648690049e-17
1.535510605621340119e+00 4.613420202885470269e-17
1.536206129455570002e+00 3.977637603548630061e-17
1.536901653289800107e+00 4.212531751223070157e-17
1.537597177124029990e+00 4.522196077955159743e-17
1.538292700958259873e+00 6.312234444982370348e-17
1.538988224792479986e+00 6.478608921179849874e-17
1.539683748626710091e+00 2.558411731983639892e-17
1.540379272460939974e+00 3.640722638716599694e-17
1.541074796295170080e+00 5.918245672245399399e-17
1.541770320129399963e+00 4.997813680516819934e-17
1.542465843963630068e+00 1.324559351797490055e-17
1.543161367797859951e+00 4.481079576683110139e-17
1.543856891632080064e+00 8.854545602651020454e-17
1.544552415466309947e+00 6.757589148525410490e-17
1.545247939300540052e+00 4.696747069071610216e-17
1.545943463134769935e+00 4.536075506889310121e-17
1.546638986969000040e+00 5.809163048762320188e-17
1.547334510803229923e+00 6.459872287688789966e-17
1.548030034637450036e+00 6.097694234332649525e-17
1.548725558471680142e+00 5.715156949995870086e-17
1.549421082305910025e+00 3.670588491041189976e-17
1.550116606140139908e+00 3.826459427820479786e-17
1.550812129974370013e+00 6.480397616536439472e-17
1.551507653808599896e+00 6.245367149497050020e-17
1.552203177642830001e+00 5.696220469668809971e-17
1.552898701477050114e+00 6.576447844032619522e-17
1.553594225311279997e+00 5.526662340729740050e-17
1.554289749145510102e+00 3.947564625198649721e-17
1.554985272979739985e+00 3.801691324174930070e-17
1.555680796813969868e+00 3.287308729386579859e-17
1.556376320648200196e+00 3.294153483519339815e-17
1.557071844482430079e+00 5.770088360114290315e-17
1.557767368316649970e+00 6.366670870222240078e-17
1.558462892150880075e+00 6.131566287799959712e-17
1.559158415985109958e+00 6.612225721631260513e-17
1.559853939819339841e+00 5.089735945884120286e-17
1.560549463653569946e+00 5.708494506470120515e-17
1.561244987487800051e+00 7.085217522056429909e-17
1.561940511322029934e+00 5.775619220562059949e-17
1.562636035156250047e+00 6.177715686791029422e-17
1.563331558990479930e+00 4.855680228478570102e-17
1.564027082824710035e+00 3.015303619838320022e-17
1.564722606658939918e+00 4.305058520182029808e-17
1.565418130493170024e+00 6.817237473368849407e-17
1.566113654327400129e+00 7.357598833347280096e-17
1.566809178161630012e+00 6.262863012069280386e-17
1.567504701995849903e+00 4.901295599666170030e-17
1.568200225830080008e+00 6.666605898589470475e-17
1.568895749664309891e+00 6.675670474614070340e-17
1.569591273498539996e+00 5.399323179383119930e-17
1.570286797332770101e+00 4.976029051904619700e-17
1.570982321166999984e+00 3.969791630002440234e-17
1.571677845001219875e+00 4.491876268910389882e-17
1.572373368835449980e+00 5.134178705835369973e-17
1.573068892669679864e+00 4.149264014891339899e-17
1.573764416503909969e+00 4.620804278777600009e-17
1.574459940338140074e+00 5.949133258062619494e-17
1.575155464172369957e+00 5.666825117676640468e-17
1.575850988006600062e+00 4.851732922595460274e-17
1.576546511840819953e+00 5.285898850300869922e-17
1.577242035675049836e+00 5.982285995269249871e-17
1.577937559509280163e+00 5.775796568085399947e-17
1.578633083343510046e+00 4.862703653623629802e-17
1.579328607177739929e+00 5.003524204593639784e-17
1.580024131011970034e+00 4.937114505423189954e-17
1.580719654846199917e+00 4.566363552198549933e-17
1.581415178680420031e+00 4.452683127998649811e-17
1.582110702514650136e+00 3.077885458006120077e-17
1.582806226348880019e+00 4.841787564654620107e-17
1.583501750183110124e+00 4.794089352684599945e-17
1.584197274017340007e+00 1.242447117622820046e-17
1.584892797851569890e+00 2.435176213655890104e-17
1.585588321685799995e+00 5.198677617790819844e-17
1.586283845520020108e+00 3.566293258071320204e-17
1.586979369354249991e+00 1.599066517262599982e-17
1.587674893188480096e+00 2.650061193184919948e-17
1.588370417022709979e+00 4.056710445280539692e-17
1.589065940856939863e+00 4.521228938382960277e-17
1.589761464691169968e+00 4.409267395495950277e-17
1.590456988525390081e+00 4.600610153047219817e-17
1.591152512359619964e+00 3.901873815139189887e-17
1.591848036193850069e+00 3.123132568385020026e-17
1.592543560028079952e+00 3.649218114479759996e-17
1.593239083862310057e+00 4.158271680889799814e-17
1.593934607696539940e+00 3.629601691689189920e-17
1.594630131530770045e+00 3.060865720594480164e-17
1.595325655364990158e+00 2.966712052806749985e-17
1.596021179199220041e+00 3.007827230589820120e-17
1.596716703033449924e+00 4.386724407698160194e-17
1.597412226867680030e+00 3.395964858545829809e-17
1.598107750701909913e+00 1.998751917442099889e-17
1.598803274536140018e+00 3.498195117834530215e-17
1.599498798370370123e+00 2.882121254644630244e-17
1.600194322204590014e+00 2.631042325668849859e-17
1.600889846038819897e+00 3.384713878726129781e-17
1.601585369873050002e+00 5.009429281550530256e-17
1.602280893707279885e+00 4.388895591369989997e-17
1.602976417541509990e+00 2.851145325937990101e-17
1.603671941375740095e+00 3.062936980848309863e-17
1.604367465209969978e+00 1.706090288201039945e-17
1.605062989044190092e+00 1.180536122931800034e-17
1.605758512878419975e+00 1.278263128247690025e-17
1.606454036712649858e+00 2.863490169399730254e-17
1.607149560546879963e+00 4.783055425057639994e-17
1.607845084381110068e+00 6.203856579381180154e-17
1.608540608215339951e+00 5.028008088980719977e-17
1.609236132049560064e+00 2.863583806245070024e-17
1.609931655883789947e+00 2.434307012268219999e-17
1.610627179718020052e+00 1.340603595112750034e-17
1.611322703552249935e+00 2.181370401072780042e-17
1.612018227386480040e+00 5.645454741115210487e-17
1.612713751220710146e+00 5.532967442230859934e-17
1.613409275054940029e+00 3.149292651565380139e-17
1.614104798889159920e+00 1.033355462949930000e-17
1.614800322723390025e+00 2.198338026105830039e-17
1.615495846557619908e+00 3.334910988405540172e-17
1.616191370391850013e+00 2.280528180694199923e-17
1.616886894226080118e+00 3.217015582676319772e-17
1.617582418060310001e+00 3.894050340905660269e-17
1.618277941894539884e+00 2.138489027245779903e-17
1.618973465728759997e+00 1.141828702475750022e-17
1.619668989562989880e+00 2.049813942091119874e-17
1.620364513397219985e+00 3.267051076185159909e-17
1.621060037231450091e+00 4.651266032015480271e-17
1.621755561065679974e+00 4.311737176447779872e-17
1.622451084899910079e+00 1.820097448742900054e-17
1.623146608734139962e+00 2.276980568483089894e-17
1.623842132568359853e+00 4.930997339357229792e-17
1.624537656402590180e+00 4.465668209254509705e-17
1.625233180236820063e+00 3.613800556755960046e-17
1.625928704071049946e+00 3.381417398548990234e-17
1.626624227905280051e+00 2.644814882867859927e-17
1.627319751739509934e+00 4.878280788046979700e-17
1.628015275573729825e+00 4.423334759865270238e-17
1.628710799407960153e+00 2.454979579264899937e-17
1.629406323242190036e+00 2.003188914247830016e-17
1.630101847076419919e+00 2.156858392544869965e-17
1.630797370910650024e+00 2.652203590971430132e-17
1.631492894744879907e+00 4.002279313996590302e-17
1.632188418579110012e+00 4.030823993446810271e-17
1.632883942413330125e+00 2.865270262077940055e-17
1.633579466247560008e+00 4.441470860231619729e-17
1.634274990081790113e+00 6.216667290963910172e-17
1.634970513916019996e+00 3.195910234783149933e-17
1.635666037750249879e+00 3.299200980976170173e-18
1.636361561584479984e+00 1.891303637413299870e-17
1.637057085418710090e+00 2.889242617974219921e-17
1.637752609252929981e+00 2.562353578474700090e-17
1.638448133087160086e+00 1.322300735134910007e-17
1.639143656921389969e+00 2.287771635882210131e-17
1.639839180755620074e+00 3.566998677697709740e-17
1.640534704589849957e+00 4.025013215079750228e-17
1.641230228424079840e+00 4.376632142480529993e-17
1.641925752258309945e+00 4.893466500604479983e-17
1.642621276092530058e+00 4.258227193493970149e-17
1.643316799926759941e+00 3.285859178081149945e-17
1.644012323760990046e+00 3.383218667050880161e-17
1.644707847595219929e+00 3.862268407410150305e-17
1.645403371429449813e+00 3.221612059904150122e-17
1.646098895263679918e+00 2.900443966957169850e-17
1.646794419097900031e+00 4.646751280232170160e-17
1.647489942932129914e+00 4.914319723846939962e-17
1.648185466766360019e+00 2.928797402249770025e-17
1.648880990600589902e+00 4.199466929756160152e-17
1.649576514434820007e+00 7.790117017272479799e-17
1.650272038269049890e+00 5.621851638644379840e-17
1.650967562103279773e+00 3.847938992222769847e-17
