8.180999755859400535e-01 1.240764354324200094e-15
8.202021647556689832e-01 1.386869914429040036e-15
8.223043539253970247e-01 1.160796291411279975e-15
8.244065430951259543e-01 1.313273656861839997e-15
8.265087322648549950e-01 1.026547816139459963e-15
8.286109214345840357e-01 6.082391657698219953e-16
8.307131106043119662e-01 7.635346098358990466e-16
8.328152997740410068e-01 1.023618458570499964e-15
8.349174889437700475e-01 9.871414082134630057e-16
8.370196781134979780e-01 1.123290943056280043e-15
8.391218672832270187e-01 1.154531106337790008e-15
8.412240564529559483e-01 1.306835782946229940e-15
8.433262456226839898e-01 1.520425728508249944e-15
8.454284347924130305e-01 1.726836963963159906e-15
8.475306239621419602e-01 1.962633784061570094e-15
8.496328131318710009e-01 2.378178407105639965e-15
8.517350023015990423e-01 2.331475551492880002e-15
8.538371914713279720e-01 2.541914534491110064e-15
8.559393806410570127e-01 2.669687125243810010e-15
8.580415698107850542e-01 2.751835768600319891e-15
8.601437589805139838e-01 2.824383717016179849e-15
8.622459481502430245e-01 2.953340883345620061e-15
8.643481373199709550e-01 3.210496486241999813e-15
8.664503264896999957e-01 3.192567763363940087e-15
8.685525156594290364e-01 3.081032794210099951e-15
8.706547048291579660e-01 3.207143718078530084e-15
8.727568939988860075e-01 3.209646276921200015e-15
8.748590831686150482e-01 3.203654789368790016e-15
8.769612723383439779e-01 3.200559942737760010e-15
8.790634615080720193e-01 3.208416596840020034e-15
8.811656506778009490e-01 3.140026733162229859e-15
8.832678398475299897e-01 2.770597336623770168e-15
8.853700290172580312e-01 2.671572620584400055e-15
8.874722181869869608e-01 2.637957482797899944e-15
8.895744073567160015e-01 2.523702479092189830e-15
8.916765965264450422e-01 2.421631832574499958e-15
8.937787856961729727e-01 2.399341737051029812e-15
8.958809748659020133e-01 2.255561705902869846e-15
8.979831640356310540e-01 2.169782255817950068e-15
9.000853532053589845e-01 2.092017431479959946e-15
9.021875423750880252e-01 2.036610253542979951e-15
9.042897315448169548e-01 2.137049726362499982e-15
9.063919207145449963e-01 2.042268645388869969e-15
9.084941098842740370e-01 1.949613193596380144e-15
9.105962990540029667e-01 1.916550744807970170e-15
9.126984882237320074e-01 1.902646910737020149e-15
9.148006773934600488e-01 1.843341475418539839e-15
9.169028665631889785e-01 1.748537948071809953e-15
9.190050557329180192e-01 1.714449848263390075e-15
9.211072449026459497e-01 1.744671348546719973e-15
9.232094340723749903e-01 1.676206734211339931e-15
9.253116232421040310e-01 1.695945142981199989e-15
9.274138124118319615e-01 1.604581522312389999e-15
9.295160015815610022e-01 1.482866170044620017e-15
9.316181907512900429e-01 1.408518276615849996e-15
9.337203799210189725e-01 1.391617216461049903e-15
9.358225690907470140e-01 1.254194802856750015e-15
9.379247582604760547e-01 1.294204298241180005e-15
9.400269474302049844e-01 1.304290554818849963e-15
9.421291365999330258e-01 1.293383099798819919e-15
9.442313257696619555e-01 1.252749235253139975e-15
9.463335149393909962e-01 1.193793624541869972e-15
9.484357041091190377e-01 1.208626759635070056e-15
9.505378932788479673e-01 1.174602293176810094e-15
9.526400824485770080e-01 1.190980098728449957e-15
9.547422716183060487e-01 1.161971443746470007e-15
9.568444607880339792e-01 1.039012011837420075e-15
9.589466499577630199e-01 1.058793936924950056e-15
9.610488391274919495e-01 1.051063067215360057e-15
9.631510282972199910e-01 1.021269742086880027e-15
9.652532174669490317e-01 1.020337476449310037e-15
9.673554066366779614e-01 1.049786376805610027e-15
9.694575958064060028e-01 8.755189829078179757e-16
9.715597849761350435e-01 8.892058706651450931e-16
9.736619741458639732e-01 9.312004936405920280e-16
9.757641633155930139e-01 8.714862590459399559e-16
9.778663524853210554e-01 9.472336626618130643e-16
9.799685416550499850e-01 8.729930777195459556e-16
9.820707308247790257e-01 9.196116006144960960e-16
9.841729199945069562e-01 7.839158107336130229e-16
9.862751091642359969e-01 8.237722578523949743e-16
9.883772983339650375e-01 9.618233816617949577e-16
9.904794875036929680e-01 9.580715551010510328e-16
9.925816766734220087e-01 8.239316059255969923e-16
9.946838658431510494e-01 8.208909694031909663e-16
9.967860550128799790e-01 8.082916190105789699e-16
9.988882441826080205e-01 7.917594946438660459e-16
1.000990433352340059e+00 8.295038121691090127e-16
1.003092622522069988e+00 8.905745700287890440e-16
1.005194811691789925e+00 9.547670678155749964e-16
1.007297000861520075e+00 8.642042109192760333e-16
1.009399190031250004e+00 8.763870328600760233e-16
1.011501379200979933e+00 8.993806421857999707e-16
1.013603568370710084e+00 8.909661110086579360e-16
1.015705757540440013e+00 8.380488393596880047e-16
1.017807946710169942e+00 8.293709868150679935e-16
1.019910135879900093e+00 7.336369408362230137e-16
1.022012325049620030e+00 9.085976312013480343e-16
1.024114514219349958e+00 8.378555040894779995e-16
1.026216703389080109e+00 7.741368153575620269e-16
1.028318892558810038e+00 7.673652634002970221e-16
1.030421081728539967e+00 7.271675149433309883e-16
1.032523270898269896e+00 8.045898203332819563e-16
1.034625460068000047e+00 7.830964122362629928e-16
1.036727649237719984e+00 7.557243837270629629e-16
1.038829838407449913e+00 7.187973471168010031e-16
1.040932027577180063e+00 7.180280294424569890e-16
1.043034216746909992e+00 8.290843720415410169e-16
1.045136405916639921e+00 7.412578550813469724e-16
1.047238595086370072e+00 7.895506974152230448e-16
1.049340784256100001e+00 6.969500380665080425e-16
1.051442973425829930e+00 6.690747131679609536e-16
1.053545162595550089e+00 7.080184822860760020e-16
1.055647351765280018e+00 6.334691008949750043e-16
1.057749540935009946e+00 6.947186885856440012e-16
1.059851730104740097e+00 7.201531821675590224e-16
1.061953919274470026e+00 7.653907237211290384e-16
1.064056108444199955e+00 7.453852348750809560e-16
1.066158297613930106e+00 5.460716590621249594e-16
1.068260486783660035e+00 6.311087377083329827e-16
1.070362675953379972e+00 7.892056903078940346e-16
1.072464865123109901e+00 7.674551018322649841e-16
1.074567054292840051e+00 7.590133597216920105e-16
1.076669243462569980e+00 6.937042078126289719e-16
1.078771432632299909e+00 7.180209884810830362e-16
1.080873621802030060e+00 7.207768631145349933e-16
1.082975810971759989e+00 6.389758738433120244e-16
1.085078000141479926e+00 6.539858800038099568e-16
1.087180189311210077e+00 6.693017179978250075e-16
1.089282378480940006e+00 5.790639629345949730e-16
1.091384567650669934e+00 5.335006313336869759e-16
1.093486756820400085e+00 5.569316272975499542e-16
1.095588945990130014e+00 5.212380294771679645e-16
1.097691135159859943e+00 5.957841815551580481e-16
1.099793324329590094e+00 5.696072635949740411e-16
1.101895513499310031e+00 4.804398934792770308e-16
1.103997702669039960e+00 4.882238615667480339e-16
1.106099891838770111e+00 5.172174287743480150e-16
1.108202081008500040e+00 5.317030156613770300e-16
1.110304270178229968e+00 4.755747479884850446e-16
1.112406459347959897e+00 5.132519381526589956e-16
1.114508648517690048e+00 4.107209821676899936e-16
1.116610837687419977e+00 4.930690488437200448e-16
1.118713026857139914e+00 5.093976206052970045e-16
1.120815216026870065e+00 4.923867108651479956e-16
1.122917405196599994e+00 5.526579755017379797e-16
1.125019594366329923e+00 5.488940257819359846e-16
1.127121783536060073e+00 5.915071416275559717e-16
1.129223972705790002e+00 6.333443223539329997e-16
1.131326161875519931e+00 4.800261708241020154e-16
1.133428351045240090e+00 5.209145158308760252e-16
1.135530540214970019e+00 4.259686075396720138e-16
1.137632729384699948e+00 5.424161295595720078e-16
1.139734918554430099e+00 5.366151185411820321e-16
1.141837107724160028e+00 4.203402588936240055e-16
1.143939296893889956e+00 4.042311745445050067e-16
1.146041486063620107e+00 4.277314154518060241e-16
1.148143675233350036e+00 4.961238202284339687e-16
1.150245864403069973e+00 5.994243585855420156e-16
1.152348053572799902e+00 4.581171871873370024e-16
1.154450242742530053e+00 5.317379028308919679e-16
1.156552431912259982e+00 3.892218830680570104e-16
1.158654621081989911e+00 3.502245920555869859e-16
1.160756810251720061e+00 4.663784583405860010e-16
1.162858999421449990e+00 4.267845914354529814e-16
1.164961188591179919e+00 5.456714359945470067e-16
1.167063377760900078e+00 4.574607895927740245e-16
1.169165566930630007e+00 3.652890465527250171e-16
1.171267756100359936e+00 4.514095332780300008e-16
1.173369945270090087e+00 4.145870258274159802e-16
1.175472134439820016e+00 4.526553069852049533e-16
1.177574323609549944e+00 4.104217413092930076e-16
1.179676512779280095e+00 4.700600870458270147e-16
1.181778701949010024e+00 4.561341242391369766e-16
1.183880891118729961e+00 4.717441473636459767e-16
1.185983080288459890e+00 5.018695623470150096e-16
1.188085269458190041e+00 5.268856745925460043e-16
1.190187458627919970e+00 3.975747131889479827e-16
1.192289647797649899e+00 3.820723955976389774e-16
1.194391836967380049e+00 4.178668168085229925e-16
1.196494026137109978e+00 3.916079219409130232e-16
1.198596215306829915e+00 3.279133207084349892e-16
1.200698404476560066e+00 2.602947864082429943e-16
1.202800593646289995e+00 3.129034468968360020e-16
1.204902782816019924e+00 4.041584885297189936e-16
1.207004971985750075e+00 3.188689940652299777e-16
1.209107161155480004e+00 2.701647584167850225e-16
1.211209350325209932e+00 4.118606385284410038e-16
1.213311539494940083e+00 3.464207788477049831e-16
1.215413728664660020e+00 2.818197200127669872e-16
1.217515917834389949e+00 2.248072822918400137e-16
1.219618107004120100e+00 1.949133984706469988e-16
1.221720296173850029e+00 1.911002679003450016e-16
1.223822485343579958e+00 2.351601689594350055e-16
1.225924674513310109e+00 2.601193711788229928e-16
1.228026863683040038e+00 2.166209470846440107e-16
1.230129052852769966e+00 2.669642444255849938e-16
1.232231242022489903e+00 1.898184291184639944e-16
1.234333431192220054e+00 2.411944052058949901e-16
1.236435620361949983e+00 2.827926697015870033e-16
1.238537809531679912e+00 1.770390842245599908e-16
1.240639998701410063e+00 1.987752334354159951e-16
1.242742187871139992e+00 1.982770192437530042e-16
1.244844377040869920e+00 2.224128524988500165e-16
1.246946566210590079e+00 2.742689771533669790e-16
1.249048755380320008e+00 2.416425385745520142e-16
1.251150944550049937e+00 2.717023085045089867e-16
1.253253133719780088e+00 2.504866213350709776e-16
1.255355322889510017e+00 2.737874124530730118e-16
1.257457512059239946e+00 2.661597748839299756e-16
1.259559701228970097e+00 1.787980010790929953e-16
1.261661890398700026e+00 1.468288071277879916e-16
1.263764079568419962e+00 2.683122179518010133e-16
1.265866268738149891e+00 2.773648561058019930e-16
1.267968457907880042e+00 2.210686641511169904e-16
1.270070647077609971e+00 3.356211352399920090e-16
1.272172836247339900e+00 2.664023704139789852e-16
1.274275025417070051e+00 3.087910489983570226e-16
1.276377214586799980e+00 3.075058882591359777e-16
1.278479403756529909e+00 4.049663462031629798e-16
1.280581592926250067e+00 2.170670290453809911e-16
1.282683782095979996e+00 3.148796541721189912e-16
1.284785971265709925e+00 2.935602848759820229e-16
1.286888160435440076e+00 2.775618706753769792e-16
1.288990349605170005e+00 2.449193649403439816e-16
1.291092538774899934e+00 3.072499784299459834e-16
1.293194727944630085e+00 1.794489061943889910e-16
1.295296917114350022e+00 1.702154132712589982e-16
1.297399106284079950e+00 2.228922466772160037e-16
1.299501295453810101e+00 2.333401069140230179e-16
1.301603484623540030e+00 1.696585155782189961e-16
1.303705673793269959e+00 1.250130235850009971e-16
1.305807862963000110e+00 1.844664646761270055e-16
1.307910052132730039e+00 2.680018068464120125e-16
1.310012241302459968e+00 1.763177033210749948e-16
1.312114430472179905e+00 2.317212416633619999e-16
1.314216619641910055e+00 1.414352586616979942e-16
1.316318808811639984e+00 2.519383828671059901e-16
1.318420997981369913e+00 2.390461178934220104e-16
1.320523187151100064e+00 2.504016798123289844e-16
1.322625376320829993e+00 2.286957723246679927e-16
1.324727565490559922e+00 9.565705200742870425e-17
1.326829754660290073e+00 1.483599382939589881e-16
1.328931943830010010e+00 1.986272541325530045e-16
1.331034132999739938e+00 2.294601136804469864e-16
1.333136322169470089e+00 2.287496383261579882e-16
1.335238511339200018e+00 2.124726032254660008e-16
1.337340700508929947e+00 2.449679899254720029e-16
1.339442889678660098e+00 1.841121402063790114e-16
1.341545078848390027e+00 0.000000000000000000e+00
1.343647268018119956e+00 0.000000000000000000e+00
1.345749457187839893e+00 0.000000000000000000e+00
1.347851646357570043e+00 0.000000000000000000e+00
1.349953835527299972e+00 0.000000000000000000e+00
1.352056024697029901e+00 0.000000000000000000e+00
1.354158213866760052e+00 0.000000000000000000e+00
1.356260403036489981e+00 0.000000000000000000e+00
1.358362592206219910e+00 0.000000000000000000e+00
1.360464781375940069e+00 0.000000000000000000e+00
1.362566970545669998e+00 0.000000000000000000e+00
1.364669159715399926e+00 0.000000000000000000e+00
1.366771348885130077e+00 0.000000000000000000e+00
1.368873538054860006e+00 0.000000000000000000e+00
1.370975727224589935e+00 0.000000000000000000e+00
1.373077916394320086e+00 0.000000000000000000e+00
1.375180105564050015e+00 0.000000000000000000e+00
1.377282294733769952e+00 0.000000000000000000e+00
1.379384483903500103e+00 0.000000000000000000e+00
1.381486673073230032e+00 0.000000000000000000e+00
1.383588862242959960e+00 0.000000000000000000e+00
1.385691051412689889e+00 0.000000000000000000e+00
1.387793240582420040e+00 0.000000000000000000e+00
1.389895429752149969e+00 0.000000000000000000e+00
1.391997618921879898e+00 0.000000000000000000e+00
1.394099808091600057e+00 0.000000000000000000e+00
1.396201997261329986e+00 0.000000000000000000e+00
1.398304186431059914e+00 0.000000000000000000e+00
1.400406375600790065e+00 0.000000000000000000e+00
1.402508564770519994e+00 0.000000000000000000e+00
1.404610753940249923e+00 0.000000000000000000e+00
1.406712943109980074e+00 0.000000000000000000e+00
1.408815132279700011e+00 0.000000000000000000e+00
1.410917321449429940e+00 0.000000000000000000e+00
1.413019510619160091e+00 0.000000000000000000e+00
1.415121699788890020e+00 0.000000000000000000e+00
1.417223888958619948e+00 0.000000000000000000e+00
1.419326078128350099e+00 0.000000000000000000e+00
1.421428267298080028e+00 0.000000000000000000e+00
1.423530456467809957e+00 0.000000000000000000e+00
1.425632645637529894e+00 0.000000000000000000e+00
1.427734834807260045e+00 0.000000000000000000e+00
1.429837023976989974e+00 0.000000000000000000e+00
1.431939213146719903e+00 0.000000000000000000e+00
1.434041402316450053e+00 0.000000000000000000e+00
1.436143591486179982e+00 0.000000000000000000e+00
1.438245780655909911e+00 0.000000000000000000e+00
1.440347969825640062e+00 0.000000000000000000e+00
1.442450158995359999e+00 0.000000000000000000e+00
1.444552348165089928e+00 0.000000000000000000e+00
1.446654537334820079e+00 0.000000000000000000e+00
1.448756726504550008e+00 0.000000000000000000e+00
1.450858915674279936e+00 0.000000000000000000e+00
1.452961104844010087e+00 0.000000000000000000e+00
1.455063294013740016e+00 0.000000000000000000e+00
1.457165483183459953e+00 0.000000000000000000e+00
1.459267672353190104e+00 0.000000000000000000e+00
1.461369861522920033e+00 0.000000000000000000e+00
1.463472050692649962e+00 0.000000000000000000e+00
1.465574239862379891e+00 0.000000000000000000e+00
1.467676429032110041e+00 0.000000000000000000e+00
1.469778618201839970e+00 1.056662219694509957e-16
1.471880807371569899e+00 1.049184771654830055e-16
1.473982996541290058e+00 9.976261408532539757e-17
1.476085185711019987e+00 9.567005528665809947e-17
1.478187374880749916e+00 1.024117956546470013e-16
1.480289564050480067e+00 1.117924274651370022e-16
1.482391753220209996e+00 1.076872028769299963e-16
1.484493942389939924e+00 9.396288685124659721e-17
1.486596131559670075e+00 8.348975459236570109e-17
1.488698320729400004e+00 8.253063536338810157e-17
1.490800509899119941e+00 9.450407473009310321e-17
1.492902699068850092e+00 1.098294352273200000e-16
1.495004888238580021e+00 1.117772205767559999e-16
1.497107077408309950e+00 1.019261744606290001e-16
1.499209266578040101e+00 9.186403185217909621e-17
1.501311455747770029e+00 8.683054518056530454e-17
1.503413644917499958e+00 8.937738134705689801e-17
1.505515834087230109e+00 9.486497032262760060e-17
1.507618023256950046e+00 9.286427188376800580e-17
1.509720212426679975e+00 9.043090504498399878e-17
1.511822401596409904e+00 1.064797110885049964e-16
1.513924590766140055e+00 1.297763795383339923e-16
1.516026779935869984e+00 1.293515660455069999e-16
1.518128969105599912e+00 1.134259040341380090e-16
1.520231158275330063e+00 1.162727950047489956e-16
1.522333347445050000e+00 1.364581724729699881e-16
1.524435536614779929e+00 1.485344932555420084e-16
1.526537725784510080e+00 1.514723608586449886e-16
1.528639914954240009e+00 1.604841693776100057e-16
1.530742104123969938e+00 1.768142499166239909e-16
1.532844293293700089e+00 1.923579000687809966e-16
1.534946482463430018e+00 2.054120277447290076e-16
1.537048671633159946e+00 2.190800028445310084e-16
1.539150860802880105e+00 2.312730818249260151e-16
1.541253049972610034e+00 2.350732157334440229e-16
1.543355239142339963e+00 2.374411492770519819e-16
1.545457428312069892e+00 2.576078126110949938e-16
1.547559617481800043e+00 2.898761415416789959e-16
1.549661806651529972e+00 3.068739487409250170e-16
1.551763995821259901e+00 3.048079559732330227e-16
1.553866184990980059e+00 3.002306958053889932e-16
1.555968374160709988e+00 3.006152222936629918e-16
1.558070563330439917e+00 3.066951453797150122e-16
1.560172752500170068e+00 3.132151020818659867e-16
1.562274941669899997e+00 3.076639657829170157e-16
1.564377130839629926e+00 2.901584417411309946e-16
1.566479320009360077e+00 2.739512339190280124e-16
1.568581509179090006e+00 2.643286220008639895e-16
1.570683698348809942e+00 2.585228728919260003e-16
1.572785887518540093e+00 2.549741489500650081e-16
1.574888076688270022e+00 2.525389292267089933e-16
1.576990265857999951e+00 2.507968206822230169e-16
1.579092455027730102e+00 2.512423600124789761e-16
1.581194644197460031e+00 2.513893202288279916e-16
1.583296833367189960e+00 2.433844353608009798e-16
1.585399022536920111e+00 2.289023954242389865e-16
1.587501211706640047e+00 2.216592578735900020e-16
1.589603400876369976e+00 2.239683755669229906e-16
1.591705590046099905e+00 2.236413679097240217e-16
1.593807779215830056e+00 2.164498993688570072e-16
1.595909968385559985e+00 2.079909386666530066e-16
1.598012157555289914e+00 2.017188979202519935e-16
1.600114346725020065e+00 1.992252990979839924e-16
1.602216535894749994e+00 1.993120008610690054e-16
1.604318725064469930e+00 1.959600003212090078e-16
1.606420914234200081e+00 1.878993568624509967e-16
1.608523103403930010e+00 1.813498466513739881e-16
1.610625292573659939e+00 1.783288904101019962e-16
1.612727481743390090e+00 1.740211455381630114e-16
1.614829670913120019e+00 1.679141835722469949e-16
1.616931860082849948e+00 1.669490027637409889e-16
1.619034049252570107e+00 1.709816869209489898e-16
1.621136238422300035e+00 1.671570552314100059e-16
1.623238427592029964e+00 1.542281031431980004e-16
1.625340616761759893e+00 1.518754691321990086e-16
1.627442805931490044e+00 1.654623805319699992e-16
1.629544995101219973e+00 1.744109395125770081e-16
1.631647184270949902e+00 1.696013673240590064e-16
1.633749373440680053e+00 1.634486788138819953e-16
1.635851562610399990e+00 1.615751610485630003e-16
1.637953751780129918e+00 1.565062511943970036e-16
1.640055940949860069e+00 1.463053275314959946e-16
1.642158130119589998e+00 1.389297749083890037e-16
1.644260319289319927e+00 1.390057431758459971e-16
1.646362508459050078e+00 1.453680591055789919e-16
1.648464697628780007e+00 1.547140353571260011e-16
1.650566886798509936e+00 1.589116394761420047e-16
1.652669075968230095e+00 1.544678267021609901e-16
1.654771265137960023e+00 1.490922115117500083e-16
1.656873454307689952e+00 1.476717372592049903e-16
1.658975643477420103e+00 1.469975652076390045e-16
1.661077832647150032e+00 1.459747067493809996e-16
1.663180021816879961e+00 1.494056137022340008e-16
1.665282210986609890e+00 1.581034641653429953e-16
1.667384400156330049e+00 1.631510261422600017e-16
1.669486589326059978e+00 1.592924072557130060e-16
1.671588778495789906e+00 1.507193618034250015e-16
1.673690967665520057e+00 1.423330474113380059e-16
1.675793156835249986e+00 1.400929893729850064e-16
1.677895346004979915e+00 1.469014004983459904e-16
1.679997535174710066e+00 1.567076862171659908e-16
1.682099724344439995e+00 1.643064320218750075e-16
1.684201913514159932e+00 1.692665113772080112e-16
1.686304102683890083e+00 1.715464858431999998e-16
1.688406291853620012e+00 1.715005210709219983e-16
1.690508481023349940e+00 1.702589560587040115e-16
1.692610670193080091e+00 1.704589617133750001e-16
1.694712859362810020e+00 1.736383925251220061e-16
1.696815048532539949e+00 1.777983830873250091e-16
1.698917237702270100e+00 1.807923798580729931e-16
1.701019426871990037e+00 1.799240122684599963e-16
1.703121616041719966e+00 1.748650418165339930e-16
1.705223805211449895e+00 1.750171107003459881e-16
1.707325994381180045e+00 1.861662877476989999e-16
1.709428183550909974e+00 1.974540870308259996e-16
1.711530372720639903e+00 2.002613527413740102e-16
1.713632561890370054e+00 1.995571242550709878e-16
1.715734751060089991e+00 2.006795090846319893e-16
1.717836940229819920e+00 2.068622672644369965e-16
1.719939129399550071e+00 2.194546164003439990e-16
1.722041318569280000e+00 2.320838247043459945e-16
1.724143507739009928e+00 2.389596675932419809e-16
1.726245696908740079e+00 2.394507349444130067e-16
1.728347886078470008e+00 2.352454810590920141e-16
1.730450075248199937e+00 2.374356170931160161e-16
1.732552264417920096e+00 2.539670532455590002e-16
1.734654453587650025e+00 2.713004972501549815e-16
1.736756642757379954e+00 2.769674653046409781e-16
1.738858831927110105e+00 2.780654847020790120e-16
1.740961021096840033e+00 2.822654711012600065e-16
1.743063210266569962e+00 2.878581120146249806e-16
1.745165399436299891e+00 2.926003847885059884e-16
1.747267588606030042e+00 2.957136279163589760e-16
1.749369777775749979e+00 2.966911568770499871e-16
1.751471966945479908e+00 2.969629750437800096e-16
1.753574156115210059e+00 2.980296012826099873e-16
1.755676345284939988e+00 2.985772080830099911e-16
1.757778534454669916e+00 2.974369429173279940e-16
1.759880723624400067e+00 2.989298384868630081e-16
1.761982912794129996e+00 3.066156301617920078e-16
1.764085101963849933e+00 3.130712917692900169e-16
1.766187291133580084e+00 3.107069316459279911e-16
1.768289480303310013e+00 3.039200007467140059e-16
1.770391669473039942e+00 2.985681818881650236e-16
1.772493858642770093e+00 2.936536967281960167e-16
1.774596047812500021e+00 2.875154077781220082e-16
1.776698236982229950e+00 2.835277884206849841e-16
1.778800426151960101e+00 2.847635036116109960e-16
1.780902615321680038e+00 2.860123742829980158e-16
1.783004804491409967e+00 2.813472873864359998e-16
1.785106993661139896e+00 2.712282876914019961e-16
1.787209182830870047e+00 2.577365086795189864e-16
1.789311372000599976e+00 2.473726635231680047e-16
1.791413561170329904e+00 2.464603031598570123e-16
1.793515750340060055e+00 2.460070875935170047e-16
1.795617939509789984e+00 2.348932477019319871e-16
1.797720128679509921e+00 2.197297962290829933e-16
1.799822317849240072e+00 2.103854213992020100e-16
1.801924507018970001e+00 2.062645928759209994e-16
1.804026696188699930e+00 2.046482554892119927e-16
1.806128885358430081e+00 2.001911019463110080e-16
1.808231074528160010e+00 1.871786244685659959e-16
1.810333263697889938e+00 1.804458375035270105e-16
1.812435452867620089e+00 1.982855557476749952e-16
1.814537642037340026e+00 2.182842418603649978e-16
1.816639831207069955e+00 2.090303407371630088e-16
1.818742020376800106e+00 1.865200166474060050e-16
1.820844209546530035e+00 1.792181161860410070e-16
1.822946398716259964e+00 1.790996639223240050e-16
1.825048587885989892e+00 1.688410361398899903e-16
1.827150777055720043e+00 1.544744838517300033e-16
1.829252966225439980e+00 1.476676212084759897e-16
1.831355155395169909e+00 1.529725091477909909e-16
1.833457344564900060e+00 1.722663050296889887e-16
1.835559533734629989e+00 1.903895807878189926e-16
1.837661722904359918e+00 1.873327447602969993e-16
1.839763912074090069e+00 1.682858722174139979e-16
1.841866101243819998e+00 1.477282237688750115e-16
1.843968290413549926e+00 1.354234290836709939e-16
1.846070479583270085e+00 1.391211646497989991e-16
1.848172668753000014e+00 1.516969966432350111e-16
1.850274857922729943e+00 1.595848718505320070e-16
1.852377047092460094e+00 1.612451755411589884e-16
1.854479236262190023e+00 1.598953094257010039e-16
1.856581425431919952e+00 1.572834039235029967e-16
1.858683614601650103e+00 1.557544697490400011e-16
1.860785803771380031e+00 1.493947875623770054e-16
1.862887992941099968e+00 1.283508892625540091e-16
1.864990182110829897e+00 1.069053517619449978e-16
1.867092371280560048e+00 1.098150819893310045e-16
1.869194560450289977e+00 1.296264679415600038e-16
1.871296749620019906e+00 1.438339368543139897e-16
1.873398938789750057e+00 1.469363538423100065e-16
1.875501127959479986e+00 1.410179096467179901e-16
1.877603317129199922e+00 1.339215867286290039e-16
1.879705506298930073e+00 1.380174674846369928e-16
1.881807695468660002e+00 1.456655926631919890e-16
1.883909884638389931e+00 1.372901044109619888e-16
1.886012073808120082e+00 1.225598308812950109e-16
1.888114262977850011e+00 1.280732080396429995e-16
1.890216452147579940e+00 1.430278658909929949e-16
1.892318641317310091e+00 1.351756851814879997e-16
1.894420830487030027e+00 1.114828501578059972e-16
1.896523019656759956e+00 1.011726923319319970e-16
1.898625208826490107e+00 1.098762205627659992e-16
1.900727397996220036e+00 1.307038276760190120e-16
1.902829587165949965e+00 1.475951072472580039e-16
1.904931776335679894e+00 1.358090408329079964e-16
1.907033965505410045e+00 1.105595710104089967e-16
1.909136154675139974e+00 1.164519557079830070e-16
1.911238343844859910e+00 1.451359853129209912e-16
1.913340533014590061e+00 1.494644163176189979e-16
1.915442722184319990e+00 1.346634684764160070e-16
1.917544911354049919e+00 1.448830268641579912e-16
1.919647100523780070e+00 1.710514480250889907e-16
1.921749289693509999e+00 1.641063469578649919e-16
1.923851478863239928e+00 1.299528800287180085e-16
1.925953668032960087e+00 1.167541876514750095e-16
1.928055857202690015e+00 1.301926829970200005e-16
1.930158046372419944e+00 1.427229472648710011e-16
1.932260235542150095e+00 1.463535951745989986e-16
1.934362424711880024e+00 1.475891515468470058e-16
1.936464613881609953e+00 1.491628725883970093e-16
1.938566803051340104e+00 1.521065370732319969e-16
1.940668992221070033e+00 1.560961151943590042e-16
1.942771181390789970e+00 1.596244177012569914e-16
1.944873370560519898e+00 1.588846270660589907e-16
1.946975559730250049e+00 1.468211970661529968e-16
1.949077748899979978e+00 1.300875185626619904e-16
1.951179938069709907e+00 1.297519744015419920e-16
1.953282127239440058e+00 1.462192875128999886e-16
1.955384316409169987e+00 1.583355379580009960e-16
1.957486505578899916e+00 1.595631798661479973e-16
1.959588694748620075e+00 1.584217897348330021e-16
1.961690883918350004e+00 1.590336519252160018e-16
1.963793073088079932e+00 1.620115021304070000e-16
1.965895262257810083e+00 1.659584242017059961e-16
1.967997451427540012e+00 1.660791793362490112e-16
1.970099640597269941e+00 1.620536420195330001e-16
1.972201829767000092e+00 1.591545394086570008e-16
1.974304018936730021e+00 1.595848718505320070e-16
1.976406208106449958e+00 1.618099347587400043e-16
1.978508397276180109e+00 1.648352585136469910e-16
1.980610586445910037e+00 1.682719623482330103e-16
1.982712775615639966e+00 1.710134241866910052e-16
1.984814964785369895e+00 1.710947261147380116e-16
1.986917153955100046e+00 1.686638739050160056e-16
1.989019343124829975e+00 1.669570231069600072e-16
1.991121532294549912e+00 1.669975086348609998e-16
1.993223721464280063e+00 1.661175737515610014e-16
1.995325910634009992e+00 1.646439481815759979e-16
1.997428099803739920e+00 1.678029575583610097e-16
1.999530288973470071e+00 1.755884344232689891e-16
2.001632478143200000e+00 1.797920736520349930e-16
2.003734667312929929e+00 1.773435528644290022e-16
2.005836856482659858e+00 1.734517276393710122e-16
2.007939045652380017e+00 1.712038610160360051e-16
2.010041234822109946e+00 1.702511210039420078e-16
2.012143423991839875e+00 1.701867464999510014e-16
2.014245613161569803e+00 1.700735220177040035e-16
2.016347802331300176e+00 1.691959561796800086e-16
2.018449991501030105e+00 1.677700820920950119e-16
2.020552180670760034e+00 1.653809727248050051e-16
2.022654369840489963e+00 1.601593057725580101e-16
2.024756559010210122e+00 1.521549238303439974e-16
2.026858748179940051e+00 1.451604433892730084e-16
2.028960937349669980e+00 1.410951352287059900e-16
2.031063126519399908e+00 1.378430316370620076e-16
2.033165315689129837e+00 1.341718055552039924e-16
2.035267504858860210e+00 1.309418439341970020e-16
2.037369694028590139e+00 1.284118491649769882e-16
2.039471883198309854e+00 1.256335149235340021e-16
2.041574072368039783e+00 1.222753469250259955e-16
2.043676261537770156e+00 1.193971554400349916e-16
2.045778450707500085e+00 1.175092645843929902e-16
2.047880639877230013e+00 1.156947347229169930e-16
2.049982829046959942e+00 1.134617838203880105e-16
2.052085018216689871e+00 1.115696842697889941e-16
2.054187207386419800e+00 1.102403785556369974e-16
2.056289396556139959e+00 1.080415471990129998e-16
2.058391585725869888e+00 1.045484296466509996e-16
2.060493774895599817e+00 1.023298319821100018e-16
2.062595964065330190e+00 1.026349226617989999e-16
2.064698153235060119e+00 1.025532832440629963e-16
2.066800342404790047e+00 1.004162522053649973e-16
2.068902531574519976e+00 9.875627276953829685e-17
2.071004720744249905e+00 9.920356572269269590e-17
2.073106909913970064e+00 1.001375651308280016e-16
2.075209099083699993e+00 1.004476850686420000e-16
2.077311288253429922e+00 1.009441853420760028e-16
2.079413477423159851e+00 1.022732792979910011e-16
2.081515666592889779e+00 1.045694334167649954e-16
2.083617855762620152e+00 1.076345081631880045e-16
2.085720044932350081e+00 1.100985203893059994e-16
2.087822234102069796e+00 1.110414136433880052e-16
2.089924423271800169e+00 1.114966144431979921e-16
2.092026612441530098e+00 1.123348594236249975e-16
2.094128801611260027e+00 1.131382304694260030e-16
2.096230990780989956e+00 1.135788993602350035e-16
2.098333179950719884e+00 1.139170375597570036e-16
2.100435369120449813e+00 1.143665870616229896e-16
2.102537558290180186e+00 1.149129894870509929e-16
2.104639747459899901e+00 1.154999833194980012e-16
2.106741936629629830e+00 1.160951166091729997e-16
2.108844125799360203e+00 1.165685683220180114e-16
2.110946314969090132e+00 1.162708494759479997e-16
2.113048504138820061e+00 1.148074280059990067e-16
2.115150693308549990e+00 1.131687368904170080e-16
2.117252882478279918e+00 1.122031987398860093e-16
2.119355071648009847e+00 1.113440426335740085e-16
2.121457260817730006e+00 1.099723389499450062e-16
2.123559449987459935e+00 1.079284285958859986e-16
2.125661639157189864e+00 1.052131586043440061e-16
2.127763828326919793e+00 1.023924330108680026e-16
2.129866017496650166e+00 1.000309514760379942e-16
2.131968206666380095e+00 9.820541018624739529e-17
2.134070395836110023e+00 9.686138065719159725e-17
2.136172585005830182e+00 9.554016807815249890e-17
2.138274774175560111e+00 9.385259389709130066e-17
2.140376963345290040e+00 9.265529959125749698e-17
2.142479152515019969e+00 9.269035881434000614e-17
2.144581341684749898e+00 9.247106992522969898e-17
2.146683530854479827e+00 9.058912153510830312e-17
2.148785720024210200e+00 8.862104709960779972e-17
2.150887909193940128e+00 8.825158853337220269e-17
2.152990098363659843e+00 8.848144548198840105e-17
2.155092287533390216e+00 8.806315017238769791e-17
2.157194476703120145e+00 8.695312672990079980e-17
2.159296665872850074e+00 8.535666153022849433e-17
2.161398855042580003e+00 8.441033382224340251e-17
2.163501044212309932e+00 8.516263142830320504e-17
2.165603233382039861e+00 8.593415271179870296e-17
2.167705422551769789e+00 8.481146347977240521e-17
2.169807611721489948e+00 8.291925143261040207e-17
2.171909800891219877e+00 8.186158521417559876e-17
2.174011990060949806e+00 8.108099803116639640e-17
2.176114179230680179e+00 7.974662335422040358e-17
2.178216368400410108e+00 7.931977830580830305e-17
2.180318557570140037e+00 8.138774307208069774e-17
2.182420746739869966e+00 8.411882875693480280e-17
2.184522935909599894e+00 8.513176104784270139e-17
2.186625125079320053e+00 8.467435663888050344e-17
2.188727314249049982e+00 8.364820931050639605e-17
2.190829503418779911e+00 8.309808788104430502e-17
2.192931692588509840e+00 8.401318124909950546e-17
2.195033881758240213e+00 8.548682005397499997e-17
2.197136070927970142e+00 8.615754441674729778e-17
2.199238260097700071e+00 8.573664845130070328e-17
2.201340449267419785e+00 8.427410048407829510e-17
2.203442638437150158e+00 8.301070452113420318e-17
2.205544827606880087e+00 8.345265057880909643e-17
2.207647016776610016e+00 8.432066082639770458e-17
2.209749205946339945e+00 8.357856732037429456e-17
2.211851395116069874e+00 8.213162990567209806e-17
2.213953584285799803e+00 8.174367558093980301e-17
2.216055773455530176e+00 8.168339727534180180e-17
2.218157962625249890e+00 8.044432042240680586e-17
2.220260151794979819e+00 7.946610324744649576e-17
2.222362340964710192e+00 8.110181651282320496e-17
2.224464530134440121e+00 8.254385040085419943e-17
2.226566719304170050e+00 7.935097955851380325e-17
2.228668908473899979e+00 7.483896739738820314e-17
2.230771097643629908e+00 7.497015824253910100e-17
2.232873286813350067e+00 7.793125969468700227e-17
2.234975475983079996e+00 7.907675925928509929e-17
2.237077665152809924e+00 7.822936897000620070e-17
2.239179854322539853e+00 7.685244412235039385e-17
2.241282043492269782e+00 7.581766764582619490e-17
2.243384232662000155e+00 7.589648141459029668e-17
2.245486421831730084e+00 7.658542360317340074e-17
2.247588611001460013e+00 7.670682724731659584e-17
2.249690800171180172e+00 7.650178571707700064e-17
2.251792989340910101e+00 7.691065116769459926e-17
2.253895178510640029e+00 7.696224076813829416e-17
2.255997367680369958e+00 7.478978654688820102e-17
2.258099556850099887e+00 7.187817034770569672e-17
2.260201746019829816e+00 7.141706016959919958e-17
2.262303935189560189e+00 7.217467820135900481e-17
2.264406124359290118e+00 7.059847561797179831e-17
2.266508313529009833e+00 6.821503740096150437e-17
2.268610502698740206e+00 6.915243817577599788e-17
2.270712691868470134e+00 7.230895277583350036e-17
2.272814881038200063e+00 7.381757801189750076e-17
2.274917070207929992e+00 7.310049183015279388e-17
2.277019259377659921e+00 7.139201975809599432e-17
2.279121448547389850e+00 6.929902119776529480e-17
2.281223637717119779e+00 6.720911960164800615e-17
2.283325826886839938e+00 6.554686376477579401e-17
2.285428016056569867e+00 6.463096306844280345e-17
2.287530205226299795e+00 6.456210855425390175e-17
2.289632394396030168e+00 6.527028765516260065e-17
2.291734583565760097e+00 6.629777832485139555e-17
2.293836772735490026e+00 6.696451898579369961e-17
2.295938961905219955e+00 6.684023675311879533e-17
2.298041151074940114e+00 6.570177153244979995e-17
2.300143340244670043e+00 6.389449439058480333e-17
2.302245529414399972e+00 6.213227543104669661e-17
2.304347718584129900e+00 6.096908081878480360e-17
2.306449907753859829e+00 6.097172117930009751e-17
2.308552096923590202e+00 6.114148511077560514e-17
2.310654286093320131e+00 5.903910301357610408e-17
2.312756475263050060e+00 5.588025907291370157e-17
2.314858664432770219e+00 5.599293430723320013e-17
2.316960853602500148e+00 5.899547419934759486e-17
2.319063042772230077e+00 6.045502446403009853e-17
2.321165231941960005e+00 5.990216341237919490e-17
2.323267421111689934e+00 6.037823563340550191e-17
2.325369610281419863e+00 6.155622685246480512e-17
2.327471799451149792e+00 6.009006576032680230e-17
2.329573988620880165e+00 5.645709512743880518e-17
2.331676177790599880e+00 5.469588201952559992e-17
2.333778366960329809e+00 5.523998819157310056e-17
2.335880556130060182e+00 5.501396936099919756e-17
2.337982745299790110e+00 5.349625175564200196e-17
2.340084934469520039e+00 5.269831694082639913e-17
2.342187123639249968e+00 5.282886258509949947e-17
2.344289312808979897e+00 5.224609399122120252e-17
2.346391501978700056e+00 5.104963017472240208e-17
2.348493691148429985e+00 5.123708584513920003e-17
2.350595880318159914e+00 5.279512023355219939e-17
2.352698069487889843e+00 5.343312464001439893e-17
2.354800258657620216e+00 5.255502278895260071e-17
2.356902447827350144e+00 5.157793388834780061e-17
2.359004636997080073e+00 5.083726313297800030e-17
2.361106826166810002e+00 4.930345190162299764e-17
2.363209015336530161e+00 4.719290056869389822e-17
2.365311204506260090e+00 4.648111496031449894e-17
2.367413393675990019e+00 4.688938153216860300e-17
2.369515582845719948e+00 4.467253087308160073e-17
2.371617772015449876e+00 4.062837868386080105e-17
2.373719961185179805e+00 4.236778400210470142e-17
2.375822150354910178e+00 5.024316878215260265e-17
2.377924339524640107e+00 5.387661587107339950e-17
2.380026528694359822e+00 5.031544451535499901e-17
2.382128717864090195e+00 4.789288396409339707e-17
2.384230907033820124e+00 4.932380385341420303e-17
2.386333096203550053e+00 4.855785445852480067e-17
2.388435285373279982e+00 4.428172773831969770e-17
2.390537474543009910e+00 4.265872327587430252e-17
2.392639663712739839e+00 4.526640353950279719e-17
2.394741852882459998e+00 4.604356288605349969e-17
2.396844042052189927e+00 4.319903103454900280e-17
2.398946231221919856e+00 4.229215984178270272e-17
2.401048420391649785e+00 4.567194041533550092e-17
2.403150609561380158e+00 5.014930694368499781e-17
2.405252798731110087e+00 5.362235709438689916e-17
2.407354987900840015e+00 5.612591847995210064e-17
2.409457177070569944e+00 5.707441009241970514e-17
2.411559366240290103e+00 5.425896521997510303e-17
2.413661555410020032e+00 4.871239826672930178e-17
2.415763744579749961e+00 4.839444658287619981e-17
2.417865933749479890e+00 5.572771373306909776e-17
2.419968122919209819e+00 6.096716175976370522e-17
2.422070312088940192e+00 5.914776145884109444e-17
2.424172501258670120e+00 5.647149468754210363e-17
2.426274690428400049e+00 5.638712226506169481e-17
2.428376879598120208e+00 5.583259361729589660e-17
2.430479068767850137e+00 5.325801712178179875e-17
2.432581257937580066e+00 5.001587940215770110e-17
2.434683447107309995e+00 4.770298645650839806e-17
2.436785636277039924e+00 4.931678936181980266e-17
2.438887825446769853e+00 5.521109642713789771e-17
2.440990014616499781e+00 5.821703106848620390e-17
2.443092203786219940e+00 5.507476382729940104e-17
2.445194392955949869e+00 5.421117403290420233e-17
2.447296582125679798e+00 6.031710367741539528e-17
2.449398771295410171e+00 6.640901757362760067e-17
2.451500960465140100e+00 6.794793747244569385e-17
2.453603149634870029e+00 6.868425394907099654e-17
2.455705338804599958e+00 7.099727593489590099e-17
2.457807527974329886e+00 7.246030035815110273e-17
2.459909717144050045e+00 7.160745729427420527e-17
2.462011906313779974e+00 6.941184201587270131e-17
2.464114095483509903e+00 6.753521405145109860e-17
2.466216284653239832e+00 7.087027393236689771e-17
2.468318473822970205e+00 8.097838793054040610e-17
2.470420662992700134e+00 8.641663061948869457e-17
2.472522852162430063e+00 8.030214461872120379e-17
2.474625041332159991e+00 7.633151885978899914e-17
2.476727230501880150e+00 8.362946208910349423e-17
2.478829419671610079e+00 8.803199524179650068e-17
2.480931608841340008e+00 7.958818187096949714e-17
2.483033798011069937e+00 7.087609728387929567e-17
2.485135987180799866e+00 7.173760920057569956e-17
2.487238176350529795e+00 7.435834899171530469e-17
2.489340365520260168e+00 7.219280338294120513e-17
2.491442554689990097e+00 6.987623444664969794e-17
2.493544743859709811e+00 7.111681345957720111e-17
2.495646933029440184e+00 7.167351924671510330e-17
2.497749122199170113e+00 6.844903025264050484e-17
2.499851311368900042e+00 6.773323447265140533e-17
2.501953500538629971e+00 7.383964057319550279e-17
2.504055689708359900e+00 7.614055925229749436e-17
2.506157878878089829e+00 6.632518116418410156e-17
2.508260068047809987e+00 5.551590917414119506e-17
2.510362257217539916e+00 5.407817662529550098e-17
2.512464446387269845e+00 5.764789771982519409e-17
2.514566635557000218e+00 6.052344884430039870e-17
2.516668824726730147e+00 5.820023599332890258e-17
2.518771013896460076e+00 4.788654114315640209e-17
2.520873203066190005e+00 3.707072119138459978e-17
2.522975392235919934e+00 3.321819035414540276e-17
2.525077581405640093e+00 3.336131576117419722e-17
