9.354409179687500000e+03 1.889536878886557644e-16 8.393614260992997945e-18
9.361353515625000000e+03 1.776258398289911754e-16 7.986011087990142922e-18
9.368298828125000000e+03 1.913815357783928053e-16 8.381130451188347651e-18
9.375243164062500000e+03 1.667705038049964775e-16 8.361163965562542669e-18
9.382188476562500000e+03 2.384857526592536929e-16 8.352972395956430036e-18
9.389132812500000000e+03 1.373923306997835449e-16 7.300204741109165760e-18
9.396078125000000000e+03 1.878289207789306595e-16 7.541880446317558750e-18
9.403023437500000000e+03 1.967322296713084197e-16 7.343883186174415833e-18
9.409967773437500000e+03 2.032170477410383388e-16 7.310763701628405158e-18
9.416913085937500000e+03 1.833054736730170770e-16 7.289397626406160453e-18
9.423857421875000000e+03 2.075396553942240462e-16 7.678096413689728582e-18
9.430802734375000000e+03 1.677363860626623969e-16 8.192300006593517388e-18
9.437747070312500000e+03 1.740388273509366245e-16 8.222764241373232844e-18
9.444692382812500000e+03 1.868898921126706616e-16 7.533450648695030845e-18
9.451637695312500000e+03 1.741875875122981610e-16 7.340337062888401004e-18
9.458582031250000000e+03 1.374761340220025173e-16 7.327963268105220263e-18
9.465527343750000000e+03 2.051200131361635313e-16 7.817753452410119010e-18
9.472471679687500000e+03 2.246277113070221021e-16 7.670782482713534711e-18
9.479416992187500000e+03 1.718295801360401973e-16 7.066736321938523911e-18
9.486361328125000000e+03 1.477277208430621109e-16 8.066071417937312811e-18
9.493306640625000000e+03 1.995640858071061601e-16 7.402716407242249927e-18
9.500250976562500000e+03 1.791342202195938724e-16 7.342248677284011051e-18
9.507196289062500000e+03 2.213424807862064973e-16 8.058349686919130298e-18
9.514141601562500000e+03 1.788722620457656792e-16 7.090678237588258744e-18
9.521085937500000000e+03 1.579460219162725707e-16 7.042552869549923594e-18
9.528031250000000000e+03 1.765556534048047695e-16 7.166179147999036345e-18
9.534975585937500000e+03 2.034703502969367772e-16 7.304695504654716147e-18
9.541920898437500000e+03 1.894519814896577082e-16 7.469330916332370351e-18
9.548865234375000000e+03 2.135757577601459997e-16 7.622675312648675728e-18
9.555810546875000000e+03 1.705564896163169839e-16 7.131957858877105037e-18
9.562754882812500000e+03 1.766759717879842827e-16 7.562492132821155093e-18
9.569700195312500000e+03 1.994306781179136078e-16 7.567772026671081069e-18
9.576645507812500000e+03 1.714534975074592880e-16 7.388202696214394503e-18
9.583589843750000000e+03 1.897602353080092693e-16 7.442078623871198302e-18
9.590535156250000000e+03 2.127429258496480098e-16 7.312858122939389424e-18
9.597479492187500000e+03 2.153746042772079175e-16 7.132486427288526422e-18
9.604424804687500000e+03 1.692734199896839308e-16 6.862385073920054912e-18
9.611369140625000000e+03 1.607517788493830380e-16 7.725584852656397901e-18
9.618314453125000000e+03 1.830089459670290676e-16 6.941135563367247083e-18
9.625258789062500000e+03 1.567885646287393701e-16 7.709766677802546353e-18
9.632204101562500000e+03 1.959337555347334323e-16 6.736617224865042373e-18
9.639149414062500000e+03 2.121467205338993891e-16 6.866373738833785612e-18
9.646093750000000000e+03 2.199162361217078658e-16 6.755354520100593555e-18
9.653039062500000000e+03 2.100738720932905060e-16 6.713626566919743521e-18
9.659983398437500000e+03 1.955971393475386530e-16 6.586072007741616442e-18
9.666928710937500000e+03 2.074030580965894894e-16 6.610955668518742897e-18
9.673873046875000000e+03 1.970331248909307090e-16 6.417661343748270219e-18
9.680818359375000000e+03 2.196053617951757367e-16 6.529046176312210714e-18
9.687762695312500000e+03 2.235821550127550751e-16 6.423111636804382119e-18
9.694708007812500000e+03 2.158256096169514299e-16 6.391929409252970634e-18
9.701653320312500000e+03 2.097336692509596968e-16 6.300340663108649198e-18
9.708597656250000000e+03 2.042540278267144160e-16 6.275281640041661501e-18
9.715542968750000000e+03 1.962687438304827072e-16 6.167657170542387070e-18
9.722487304687500000e+03 1.934277026811631779e-16 6.351595668994578728e-18
9.729432617187500000e+03 1.725580020008992939e-16 6.262533132440994239e-18
9.736376953125000000e+03 1.954055775525611726e-16 6.397426024423385503e-18
9.743322265625000000e+03 2.205987726236274208e-16 6.309392914142123257e-18
9.750266601562500000e+03 1.978857561965707682e-16 6.217734684826347366e-18
9.757211914062500000e+03 2.088105753920199204e-16 6.197450975435628298e-18
9.764157226562500000e+03 2.038659676228637388e-16 6.171388995875920055e-18
9.771101562500000000e+03 2.073972876846363195e-16 6.307494121046007781e-18
9.778046875000000000e+03 2.351949767196115327e-16 6.207225355143861149e-18
9.784991210937500000e+03 2.020124345411447152e-16 6.268515716221284011e-18
9.791936523437500000e+03 2.265190035293429462e-16 6.161444216961501280e-18
9.798880859375000000e+03 1.998434213912428674e-16 6.103480776307766695e-18
9.805826171875000000e+03 2.173521615112506918e-16 6.100230370090739573e-18
9.812771484375000000e+03 1.970227090326574413e-16 5.959916549963982041e-18
9.819715820312500000e+03 1.432094353441708593e-16 6.006090598937304599e-18
9.826661132812500000e+03 2.402222231406842120e-16 6.057551159205453557e-18
9.833605468750000000e+03 2.084724901320572470e-16 5.862989593736549641e-18
9.840550781250000000e+03 2.168023444842540450e-16 5.921504350268550818e-18
9.847495117187500000e+03 1.990645481264629365e-16 5.885654756110808876e-18
9.854440429687500000e+03 2.032799399373719706e-16 5.934061365557412055e-18
9.861384765625000000e+03 2.098633049965590073e-16 5.973250701438336847e-18
9.868330078125000000e+03 2.285420623145210375e-16 5.975380691515660894e-18
9.875275390625000000e+03 2.406754916465836695e-16 5.991644716719678524e-18
9.882219726562500000e+03 2.158910693819064263e-16 5.982817458812818889e-18
9.889165039062500000e+03 2.184904282085726622e-16 5.959414864922468630e-18
9.896109375000000000e+03 2.333837820503654233e-16 5.981185845054558042e-18
9.903054687500000000e+03 2.037690749946317274e-16 5.871748195652567374e-18
9.909999023437500000e+03 2.496156067674975892e-16 6.003830741503809727e-18
9.916944335937500000e+03 2.218921786991949366e-16 5.954916243161098989e-18
9.923888671875000000e+03 2.128631251188193153e-16 6.038833302714297370e-18
9.930833984375000000e+03 2.206774937481628673e-16 5.875727761579559990e-18
9.937779296875000000e+03 2.416600086290891835e-16 5.956490367866787401e-18
9.944723632812500000e+03 2.387163309093640745e-16 5.951459455381239886e-18
9.951668945312500000e+03 2.338049691833876242e-16 5.939395853327766531e-18
9.958613281250000000e+03 2.098060773330601386e-16 5.706791424306936319e-18
9.965558593750000000e+03 2.148114332464022146e-16 5.710395863826136137e-18
9.972502929687500000e+03 2.166942948439199183e-16 5.847509322162926004e-18
9.979448242187500000e+03 1.962899328890538656e-16 5.766194986407125725e-18
9.986392578125000000e+03 2.389847874140844843e-16 5.889918458578213457e-18
9.993337890625000000e+03 2.141681514276319760e-16 5.758450094331791727e-18
1.000028320312500000e+04 2.044249299587127719e-16 5.824615857939602134e-18
1.000722753906250000e+04 2.112314484948319142e-16 5.901804216799987911e-18
1.001417285156250000e+04 1.993149919461643916e-16 5.943865110177390539e-18
1.002111718750000000e+04 2.292844337532302284e-16 5.892542275481231661e-18
1.002806250000000000e+04 2.037334731410674451e-16 5.792912506602282242e-18
1.003500683593750000e+04 2.328573246038672740e-16 5.927048941914493763e-18
1.004195214843750000e+04 2.280615828751910356e-16 5.970366736232670716e-18
1.004889648437500000e+04 2.200964291463464173e-16 5.892651876912394937e-18
1.005584179687500000e+04 2.217527359002531974e-16 5.825301590667408594e-18
1.006278710937500000e+04 2.308572415873834556e-16 5.734362594894247561e-18
1.006973144531250000e+04 2.269021271192979070e-16 5.672451434767103651e-18
1.007667675781250000e+04 2.041944708226105980e-16 5.626404358017807983e-18
1.008362109375000000e+04 1.947371494431693220e-16 5.622039325925365656e-18
1.009056640625000000e+04 2.060749898446335516e-16 5.639424594449698915e-18
1.009751074218750000e+04 2.229146136409798813e-16 5.737369396420877816e-18
1.010445605468750000e+04 2.064021430856207242e-16 5.666081730460139062e-18
1.011140039062500000e+04 2.191521462288354826e-16 5.711978260337950079e-18
1.011834570312500000e+04 2.239271885898631940e-16 5.659295127124447746e-18
1.012529101562500000e+04 2.243816217660651261e-16 5.663518711332143506e-18
1.013223535156250000e+04 2.301282373873731217e-16 5.630755741630143185e-18
1.013918066406250000e+04 2.074266426702146013e-16 5.579471370832468023e-18
1.014612500000000000e+04 2.492118102796737032e-16 5.704762763854650018e-18
1.015307031250000000e+04 2.051459667550629951e-16 5.540277485458174189e-18
1.016001464843750000e+04 2.249348136899609893e-16 5.579975951006125370e-18
1.016695996093750000e+04 2.434333779832844680e-16 5.739277702094037651e-18
1.017390429687500000e+04 2.075978756744579785e-16 5.480506655166011239e-18
1.018084960937500000e+04 2.298422578885563885e-16 5.575014935282338586e-18
1.018779492187500000e+04 2.181891227073665465e-16 5.509482378433437522e-18
1.019473925781250000e+04 2.336765113429805892e-16 5.528675036596199146e-18
1.020168457031250000e+04 2.132444090590919581e-16 5.437447354789257106e-18
1.020862890625000000e+04 2.053404799304660647e-16 5.475467884464644470e-18
1.021557421875000000e+04 2.221936033144092599e-16 5.844610467706233919e-18
1.022251855468750000e+04 2.434909497539181587e-16 5.568436781461010633e-18
1.022946386718750000e+04 2.230067549437733882e-16 5.557068838302694374e-18
1.023640917968750000e+04 2.307260308898978441e-16 5.505584289796781379e-18
1.024335351562500000e+04 1.943388321997229873e-16 5.430822465263319908e-18
1.025029882812500000e+04 2.359003698762171530e-16 5.488258164686245661e-18
1.025724316406250000e+04 2.394529584058996971e-16 5.541187797722288796e-18
1.026418847656250000e+04 2.409001936056224744e-16 5.499061970666800755e-18
1.027113281250000000e+04 2.340813666219885431e-16 5.525084659147412730e-18
1.027807812500000000e+04 2.076017005576104237e-16 5.417671534294645597e-18
1.028502246093750000e+04 2.083552819479809332e-16 5.582531111918301672e-18
1.029196777343750000e+04 2.468332358846652211e-16 5.551374526965879332e-18
1.029891308593750000e+04 2.215431217155873597e-16 5.420802412913158807e-18
1.030585742187500000e+04 2.417173686414860606e-16 5.497338539860546522e-18
1.031280273437500000e+04 2.282139693963580046e-16 5.443136289452090554e-18
1.031974707031250000e+04 2.272740275227017482e-16 5.420647730138611391e-18
1.032669238281250000e+04 2.230736440768268762e-16 5.438813029980582155e-18
1.033363671875000000e+04 2.332121784692076224e-16 5.444292274358133410e-18
1.034058203125000000e+04 2.209044059337984139e-16 5.424416365009402985e-18
1.034752636718750000e+04 2.148503570573065099e-16 5.319449213227955156e-18
1.035447167968750000e+04 2.256618855960603994e-16 5.372599703487549949e-18
1.036141699218750000e+04 2.374360141398095978e-16 5.408346727249335316e-18
1.036836132812500000e+04 2.074557064882172645e-16 5.432036352812241476e-18
1.037530664062500000e+04 2.148056363646694430e-16 5.401589075235083357e-18
1.038225097656250000e+04 2.564577536269606155e-16 5.474175828347836641e-18
1.038919628906250000e+04 2.209103483993189948e-16 5.313204413193486073e-18
1.039614062500000000e+04 2.127211544559256141e-16 5.351814722645623746e-18
1.040308593750000000e+04 2.212700065296570513e-16 5.359841269719532050e-18
1.041003027343750000e+04 2.373329408180405902e-16 5.418265036384152395e-18
1.041697558593750000e+04 2.297051444302195987e-16 5.448230067664192099e-18
1.042392089843750000e+04 2.332587388115270072e-16 5.337637674127077405e-18
1.043086523437500000e+04 2.172025940216113036e-16 5.308679735242821012e-18
1.043781054687500000e+04 2.184700597131691564e-16 5.282776987951029227e-18
1.044475488281250000e+04 2.036060343871750754e-16 5.261217352465447113e-18
1.045170019531250000e+04 2.045227357943410419e-16 5.260805830110701982e-18
1.045864453125000000e+04 2.270504372944062146e-16 5.335793888541696706e-18
1.046558984375000000e+04 2.321013476984428109e-16 5.270095481979978759e-18
1.047253417968750000e+04 2.346752425971322144e-16 5.296248037816761559e-18
1.047947949218750000e+04 2.204474845983139223e-16 5.200295913941222902e-18
1.048642480468750000e+04 2.326820681931244389e-16 5.286442638835557969e-18
1.049336914062500000e+04 2.371245442432364306e-16 5.267992788862868963e-18
1.050031445312500000e+04 2.283509240360171843e-16 5.224686988663574029e-18
1.050725878906250000e+04 2.246977238740685903e-16 5.285430996946405616e-18
1.051420410156250000e+04 2.260499325650212757e-16 5.255048239457026633e-18
1.052114843750000000e+04 2.166668059778035561e-16 5.178092731939074533e-18
1.052809375000000000e+04 2.301470044611107248e-16 5.207370789720388947e-18
1.053503808593750000e+04 2.244991475874966603e-16 5.145513396333060985e-18
1.054198339843750000e+04 2.242362762062722085e-16 5.161163239932257992e-18
1.054892871093750000e+04 2.287626349879419776e-16 5.190573646611580891e-18
1.055587304687500000e+04 2.219220763152550532e-16 5.165743338983964106e-18
1.056281835937500000e+04 2.114546019717640198e-16 5.147434936896021668e-18
1.056976269531250000e+04 2.100943861724818211e-16 5.069403267401138079e-18
1.057670800781250000e+04 2.258292275427023271e-16 5.163619552761234208e-18
1.058365234375000000e+04 2.248407400932565586e-16 5.192694951292473130e-18
1.059059765625000000e+04 2.230670001621468503e-16 5.121036294827004343e-18
1.059754296875000000e+04 2.210039058353211925e-16 5.153532912371762588e-18
1.060448730468750000e+04 2.249727978236894244e-16 5.068495850269167407e-18
1.061143261718750000e+04 2.170935649994319141e-16 5.107183501108578788e-18
1.061837695312500000e+04 2.283889875790844244e-16 5.113285198897076197e-18
1.062532226562500000e+04 2.164554050830146039e-16 5.004945631758249674e-18
1.063226660156250000e+04 2.006837971889273409e-16 4.957203661933832852e-18
1.063921191406250000e+04 2.174755636237538027e-16 4.994229920512931477e-18
1.064615625000000000e+04 2.167883816755141499e-16 4.937717768243921179e-18
1.065310156250000000e+04 2.215460069215639447e-16 4.989775552914333423e-18
1.066004687500000000e+04 2.079289464428262023e-16 5.030177535573260953e-18
1.066699121093750000e+04 2.156655468596999688e-16 4.986309252557429960e-18
1.067393652343750000e+04 2.210957692054288815e-16 5.012034156017522844e-18
1.068088085937500000e+04 2.185010161204133409e-16 5.071556004945307333e-18
1.068782617187500000e+04 2.221794684521019537e-16 5.139975422132018464e-18
1.069477050781250000e+04 2.218498535216118232e-16 5.115113268050818388e-18
1.070171582031250000e+04 2.242445612472875396e-16 5.023630401024903739e-18
1.070866015625000000e+04 2.110110214051987834e-16 4.881803667557786720e-18
1.071560546875000000e+04 1.973176617867591497e-16 4.886352747336522096e-18
1.072255078125000000e+04 2.160119436304575751e-16 4.881979443437954239e-18
1.072949511718750000e+04 2.045048951628894982e-16 4.921259769186259864e-18
1.073644042968750000e+04 2.052949519095511460e-16 4.855584937271999679e-18
1.074338476562500000e+04 2.023477669440288122e-16 4.869875309534465785e-18
1.075033007812500000e+04 2.186038379792761325e-16 4.878930869290390055e-18
1.075727441406250000e+04 2.031172037323807382e-16 4.813396244489957608e-18
1.076421972656250000e+04 2.067318771301190623e-16 4.794673838505432380e-18
1.077116406250000000e+04 2.024196985700964235e-16 4.813437189930278983e-18
1.077810937500000000e+04 2.102559047676113755e-16 4.807949673746602197e-18
1.078505468750000000e+04 2.250857973128090684e-16 4.922190347375382020e-18
1.079199902343750000e+04 2.242219560555076905e-16 4.906386234591943873e-18
1.079894433593750000e+04 1.987178469532399107e-16 4.742053984608790354e-18
1.080588867187500000e+04 2.113769925779718445e-16 4.780845860205383416e-18
1.081283398437500000e+04 1.951314829847856014e-16 4.744292335346358847e-18
1.081977832031250000e+04 2.197549822243743283e-16 4.816414212954857330e-18
1.082672363281250000e+04 2.099093756479557607e-16 4.781299982361675028e-18
1.083366796875000000e+04 2.048094299772070209e-16 4.792229106205031906e-18
1.084061328125000000e+04 2.199955263465047488e-16 4.861788378275841110e-18
1.084755859375000000e+04 2.123937762218118270e-16 4.747793377288989536e-18
1.085450292968750000e+04 2.028007442823526510e-16 4.778413535614171238e-18
1.086144824218750000e+04 2.232450094299682618e-16 4.849534524681480558e-18
1.086839257812500000e+04 2.051807083407902223e-16 4.868150224366986446e-18
1.087533789062500000e+04 2.118285802528665942e-16 4.874316442243262990e-18
1.088228222656250000e+04 2.138971935287392058e-16 4.951410088923511446e-18
1.088922753906250000e+04 2.305730090940204344e-16 5.010798348182368621e-18
1.089617187500000000e+04 2.286197511176520179e-16 4.972291022716493800e-18
1.090311718750000000e+04 2.176160784487694106e-16 4.833815197910829096e-18
1.091006250000000000e+04 2.175985686895628882e-16 4.779287038341027235e-18
1.091700683593750000e+04 2.175937908943447819e-16 4.779052532637368452e-18
1.092395214843750000e+04 2.146832401037911966e-16 4.811463950579033736e-18
1.093089648437500000e+04 2.110942291573767175e-16 4.742391060708405713e-18
1.093784179687500000e+04 2.051653293988416364e-16 4.699687861585355659e-18
1.094478613281250000e+04 2.115382332404155811e-16 4.685388390336151469e-18
1.095173144531250000e+04 2.030617098394457806e-16 4.633052672979921408e-18
1.095867675781250000e+04 1.975584573717957862e-16 4.661077552133217986e-18
1.096562109375000000e+04 1.962798346681358182e-16 4.572723495774285164e-18
1.097256640625000000e+04 1.988629410501266122e-16 4.610406122169444617e-18
1.097951074218750000e+04 1.850322694500031759e-16 4.627403442986490506e-18
1.098645605468750000e+04 1.812210976433916549e-16 4.683458164376758979e-18
1.099340039062500000e+04 1.773599905975615327e-16 4.685735806193423741e-18
1.100034570312500000e+04 1.775696974264559763e-16 4.588139660850435941e-18
1.100729003906250000e+04 2.029900164413945846e-16 4.640151536996851492e-18
1.101423535156250000e+04 2.047615858505769538e-16 4.581971375022628014e-18
1.102118066406250000e+04 1.791071284001715357e-16 4.421495027464890433e-18
1.102812500000000000e+04 1.950553294288715194e-16 4.455556670728599006e-18
1.103507031250000000e+04 1.801783339108726069e-16 4.424863720509512638e-18
1.104201464843750000e+04 1.765064196147456133e-16 4.413537136381824030e-18
1.104895996093750000e+04 1.797106129053106230e-16 4.408768440150455826e-18
1.105590429687500000e+04 1.745715184305309735e-16 4.394237771920043065e-18
1.106284960937500000e+04 1.831169559026937918e-16 4.397614736770790800e-18
1.106979394531250000e+04 1.572803996035184999e-16 4.338627660109021844e-18
1.107673925781250000e+04 1.661352687992251548e-16 4.396656034440841841e-18
1.108368457031250000e+04 1.703674424504016648e-16 4.397129595341528450e-18
1.109062890625000000e+04 1.757784080314703430e-16 4.432355495317405410e-18
1.109757421875000000e+04 1.788819499850999003e-16 4.464293765948690361e-18
1.110451855468750000e+04 2.011636413535469021e-16 4.604631160722905654e-18
1.111146386718750000e+04 1.607108301003392129e-16 5.147582588635362383e-18
1.111840820312500000e+04 1.593662976454710196e-16 5.159957210599155678e-18
1.112535351562500000e+04 1.889625155601529303e-16 4.762060588494304158e-18
1.113229785156250000e+04 1.761646021158591005e-16 4.758699340075194930e-18
1.113924316406250000e+04 1.741309421839505297e-16 4.740337998428049098e-18
1.114618847656250000e+04 1.934799275563173259e-16 4.893279557786041150e-18
1.115313281250000000e+04 1.894667251568958534e-16 5.111285903356535529e-18
1.116007812500000000e+04 1.606742885695990703e-16 5.200694614996473461e-18
1.116702246093750000e+04 1.683848427233447672e-16 5.163614589677558889e-18
1.117396777343750000e+04 1.705006780860268060e-16 5.078896819291409177e-18
1.118091210937500000e+04 1.805104502355350977e-16 5.219601895847904291e-18
1.118785742187500000e+04 1.668581717150372976e-16 5.243283249604684920e-18
1.119480175781250000e+04 1.763063345507363865e-16 5.202560734458393091e-18
1.120174707031250000e+04 1.741482798895896411e-16 5.149623656796836979e-18
1.120869238281250000e+04 1.766431624961679794e-16 5.216810574870844099e-18
1.121563671875000000e+04 1.904129006636483094e-16 5.679505631030955871e-18
1.122258203125000000e+04 1.677181616194066286e-16 5.563337626574927494e-18
1.122952636718750000e+04 1.944273074380416591e-16 5.479928869508142949e-18
1.123647167968750000e+04 1.819157440694789863e-16 5.212391362448279549e-18
1.124341601562500000e+04 1.696888102409733600e-16 5.301652835939183042e-18
1.125036132812500000e+04 1.793344243976113068e-16 5.488349568143932770e-18
1.125730566406250000e+04 1.576609556248520960e-16 5.478624819272453101e-18
1.126425097656250000e+04 1.638603235913573160e-16 5.252634526429596898e-18
1.127119628906250000e+04 1.661844761195047093e-16 5.112511371434032840e-18
1.127814062500000000e+04 1.758406120135343306e-16 5.293642418887219522e-18
1.128508593750000000e+04 1.564898531659342207e-16 5.304630686144373941e-18
1.129203027343750000e+04 1.989968516651315967e-16 5.744208525725466249e-18
1.129897558593750000e+04 1.752472521990928924e-16 4.861461228343576387e-18
1.130591992187500000e+04 1.652552015670279368e-16 4.609135159158256890e-18
1.131286523437500000e+04 1.713463610745214198e-16 4.743170264845430665e-18
1.131981054687500000e+04 1.929494864079891211e-16 4.948398324313205872e-18
1.132675488281250000e+04 1.787601757640422937e-16 5.272617969257959217e-18
1.133370019531250000e+04 1.699350586006079461e-16 5.765228425861357512e-18
1.134064453125000000e+04 1.886525676759068606e-16 6.262778805082922488e-18
1.134758984375000000e+04 1.615174701639213238e-16 5.882305915400887943e-18
1.135453417968750000e+04 1.876814179321002036e-16 5.113873737902907676e-18
1.136147949218750000e+04 1.742211114881637101e-16 4.660490667488611613e-18
1.136842382812500000e+04 1.954412852852438617e-16 4.621463872598053491e-18
1.137536914062500000e+04 1.933875480255074037e-16 4.639843825808981766e-18
1.138231445312500000e+04 1.809762521820759587e-16 4.600800073715866306e-18
1.138925878906250000e+04 1.722894925566196807e-16 4.654343474766423788e-18
1.139620410156250000e+04 1.863285739664370774e-16 4.640003058076898223e-18
1.140314843750000000e+04 1.745717963632167913e-16 4.708675178940744305e-18
1.141009375000000000e+04 1.733714580327288418e-16 4.657648061313573133e-18
1.141703808593750000e+04 1.867930656588876544e-16 4.586660248324884851e-18
1.142398339843750000e+04 1.937835226934589883e-16 4.538144864627730949e-18
1.143092773437500000e+04 1.875778946240779670e-16 4.680564273003742212e-18
1.143787304687500000e+04 1.813302325446894511e-16 4.917265314008241293e-18
1.144481835937500000e+04 1.718053205830352421e-16 4.915266432058006902e-18
1.145176269531250000e+04 1.740827671850754413e-16 5.011475395513743274e-18
1.145870800781250000e+04 1.878087375719843656e-16 5.031158158189442568e-18
1.146565234375000000e+04 1.854071874082816106e-16 5.038484910465131010e-18
1.147259765625000000e+04 1.750584697309735902e-16 4.828368213577167409e-18
1.147954199218750000e+04 1.718121894908418825e-16 4.648166503542184054e-18
1.148648730468750000e+04 1.831071885540207656e-16 4.765069871562772072e-18
1.149343164062500000e+04 1.910393741723714705e-16 4.851486257336799427e-18
1.150037695312500000e+04 1.951288492417152325e-16 4.844248013386654158e-18
1.150732226562500000e+04 2.035896363587118242e-16 4.788315714727043533e-18
1.151426660156250000e+04 1.668670920307630695e-16 4.765605884599706434e-18
1.152121191406250000e+04 1.898908769052334443e-16 4.760684159955015920e-18
1.152815625000000000e+04 1.810793519736245681e-16 4.688818708336408875e-18
1.153510156250000000e+04 1.767764378364625232e-16 4.662529254108248550e-18
1.154204589843750000e+04 1.800508289825312330e-16 4.552450953321835562e-18
1.154899121093750000e+04 1.709180403358965617e-16 4.475946672828031139e-18
1.155593554687500000e+04 1.768635895858011102e-16 4.461365960170558920e-18
1.156288085937500000e+04 1.708623743893941931e-16 4.357290509089443254e-18
1.156982617187500000e+04 1.924596234317903177e-16 4.441471025667739775e-18
1.157677050781250000e+04 1.985921419699114522e-16 4.474717896028083616e-18
1.158371582031250000e+04 1.962847977518111364e-16 4.453757966486602448e-18
1.159066015625000000e+04 1.926896193467494620e-16 4.460531748522799191e-18
1.159760546875000000e+04 1.945823938767280012e-16 4.427025143450113699e-18
1.160454980468750000e+04 2.112914157805195585e-16 4.446188023110823415e-18
1.161149511718750000e+04 2.068535719418378637e-16 4.351041986742217683e-18
1.161843945312500000e+04 2.092188188028168915e-16 4.252401525875881686e-18
1.162538476562500000e+04 2.008382880575726448e-16 4.215633347647899606e-18
1.163233007812500000e+04 2.018899456360378629e-16 4.235907958051880591e-18
1.163927441406250000e+04 1.919059285820820223e-16 4.198344445664928774e-18
1.164621972656250000e+04 1.934653294728669900e-16 4.187925278669210838e-18
1.165316406250000000e+04 1.828027596188216497e-16 4.182793863739238131e-18
1.166010937500000000e+04 1.854932141919871254e-16 4.161746666643132618e-18
1.166705371093750000e+04 1.753028519711462567e-16 4.142671054537047247e-18
1.167399902343750000e+04 1.858307303516883624e-16 4.153799942498335681e-18
1.168094433593750000e+04 1.887617290469842586e-16 4.186949205546398265e-18
1.168788867187500000e+04 1.966995262586105232e-16 4.170307985983056454e-18
1.169483398437500000e+04 2.021670842284676293e-16 4.124490451853744252e-18
1.170177832031250000e+04 1.981713651184730776e-16 4.136593758576620152e-18
1.170872363281250000e+04 1.887118335124350599e-16 4.082757535589218899e-18
1.171566796875000000e+04 1.973032092870966232e-16 4.146806130419199832e-18
1.172261328125000000e+04 1.938931605205692168e-16 4.122664450651533443e-18
1.172955761718750000e+04 1.870395257767590541e-16 4.181816549845506728e-18
1.173650292968750000e+04 1.973504975483550547e-16 4.190357189670116739e-18
1.174344824218750000e+04 1.925590042193048887e-16 4.169253330702051344e-18
1.175039257812500000e+04 1.899074866919335091e-16 4.128192498685225327e-18
1.175733789062500000e+04 1.896161073580780298e-16 4.102028775910173062e-18
1.176428222656250000e+04 1.915909382048218293e-16 4.123930450579045852e-18
1.177122753906250000e+04 2.025752085252563927e-16 4.149306697410947635e-18
1.177817187500000000e+04 1.977961692275088251e-16 4.141790107184678272e-18
1.178511718750000000e+04 2.015045191752575546e-16 4.129347656410655630e-18
1.179206152343750000e+04 2.015028118744732451e-16 4.118634013116868816e-18
1.179900683593750000e+04 1.968918424423066519e-16 4.171898240710689650e-18
1.180595214843750000e+04 1.967124435110561512e-16 4.190411783590545239e-18
1.181289648437500000e+04 2.024459698263511077e-16 4.217221534424001419e-18
1.181984179687500000e+04 1.971099931308940368e-16 4.206652234147105108e-18
1.182678613281250000e+04 1.880722574628090589e-16 4.107145301589119814e-18
1.183373144531250000e+04 1.914946411466308561e-16 4.063743548438768729e-18
1.184067578125000000e+04 1.891823073750756204e-16 4.038790818080494096e-18
1.184762109375000000e+04 1.755633278373167549e-16 3.968925075592733996e-18
1.185456542968750000e+04 1.849132613209139467e-16 3.995132225349945295e-18
1.186151074218750000e+04 2.026837213867335491e-16 4.086424427244666471e-18
1.186845605468750000e+04 1.924216525329516835e-16 4.097571513179431072e-18
1.187540039062500000e+04 1.853211341547964940e-16 4.076540446105270343e-18
1.188234570312500000e+04 1.748531171808236258e-16 4.000448515146823604e-18
1.188929003906250000e+04 1.919445612254106989e-16 4.007878664999081175e-18
1.189623535156250000e+04 2.063496535126705593e-16 4.038206828568031658e-18
1.190317968750000000e+04 2.033018701497719765e-16 4.017641877769044561e-18
1.191012500000000000e+04 1.924980707866617824e-16 4.013486122371578150e-18
1.191706933593750000e+04 2.016071160409937317e-16 4.040761575889901684e-18
1.192401464843750000e+04 1.963121675039192909e-16 4.046272666721036231e-18
1.193095996093750000e+04 1.952826916007602948e-16 4.060350039975769933e-18
1.193790429687500000e+04 1.971259544079938600e-16 4.074459259684086926e-18
1.194484960937500000e+04 1.811527923771294761e-16 4.013192059663815548e-18
1.195179394531250000e+04 2.019389544329704047e-16 4.064524820527325063e-18
1.195873925781250000e+04 2.088855775125213286e-16 4.052074511537483167e-18
1.196568359375000000e+04 2.011097356473880464e-16 4.035910988777890730e-18
1.197262890625000000e+04 2.009880805403386475e-16 4.023372171462505660e-18
1.197957324218750000e+04 1.975811287380246396e-16 4.070005719266101425e-18
1.198651855468750000e+04 1.950302493126989116e-16 4.083580166708402885e-18
1.199346386718750000e+04 1.954796399958867205e-16 4.038067035044510197e-18
1.200040820312500000e+04 1.941634963796413471e-16 4.010785791261898791e-18
1.200735351562500000e+04 1.901361458830227676e-16 3.989458179938137802e-18
1.201429785156250000e+04 1.857885904625624610e-16 3.990786218411591688e-18
1.202124316406250000e+04 2.033692092690786934e-16 4.159295730488137997e-18
1.202818750000000000e+04 1.921369965231150352e-16 4.121941908386468373e-18
1.203513281250000000e+04 1.741447461740128146e-16 4.016094636433264122e-18
1.204207812500000000e+04 1.846124852152998650e-16 3.926542822547354517e-18
1.204902246093750000e+04 1.884566118975154986e-16 3.931476541310927050e-18
1.205596777343750000e+04 1.870261188333907946e-16 3.934104907707314296e-18
1.206291210937500000e+04 1.911818874657470065e-16 3.937273836634004945e-18
1.206985742187500000e+04 1.928717314304091365e-16 3.951658093895995820e-18
1.207680175781250000e+04 1.831937712030979161e-16 3.897827661172882438e-18
1.208374707031250000e+04 1.927612068656822512e-16 3.947578439114884287e-18
1.209069140625000000e+04 1.826250018139064543e-16 3.942046255178129638e-18
1.209763671875000000e+04 1.940984998358293804e-16 3.986504317970710940e-18
1.210458203125000000e+04 1.943605771236657813e-16 3.973147419029510926e-18
1.211152636718750000e+04 1.951823181965106602e-16 3.999948070876229022e-18
1.211847167968750000e+04 1.778472065958001665e-16 4.427482160738549247e-18
1.212541601562500000e+04 2.026824640722024685e-16 4.012940596757599428e-18
1.213236132812500000e+04 1.886378901831177197e-16 3.971597696151892828e-18
1.213930566406250000e+04 1.931143401953484893e-16 3.974602843317297978e-18
1.214625097656250000e+04 1.920400906599932229e-16 3.918698255208207879e-18
1.215319531250000000e+04 1.918679312134637864e-16 3.898322315179189148e-18
1.216014062500000000e+04 1.891690857201645728e-16 3.917388828298536436e-18
1.216708593750000000e+04 1.998597135405877118e-16 3.967464688221271625e-18
1.217403027343750000e+04 2.005622347261065480e-16 3.938950118145343655e-18
1.218097558593750000e+04 1.934749380028624060e-16 3.954302590314327849e-18
1.218791992187500000e+04 2.088088813261254118e-16 4.026523316006026419e-18
1.219486523437500000e+04 1.935833317503313548e-16 3.981036240531429150e-18
1.220180957031250000e+04 2.006375412490733756e-16 3.939752483339520092e-18
1.220875488281250000e+04 1.988068780569302182e-16 3.938506335746708956e-18
1.221569921875000000e+04 1.939029543390218446e-16 3.945312377826795268e-18
1.222264453125000000e+04 1.882110517521505566e-16 3.985287121699339160e-18
1.222958984375000000e+04 2.076679014763942676e-16 3.963813926587768838e-18
1.223653417968750000e+04 1.959803291119426179e-16 3.921388246560230325e-18
1.224347949218750000e+04 2.013582868778479801e-16 3.906288891658687358e-18
1.225042382812500000e+04 1.930779971879553595e-16 3.882249368696671267e-18
1.225736914062500000e+04 1.889822752506255970e-16 3.905068800255171642e-18
1.226431347656250000e+04 2.105361270893647396e-16 3.946713208194153820e-18
1.227125878906250000e+04 2.052452416634591593e-16 3.928018099169842842e-18
1.227820312500000000e+04 1.852570243486011841e-16 3.874792749064811999e-18
1.228514843750000000e+04 2.080707053474830899e-16 3.939692099154803721e-18
1.229209375000000000e+04 1.915015365242170981e-16 3.876854910331906697e-18
1.229903808593750000e+04 2.034574992189401533e-16 3.912521697574274421e-18
1.230598339843750000e+04 1.969451922830938720e-16 3.849018628358272210e-18
1.231292773437500000e+04 1.994650491267264112e-16 3.836631185094984344e-18
1.231987304687500000e+04 1.873580498695960736e-16 3.785705810683157195e-18
1.232681738281250000e+04 1.949481532912642487e-16 3.821649289840423907e-18
1.233376269531250000e+04 1.963737626810524396e-16 3.837905870418928560e-18
1.234070703125000000e+04 2.012571723197694980e-16 3.818728928687805443e-18
1.234765234375000000e+04 1.764587475416829572e-16 3.808655936778440948e-18
1.235459765625000000e+04 1.980339869623402708e-16 3.845811649123404122e-18
1.236154199218750000e+04 2.004181994204039144e-16 3.859132152117651803e-18
1.236848730468750000e+04 2.081395664791169044e-16 3.872579627335926374e-18
1.237543164062500000e+04 1.988287023902118172e-16 3.800318783384518982e-18
1.238237695312500000e+04 1.963604880865821886e-16 3.818520065583135803e-18
1.238932128906250000e+04 2.004241815905938979e-16 3.826989567875066254e-18
1.239626660156250000e+04 1.962390447377696033e-16 3.818190434109033422e-18
1.240321191406250000e+04 1.981563038138797121e-16 3.826807588140304587e-18
1.241015625000000000e+04 2.053015825893413711e-16 3.800189743208960710e-18
1.241710156250000000e+04 1.968435086247539534e-16 3.818557702301006966e-18
1.242404589843750000e+04 1.906347174167105293e-16 3.792267420892234087e-18
1.243099121093750000e+04 1.905752662917251181e-16 3.826019698606847829e-18
1.243793554687500000e+04 2.014360153856483630e-16 3.841393263881452124e-18
1.244488085937500000e+04 1.929149698153885084e-16 3.828651373725685286e-18
1.245182519531250000e+04 2.004938765202851658e-16 3.812653700678909731e-18
1.245877050781250000e+04 1.992297460209571268e-16 3.783533220804286668e-18
1.246571582031250000e+04 2.084898543074759601e-16 3.816109247687850004e-18
1.247266015625000000e+04 1.958333291909245943e-16 3.798261171610793326e-18
1.247960546875000000e+04 2.040466768082045235e-16 3.799286048389746527e-18
1.248654980468750000e+04 1.921781835001752756e-16 3.782265980105855430e-18
1.249349511718750000e+04 1.903648315438916279e-16 3.716835580062604664e-18
1.250043945312500000e+04 1.819277084098589532e-16 3.725061477664138248e-18
1.250738476562500000e+04 1.992957748861735596e-16 3.768464471585408163e-18
1.251432910156250000e+04 1.792995636978758720e-16 3.705635968158942946e-18
1.252127441406250000e+04 1.938265757899811483e-16 3.759994142112865160e-18
1.252821972656250000e+04 1.906316204524971308e-16 3.765658261357322017e-18
1.253516406250000000e+04 1.800065582761473950e-16 3.772791453369673051e-18
1.254210937500000000e+04 1.960617369191076367e-16 3.790094417423057284e-18
1.254905371093750000e+04 1.846161909844441025e-16 3.738292231561923926e-18
1.255599902343750000e+04 1.880994419264600016e-16 3.756639511138656356e-18
1.256294335937500000e+04 2.056331430486322263e-16 3.833173156544206412e-18
1.256988867187500000e+04 1.861163789782600744e-16 3.808840811645346550e-18
1.257683300781250000e+04 1.943453040608356022e-16 3.779923404611105255e-18
1.258377832031250000e+04 2.074118857680866553e-16 4.051461570703581374e-18
1.259072363281250000e+04 2.025032107247397772e-16 4.069781966910405831e-18
1.259766796875000000e+04 1.970874805833427936e-16 3.801050424636322135e-18
1.260461328125000000e+04 2.005863486953236938e-16 3.960550699071247144e-18
1.261155761718750000e+04 2.122333958272051456e-16 4.004374314334000273e-18
1.261850292968750000e+04 2.110679446662322325e-16 4.079426892852774133e-18
1.262544726562500000e+04 2.109076304460745553e-16 4.111579816853016596e-18
1.263239257812500000e+04 2.174451366121016522e-16 4.198168669784761256e-18
1.263933691406250000e+04 2.193245041987119319e-16 4.198539246699185012e-18
1.264628222656250000e+04 2.198462764942205809e-16 4.122905573800092651e-18
1.265322753906250000e+04 2.013685174476640360e-16 3.986254923016026202e-18
1.266017187500000000e+04 1.939887561296007451e-16 3.951671328785796668e-18
1.266711718750000000e+04 1.834647026322110846e-16 3.980635885114953485e-18
1.267406152343750000e+04 1.996443157090789034e-16 4.471333900142129180e-18
1.268100683593750000e+04 1.895771438425043320e-16 4.129289753767776918e-18
1.268795117187500000e+04 1.887587776665586694e-16 4.076736074320139134e-18
1.269489648437500000e+04 1.904487936847882104e-16 3.941674023902480776e-18
1.270184082031250000e+04 1.834359564515636418e-16 3.887181019508712418e-18
1.270878613281250000e+04 1.768456695450107614e-16 3.808321755810969525e-18
1.271573144531250000e+04 1.967656742378351637e-16 3.845426596548260687e-18
1.272267578125000000e+04 1.986112928554532799e-16 3.856060830503242411e-18
1.272962109375000000e+04 1.833645939257574670e-16 3.792045322897763599e-18
1.273656542968750000e+04 1.854984022687890580e-16 3.771782706612664634e-18
1.274351074218750000e+04 1.973531709960948261e-16 3.837172574805900301e-18
1.275045507812500000e+04 2.037785114710597323e-16 3.893757105378508988e-18
1.275740039062500000e+04 1.964153864094761079e-16 3.878410009883506389e-18
1.276434570312500000e+04 2.072048920916013857e-16 3.923837114763693563e-18
1.277129003906250000e+04 2.112267236391730113e-16 3.952261935743159530e-18
1.277823535156250000e+04 2.022650224129939078e-16 3.913132570456644832e-18
1.278517968750000000e+04 1.998244690290480524e-16 3.857556786641044562e-18
1.279212500000000000e+04 2.037906478650071103e-16 3.866902273201668668e-18
1.279906933593750000e+04 1.940477969730023300e-16 3.903969890811394945e-18
1.280601464843750000e+04 1.913219523045093856e-16 3.889612930509618320e-18
1.281295898437500000e+04 2.009067124378430312e-16 3.847513573233731976e-18
1.281990429687500000e+04 1.904473775515795196e-16 3.797649885138116638e-18
1.282684960937500000e+04 1.977697656223561325e-16 3.841894948922965536e-18
1.283379394531250000e+04 1.910507958822696027e-16 3.755753187112305787e-18
1.284073925781250000e+04 1.984690045552043583e-16 3.772786903876304009e-18
1.284768359375000000e+04 1.977921193512297655e-16 3.804601511006012283e-18
1.285462890625000000e+04 2.002248376804135186e-16 3.796531123359638669e-18
1.286157324218750000e+04 2.016290991929529409e-16 3.805230168271552584e-18
1.286851855468750000e+04 2.124578992628969377e-16 3.988934161020085459e-18
1.287546289062500000e+04 1.949574706536840460e-16 4.049327444723194562e-18
1.288240820312500000e+04 1.882027799460250263e-16 4.120050559915865875e-18
1.288935351562500000e+04 2.032034158045434649e-16 4.157532595012481219e-18
1.289629785156250000e+04 2.131309992883884878e-16 4.075758760426407732e-18
1.290324316406250000e+04 2.193439594867191791e-16 4.122875381707734465e-18
1.291018750000000000e+04 2.021281471826735332e-16 3.848656323249973984e-18
1.291713281250000000e+04 1.931820631264594308e-16 3.783642408645143668e-18
1.292407714843750000e+04 2.050687147032954427e-16 3.843615898187382110e-18
1.293102246093750000e+04 2.065374698338343995e-16 3.817703638318545965e-18
1.293796679687500000e+04 2.003808240916063184e-16 3.815903693305630577e-18
1.294491210937500000e+04 1.965147274923212764e-16 3.767828369694354885e-18
1.295185742187500000e+04 1.997260279187093417e-16 3.783783029349277683e-18
1.295880175781250000e+04 1.953936793866302099e-16 3.768615845637505367e-18
1.296574707031250000e+04 1.762667489953420488e-16 3.707885899425087181e-18
1.297269140625000000e+04 1.879572727402192877e-16 3.758829058220084220e-18
1.297963671875000000e+04 1.941758974713847421e-16 3.762871076283324590e-18
1.298658105468750000e+04 2.026928402258063337e-16 3.763781802137745473e-18
1.299352636718750000e+04 1.999226851462601487e-16 3.801657575205936058e-18
1.300047070312500000e+04 2.003836563580236999e-16 3.804997316929118907e-18
1.300741601562500000e+04 2.001581867753764459e-16 3.797501406218163370e-18
1.301436132812500000e+04 2.001611646255816368e-16 3.901894494654499398e-18
1.302130566406250000e+04 2.036963492751760652e-16 3.843971999441086188e-18
1.302825097656250000e+04 1.983173988925356394e-16 3.804993594616362418e-18
1.303519531250000000e+04 1.992888000992485125e-16 3.824052249519890452e-18
1.304214062500000000e+04 2.020861661122252419e-16 3.813710423911446224e-18
1.304908496093750000e+04 1.935749937697568202e-16 3.844670967058693497e-18
1.305603027343750000e+04 2.103009695673832644e-16 3.813829951509960136e-18
1.306297460937500000e+04 2.061106711075366390e-16 3.835292393273567269e-18
1.306991992187500000e+04 1.947712557541861084e-16 3.834160396605288450e-18
1.307686523437500000e+04 2.053983296337855732e-16 3.841110781702265266e-18
1.308380957031250000e+04 2.069752402837770635e-16 3.890158869713903318e-18
1.309075488281250000e+04 1.943786559831337402e-16 3.867542510995784712e-18
1.309769921875000000e+04 1.941271401373584164e-16 3.845541574653405558e-18
1.310464453125000000e+04 1.942224975183735295e-16 3.816321005924663579e-18
1.311158886718750000e+04 2.019350898451485569e-16 3.803040207599818443e-18
1.311853417968750000e+04 2.002193187313665648e-16 3.846096612844428640e-18
1.312547949218750000e+04 2.001205467487828329e-16 3.916157156366444978e-18
1.313242382812500000e+04 2.018403280341744821e-16 3.913637564220608456e-18
1.313936914062500000e+04 1.919131945365826881e-16 3.900908495364336189e-18
1.314631347656250000e+04 1.923310994169342785e-16 3.861348582568987641e-18
1.315325878906250000e+04 2.002223098164615566e-16 3.853488712388508772e-18
1.316020312500000000e+04 2.032738386531737795e-16 3.862508703378093262e-18
1.316714843750000000e+04 1.843633913543580964e-16 3.783558863403275812e-18
1.317409277343750000e+04 1.846849330020697093e-16 3.803359499316263912e-18
1.318103808593750000e+04 1.910823875642242279e-16 3.874028847769119278e-18
1.318798339843750000e+04 1.888931647375964844e-16 3.897833037846864032e-18
1.319492773437500000e+04 1.892408055879953705e-16 3.891172579554587053e-18
1.320187304687500000e+04 1.884359389996465733e-16 3.858666863023090725e-18
1.320881738281250000e+04 1.902736563880535830e-16 3.838279342465496252e-18
1.321576269531250000e+04 1.866313220706314856e-16 3.824274347514360940e-18
1.322270703125000000e+04 1.879178460035025602e-16 3.849507078509984773e-18
1.322965234375000000e+04 1.972068857591260482e-16 3.835190650058223246e-18
1.323659667968750000e+04 2.083389103892972836e-16 3.867571875907530344e-18
1.324354199218750000e+04 1.942414234107887427e-16 3.852600734000933096e-18
1.325048730468750000e+04 1.906831703482714355e-16 3.848911094878640317e-18
1.325743164062500000e+04 1.920924478840453794e-16 3.850150625026551028e-18
1.326437695312500000e+04 1.958485360793057691e-16 3.903814794446541252e-18
1.327132128906250000e+04 2.098154741048187410e-16 4.012993949907109098e-18
1.327826660156250000e+04 2.108406883734618639e-16 4.054099449677012979e-18
1.328521093750000000e+04 1.997444773550917244e-16 4.058660523574630374e-18
1.329215625000000000e+04 1.984589725087353151e-16 4.036656278509801008e-18
1.329910058593750000e+04 2.010612430111577377e-16 4.038390049073712154e-18
1.330604589843750000e+04 1.912251920251753826e-16 4.093156850250235563e-18
1.331299121093750000e+04 1.818818759864786151e-16 4.038857819710110891e-18
1.331993554687500000e+04 1.878467746452720040e-16 4.045185337805835276e-18
1.332688085937500000e+04 1.876413691555628362e-16 3.999230491694839271e-18
1.333382519531250000e+04 1.972270557311825412e-16 4.017227046691849217e-18
1.334077050781250000e+04 1.919261250239181170e-16 3.992731333622010132e-18
1.334771484375000000e+04 1.947062195057047392e-16 3.957267205629717900e-18
1.335466015625000000e+04 1.839063509048653971e-16 3.903101351168214266e-18
1.336160449218750000e+04 1.911763155771408493e-16 3.914548290075029339e-18
1.336854980468750000e+04 1.766583164449899508e-16 3.889119930864536715e-18
1.337549511718750000e+04 1.764213589779955603e-16 3.917356568254646868e-18
1.338243945312500000e+04 1.879545463529203129e-16 3.886823677484089510e-18
1.338938476562500000e+04 1.879961965511235829e-16 3.937657648438229550e-18
1.339632910156250000e+04 1.845387668791091391e-16 3.969475564290388036e-18
1.340327441406250000e+04 1.809644201905940002e-16 3.973808749929247071e-18
1.341021875000000000e+04 1.824828458625555412e-16 3.951416557157130336e-18
1.341716406250000000e+04 1.880363644416691580e-16 3.967700848286155515e-18
1.342410839843750000e+04 1.959550107677535949e-16 4.078378027836056894e-18
1.343105371093750000e+04 1.931375938967285801e-16 4.248150644707971677e-18
1.343799902343750000e+04 1.723959804799573073e-16 4.269071283170356576e-18
1.344494335937500000e+04 1.881372804764006273e-16 4.327510352676309152e-18
1.345188867187500000e+04 1.837489086557945041e-16 4.310864170029292023e-18
1.345883300781250000e+04 1.790273484844520212e-16 4.318855975517473100e-18
1.346577832031250000e+04 1.946291262726147970e-16 4.635556135103813147e-18
1.347272265625000000e+04 1.875312019328605737e-16 4.965452720592517920e-18
1.347966796875000000e+04 1.870735262086574337e-16 5.097701116156577156e-18
1.348661328125000000e+04 1.921272424093318099e-16 5.142400302097717665e-18
1.349355761718750000e+04 1.779175235653120742e-16 5.175807645496896794e-18
1.350050292968750000e+04 1.655706551654311594e-16 5.401455071975849766e-18
1.350744726562500000e+04 1.752819673150405179e-16 5.784656003318084196e-18
1.351439257812500000e+04 1.413139476617831462e-16 5.956635124473984180e-18
1.352133691406250000e+04 1.708829546430345125e-16 6.260164087166642367e-18
1.352828222656250000e+04 1.799813061064073762e-16 7.314253576632766382e-18
1.353522656250000000e+04 2.078924313818656614e-16 8.702612541895856751e-18
1.354217187500000000e+04 1.552435632980577254e-16 9.449755985558866021e-18
1.354911718750000000e+04 1.203446147310984751e-16 9.220023941215126198e-18
1.355606152343750000e+04 9.261404643974826471e-17 9.327679016397065091e-18
1.356300683593750000e+04 1.160651528186635337e-16 9.400049875369942035e-18
1.356995117187500000e+04 3.672633943259914801e-17 1.013216758320592556e-17
1.357689648437500000e+04 2.021127020662759430e-16 1.140635163569893407e-17
1.358384082031250000e+04 1.013973479688568317e-16 1.141738374352855380e-17
1.359078613281250000e+04 8.274496116882299195e-17 1.298972091191323837e-17
1.359773046875000000e+04 -2.924673410587825650e-17 1.473219589741027989e-17
1.360467578125000000e+04 2.477470256160750010e-16 1.929012816306119809e-17
1.361162109375000000e+04 -2.521221898438404900e-18 1.955724132646682179e-17
1.361856542968750000e+04 3.657223237575806874e-17 1.938747904935256392e-17
1.362551074218750000e+04 2.802171336765621468e-16 1.922283371150755908e-17
1.363245507812500000e+04 3.414997027126147593e-16 2.360896718137611385e-17
1.363940039062500000e+04 1.455983594230036049e-16 1.695947068657668774e-17
1.364634472656250000e+04 1.603309887630548626e-16 1.346111873529802055e-17
1.365329003906250000e+04 2.253718562209646066e-16 1.401049239348633899e-17
1.366023437500000000e+04 1.943157108472409050e-16 1.297338740353776629e-17
1.366717968750000000e+04 1.097679525467504420e-16 1.061973430602428177e-17
1.367412500000000000e+04 1.354397609376847725e-16 1.790989955603889143e-17
1.368106933593750000e+04 1.833204290984920357e-16 2.753260246407034448e-17
1.368801464843750000e+04 -6.305590530302339499e-17 1.211464240599032763e-17
1.369495898437500000e+04 1.052220325979550189e-16 1.223048656923654150e-17
1.370190429687500000e+04 2.432763857204668038e-16 1.716710790957852364e-17
1.370884863281250000e+04 -2.978372776542880005e-18 1.627254516432692633e-17
1.371579394531250000e+04 8.826099854002060594e-17 1.151030176891724795e-17
1.372273828125000000e+04 1.970642930564117071e-16 1.114607842877851136e-17
1.372968359375000000e+04 1.052515662545456122e-16 8.360565913979666830e-18
1.373662890625000000e+04 1.011990694673054207e-16 7.191404020778840924e-18
1.374357324218750000e+04 9.666161323053764015e-17 7.980236540133910236e-18
1.375051855468750000e+04 9.303529974721946980e-17 6.645396987683613310e-18
1.375746289062500000e+04 1.166544230521565097e-16 6.482940369739423781e-18
1.376440820312500000e+04 1.376101372812361077e-16 6.689857945608338548e-18
1.377135253906250000e+04 1.228245154424222529e-16 6.306539141028815311e-18
1.377829785156250000e+04 1.598383861646672835e-16 6.774746528790980460e-18
1.378524218750000000e+04 1.442610002784074715e-16 7.673705738998297111e-18
1.379218750000000000e+04 1.340580119726965933e-16 8.688342849148704471e-18
1.379913281250000000e+04 1.971679354784421512e-16 1.098524308483492576e-17
1.380607714843750000e+04 9.896698545005762956e-17 1.242292517566332807e-17
1.381302246093750000e+04 1.948604919986683291e-17 1.441773326138089578e-17
1.381996679687500000e+04 5.853796523475594555e-16 3.525649242365162122e-17
1.382691210937500000e+04 -4.119327604060494529e-18 1.745573934943910180e-17
1.383385644531250000e+04 2.400338550900517989e-18 1.128759993259959631e-17
1.384080175781250000e+04 1.334093435537774095e-16 1.296194997720799557e-17
1.384774707031250000e+04 2.064965740243497778e-17 1.392242743675149345e-17
1.385469140625000000e+04 9.822068324907758672e-17 1.040692224111031412e-17
1.386163671875000000e+04 1.225363389518985789e-16 1.131520046809865319e-17
1.386858105468750000e+04 1.447682141951351872e-16 7.907260184952644475e-18
1.387552636718750000e+04 1.480833820366803111e-16 9.317862864067898311e-18
1.388247070312500000e+04 1.558341702554205872e-16 6.990571185495866229e-18
1.388941601562500000e+04 1.850382119155237568e-16 6.972001807924663310e-18
1.389636035156250000e+04 1.629258080225194074e-16 6.466919949225803017e-18
1.390330566406250000e+04 1.466720530929872357e-16 6.368662886573385349e-18
1.391025097656250000e+04 1.607380410337697573e-16 6.972706565806558490e-18
1.391719531250000000e+04 1.827517788233087815e-16 6.941584722439863377e-18
1.392414062500000000e+04 1.299619988677912122e-16 7.688636349054879261e-18
1.393108496093750000e+04 1.105737786646098007e-16 8.387814070537776115e-18
1.393803027343750000e+04 8.288644214079406180e-17 7.337726480875183648e-18
1.394497460937500000e+04 1.468829642968535565e-16 9.575696715361902144e-18
1.395191992187500000e+04 1.851502849623573414e-16 1.355481348328190199e-17
1.395886425781250000e+04 1.379718071148238931e-16 9.349580277475631605e-18
1.396580957031250000e+04 1.038721863348317849e-16 6.578022299610556653e-18
1.397275488281250000e+04 1.202186715197536013e-16 6.109400080771196161e-18
1.397969921875000000e+04 1.297812764475606267e-16 5.747013081592327290e-18
1.398664453125000000e+04 1.464904307002501925e-16 6.931930697510756991e-18
1.399358886718750000e+04 9.143124433824643938e-17 8.620930937948082927e-18
1.400053417968750000e+04 1.138236389424326380e-16 1.050493321753049727e-17
1.400747851562500000e+04 1.272200076337412326e-16 9.607292533219590142e-18
1.401442382812500000e+04 1.167835029323841846e-16 6.951563829349703103e-18
1.402136816406250000e+04 1.589678083484572738e-16 6.156129581525848077e-18
1.402831347656250000e+04 1.294013424660476704e-16 6.064301780184498816e-18
1.403525878906250000e+04 1.547089663943320543e-16 6.832122671209802395e-18
1.404220312500000000e+04 1.559814613440142295e-16 7.425142928009787613e-18
1.404914843750000000e+04 1.227601674082105278e-16 6.985254068518375367e-18
1.405609277343750000e+04 1.009035409954973754e-16 6.901144689472758407e-18
1.406303808593750000e+04 9.528176347223588278e-17 6.067751536929151217e-18
1.406998242187500000e+04 1.633621491043635797e-16 6.477823844060477028e-18
1.407692773437500000e+04 1.399994187020934763e-16 6.383935535813258175e-18
1.408387207031250000e+04 1.393126735052172514e-16 6.856989788374677789e-18
1.409081738281250000e+04 1.365439874984389606e-16 6.713125295468536387e-18
1.409776269531250000e+04 1.187118660810372052e-16 6.710431168213451176e-18
1.410470703125000000e+04 1.155883923833675702e-16 5.956757547204642028e-18
1.411165234375000000e+04 1.109385057577415821e-16 5.298251882850671268e-18
1.411859667968750000e+04 1.647303323073058892e-16 5.410536687921069457e-18
1.412554199218750000e+04 1.701914978253891856e-16 5.316640935048337627e-18
1.413248632812500000e+04 1.615514838307095043e-16 5.588729589838467785e-18
1.413943164062500000e+04 1.611492622947719193e-16 6.111585078359254983e-18
1.414637597656250000e+04 1.196731558319422302e-16 5.855311289700526161e-18
1.415332128906250000e+04 1.110526368299391987e-16 5.045199549087530213e-18
1.416026660156250000e+04 1.392577354776539295e-16 4.659758612646502183e-18
1.416721093750000000e+04 1.446588013611515731e-16 4.771054936884899504e-18
1.417415625000000000e+04 1.578969072402216221e-16 5.150958726305497566e-18
1.418110058593750000e+04 1.576601880012436468e-16 5.326851652529692200e-18
1.418804589843750000e+04 1.138851414753371807e-16 5.611955580668037972e-18
1.419499023437500000e+04 1.238115470539899281e-16 5.503166440866288879e-18
1.420193554687500000e+04 1.394609572105459574e-16 4.912416381257455445e-18
1.420888085937500000e+04 1.294430058991407413e-16 4.512346342093120845e-18
1.421582519531250000e+04 1.471353139406863337e-16 4.485795498791393763e-18
1.422277050781250000e+04 1.367294347743284490e-16 4.464481535947739899e-18
1.422971484375000000e+04 1.308271503791828740e-16 4.552987379949076201e-18
1.423666015625000000e+04 1.300256454528434923e-16 4.482068222951229820e-18
1.424360449218750000e+04 1.200728627388176540e-16 4.347229924889267055e-18
1.425054980468750000e+04 1.436897824346028527e-16 4.214280493756069129e-18
1.425749414062500000e+04 1.496517164780808515e-16 4.245948689917355517e-18
1.426443945312500000e+04 1.383239081230856651e-16 4.218299764352464291e-18
1.427138476562500000e+04 1.440717545891451396e-16 4.368617506807438139e-18
1.427832910156250000e+04 1.366080708348546688e-16 4.582447003874846005e-18
1.428527441406250000e+04 1.355260788889659060e-16 4.320322153153223341e-18
1.429221875000000000e+04 1.439650019680114960e-16 4.126452937857026310e-18
1.429916406250000000e+04 1.414608284687929622e-16 4.118478089571402570e-18
1.430610839843750000e+04 1.484052413217471444e-16 4.369366105261798629e-18
1.431305371093750000e+04 1.565131333370939131e-16 4.704883383012801226e-18
1.431999804687500000e+04 1.563419003328505360e-16 4.902907112935545839e-18
1.432694335937500000e+04 1.422501705314053642e-16 4.577110034562653870e-18
1.433388867187500000e+04 1.507811025643464526e-16 4.400786147239319109e-18
1.434083300781250000e+04 1.285279985578692834e-16 4.190057336698066267e-18
1.434777832031250000e+04 1.427242575189615562e-16 4.192694388490885319e-18
1.435472265625000000e+04 1.520171486275170912e-16 4.360551668654433566e-18
1.436166796875000000e+04 1.524068764274826753e-16 4.572896790112615024e-18
1.436861230468750000e+04 1.548098559592839219e-16 4.684191046399480962e-18
1.437555761718750000e+04 1.443812260173583787e-16 4.572974958680501285e-18
1.438250195312500000e+04 1.488670463315681491e-16 4.428179887585237726e-18
1.438944726562500000e+04 1.538794432062842764e-16 4.316574611388051850e-18
1.439639257812500000e+04 1.651044561721962730e-16 4.327228284087428569e-18
1.440333691406250000e+04 1.578829709012613287e-16 4.322686235343899895e-18
1.441028222656250000e+04 1.681443118361041476e-16 4.402714718837486493e-18
1.441722656250000000e+04 1.375479994736211243e-16 4.165163749753589175e-18
1.442417187500000000e+04 1.508840303023276509e-16 4.153060029440406998e-18
1.443111621093750000e+04 1.429485491964165348e-16 4.046924898634034293e-18
1.443806152343750000e+04 1.420164556124121815e-16 3.995265401428566333e-18
1.444500585937500000e+04 1.483029885631457893e-16 4.174162234047247287e-18
1.445195117187500000e+04 1.465021435777239434e-16 4.350011733289282887e-18
1.445889648437500000e+04 1.362869791733962847e-16 4.163405990951913992e-18
1.446584082031250000e+04 1.386669167620542542e-16 3.919388951019689657e-18
1.447278613281250000e+04 1.526889251640285564e-16 3.763582865200426470e-18
1.447973046875000000e+04 1.571490830269144817e-16 3.688680006372524708e-18
1.448667578125000000e+04 1.548111794482640068e-16 3.784321523928049704e-18
1.449362011718750000e+04 1.544022478231973916e-16 4.020531633238998563e-18
1.450056542968750000e+04 1.413138020779953368e-16 4.296389750080532868e-18
1.450750976562500000e+04 1.333094069008912029e-16 4.349069574571584989e-18
1.451445507812500000e+04 1.482900845455899621e-16 3.988493687343900972e-18
1.452140039062500000e+04 1.656634979173841112e-16 3.767955341918381774e-18
1.452834472656250000e+04 1.487618024878718023e-16 3.574851268688796293e-18
1.453529003906250000e+04 1.608678091282670763e-16 3.533093123415588074e-18
1.454223437500000000e+04 1.596627856467896264e-16 3.547977824948173530e-18
1.454917968750000000e+04 1.484732024808745011e-16 3.563520962248351197e-18
1.455612402343750000e+04 1.660163665492543324e-16 3.641570002536098400e-18
1.456306933593750000e+04 1.675694411627144946e-16 3.603289738148369385e-18
1.457001464843750000e+04 1.713894009361537790e-16 3.517508627084782756e-18
1.457695898437500000e+04 1.508760628986675401e-16 3.418056702037532238e-18
1.458390429687500000e+04 1.609355585291576195e-16 3.421758542073860176e-18
1.459084863281250000e+04 1.790799174667409913e-16 3.486569177043155585e-18
1.459779394531250000e+04 1.623443993135681353e-16 3.546564586871626682e-18
1.460473828125000000e+04 1.474430913030050643e-16 3.558168690094826831e-18
1.461168359375000000e+04 1.380128088034269216e-16 3.487495205738908700e-18
1.461862792968750000e+04 1.527672492418699775e-16 3.532902044694088324e-18
1.462557324218750000e+04 1.435773917504140477e-16 3.484337030160181240e-18
1.463251855468750000e+04 1.534828464985120520e-16 3.530185583562464181e-18
1.463946289062500000e+04 1.547787274984723264e-16 3.541333496677841335e-18
1.464640820312500000e+04 1.487154141991198285e-16 3.566398310009116904e-18
1.465335253906250000e+04 1.534240306482370815e-16 3.758646251304710001e-18
1.466029785156250000e+04 1.609603607126444094e-16 3.869762250169570762e-18
1.466724218750000000e+04 1.448716316240390169e-16 3.734894587195862364e-18
1.467418750000000000e+04 1.269058510545384932e-16 3.590431215526232570e-18
1.468113183593750000e+04 1.321218270041712712e-16 3.569990755409434703e-18
1.468807714843750000e+04 1.415291072652755393e-16 3.562867903154740581e-18
1.469502246093750000e+04 1.396979411473199496e-16 3.750709453327263700e-18
1.470196679687500000e+04 1.381814212994897308e-16 3.987233064090370157e-18
1.470891210937500000e+04 1.549394520002138299e-16 4.045431010447763525e-18
1.471585644531250000e+04 1.474314578348701185e-16 4.012840094313174235e-18
1.472280175781250000e+04 1.403536108229437823e-16 3.742504648831350219e-18
1.472974609375000000e+04 1.474526336585514760e-16 3.590386961363460983e-18
1.473669140625000000e+04 1.529211577753640441e-16 3.392525979226236178e-18
1.474363574218750000e+04 1.454427303538354281e-16 3.343971511245139144e-18
1.475058105468750000e+04 1.486870783000562119e-16 3.384247142065499200e-18
1.475752636718750000e+04 1.287748027828755052e-16 3.415884939339274264e-18
1.476447070312500000e+04 1.355194349742858801e-16 3.524963178765110641e-18
1.477141601562500000e+04 1.382944869630583790e-16 3.576655763195080723e-18
1.477836035156250000e+04 1.364832393542530662e-16 3.473493933100529877e-18
1.478530566406250000e+04 1.448157539192998348e-16 3.503191371452408676e-18
1.479225000000000000e+04 1.408284521992186227e-16 3.538252248896081307e-18
1.479919531250000000e+04 1.465091845390979947e-16 3.603935352616467023e-18
1.480613964843750000e+04 1.442253587201737866e-16 3.613616260915481382e-18
1.481308496093750000e+04 1.513742373856612764e-16 3.504188537680841351e-18
1.482003027343750000e+04 1.617816915039054621e-16 3.478009925654763131e-18
1.482697460937500000e+04 1.526344900622776668e-16 3.405592330977276941e-18
1.483391992187500000e+04 1.466474097281780559e-16 3.360862332558318831e-18
1.484086425781250000e+04 1.556179386258543253e-16 3.368260222366686834e-18
1.484780957031250000e+04 1.562763214538873320e-16 3.381865482286805895e-18
1.485475390625000000e+04 1.540154978734369984e-16 3.453304108709335577e-18
1.486169921875000000e+04 1.472571543361929445e-16 3.508180097726715986e-18
1.486864355468750000e+04 1.597129723489144437e-16 3.394757298928597970e-18
1.487558886718750000e+04 1.465117653426091602e-16 3.356350682702301480e-18
1.488253417968750000e+04 1.517756515933210096e-16 3.306526906071241826e-18
1.488947851562500000e+04 1.513855399815512009e-16 3.429970997990439773e-18
1.489642382812500000e+04 1.788071860926149074e-16 3.473007964490654973e-18
1.490336816406250000e+04 1.426910114757818249e-16 3.138136094412596876e-18
1.491031347656250000e+04 1.459135747933904123e-16 3.457130025837546468e-18
1.491725781250000000e+04 1.693835210379371890e-16 3.501218545691469705e-18
1.492420312500000000e+04 1.483616852994125521e-16 3.207823786273504937e-18
1.493114843750000000e+04 1.651329111852680971e-16 3.201900759497318982e-18
1.493809277343750000e+04 1.637518239647699604e-16 3.216148118367932331e-18
1.494503808593750000e+04 1.542493054366587870e-16 3.195583787954404648e-18
1.495198242187500000e+04 1.567634315730075589e-16 3.171016937351886003e-18
1.495892773437500000e+04 1.548872138901698811e-16 3.106031146887882489e-18
1.496587207031250000e+04 1.425029172219321669e-16 3.082811153117753311e-18
1.497281738281250000e+04 1.538465809749087697e-16 3.119432506787007229e-18
1.497976171875000000e+04 1.608702708177700341e-16 3.137632961805011497e-18
1.498670703125000000e+04 1.584490800776028200e-16 3.135596649932059081e-18
1.499365234375000000e+04 1.694422442439835535e-16 3.127618699719138267e-18
1.500059667968750000e+04 1.230351222438231542e-16 3.198543853776425658e-18
1.500754199218750000e+04 1.391484417576785231e-16 3.165815832455305703e-18
1.501448632812500000e+04 1.811909750342049238e-16 3.158472122977059923e-18
1.502143164062500000e+04 1.803664016949426633e-16 3.212997594209870987e-18
1.502837597656250000e+04 1.755188321378063025e-16 3.221601926941647580e-18
1.503532128906250000e+04 1.666250258963055514e-16 3.174084743448692044e-18
1.504226562500000000e+04 1.775122977093896966e-16 3.233371259492205196e-18
1.504921093750000000e+04 1.571818261442817807e-16 3.042180661814608007e-18
1.505615625000000000e+04 1.666558896593211300e-16 3.048948653586516879e-18
1.506310058593750000e+04 1.713224588635410875e-16 3.033103388567604219e-18
1.507004589843750000e+04 1.638778995250128427e-16 3.045024508760565316e-18
1.507699023437500000e+04 1.733541070921999295e-16 3.086505134938261995e-18
1.508393554687500000e+04 1.710563581692052288e-16 3.106990056012984587e-18
1.509087988281250000e+04 1.573275025763197195e-16 3.075067708608491281e-18
1.509782519531250000e+04 1.568354029037445727e-16 3.019924953843562520e-18
1.510476953125000000e+04 1.675051195982823712e-16 3.035803099291824163e-18
1.511171484375000000e+04 1.558276057500793664e-16 2.989659862796319206e-18
1.511866015625000000e+04 1.517839895738955442e-16 2.952849911947403198e-18
1.512560449218750000e+04 1.493367525706002603e-16 2.956536655937552042e-18
1.513254980468750000e+04 1.492941626952211300e-16 2.975826921412594924e-18
1.513949414062500000e+04 1.607698709437407978e-16 3.011470134007504886e-18
1.514643945312500000e+04 1.669198463015092514e-16 3.038688305268409124e-18
1.515338378906250000e+04 1.573683586811349387e-16 3.028182904693832534e-18
1.516032910156250000e+04 1.629127584211757709e-16 3.051786296677880040e-18
1.516727343750000000e+04 1.701321658144119820e-16 3.081138800714324227e-18
1.517421875000000000e+04 1.612618117976383344e-16 3.044278805438348761e-18
1.518116406250000000e+04 1.624001976089685124e-16 3.050700415328751053e-18
1.518810839843750000e+04 1.672804838136925706e-16 3.083466900548354724e-18
1.519505371093750000e+04 1.628089042409085131e-16 3.058564628207445826e-18
1.520199804687500000e+04 1.674439347027330488e-16 3.048903365447979601e-18
1.520894335937500000e+04 1.671479893318962768e-16 3.054758356618783069e-18
1.521588769531250000e+04 1.606540921277629756e-16 3.041037498208059722e-18
1.522283300781250000e+04 1.713228559102351130e-16 3.029351917694523100e-18
1.522977734375000000e+04 1.725136783549562525e-16 3.004121461445583788e-18
1.523672265625000000e+04 1.610463610265703226e-16 2.972653856582841510e-18
1.524366796875000000e+04 1.658678446159092112e-16 3.062979291136641334e-18
1.525061230468750000e+04 1.748234313230003227e-16 3.123445987119114519e-18
1.525755761718750000e+04 1.721852148598787958e-16 3.132988135870373108e-18
1.526450195312500000e+04 1.614930253224591567e-16 3.102464757676860110e-18
1.527144726562500000e+04 1.708710432422137489e-16 3.061204161542102537e-18
1.527839160156250000e+04 1.652941386128220329e-16 3.051154951075348942e-18
1.528533691406250000e+04 1.616448692131442909e-16 3.035310720032201973e-18
1.529228222656250000e+04 1.626064368967351337e-16 3.043129231182053191e-18
1.529922656250000000e+04 1.623105709352371667e-16 3.058710625585561435e-18
1.530617187500000000e+04 1.621344013170980731e-16 3.016896645621005886e-18
1.531311621093750000e+04 1.683059363103521088e-16 3.026590788809821094e-18
1.532006152343750000e+04 1.710979421929594946e-16 3.000671911496084525e-18
1.532700585937500000e+04 1.830626002102817072e-16 3.005824419531677334e-18
1.533395117187500000e+04 1.712059918332936212e-16 3.142199412376610486e-18
1.534089550781250000e+04 1.645086346682518770e-16 3.118885533606956539e-18
1.534784082031250000e+04 1.682189433796911320e-16 3.119068133727177620e-18
1.535478613281250000e+04 1.621872217622932592e-16 3.085588825614706378e-18
1.536173046875000000e+04 1.622557784914616542e-16 3.048411192983510549e-18
1.536867578125000000e+04 1.613148307661805333e-16 3.040500244400206531e-18
1.537562011718750000e+04 1.708817502680626352e-16 3.036279762119807845e-18
1.538256542968750000e+04 1.748761061844076995e-16 3.096438126528951889e-18
1.538950976562500000e+04 1.751244721264104214e-16 3.107340987387860209e-18
1.539645507812500000e+04 1.705184260732497438e-16 3.114029569820963990e-18
1.540339941406250000e+04 1.681628803864947379e-16 3.089131019792811581e-18
1.541034472656250000e+04 1.746053865135313446e-16 3.078446948205923537e-18
1.541729003906250000e+04 1.748643536022645461e-16 3.058151658286628727e-18
1.542423437500000000e+04 1.568237297309402244e-16 3.015743349051953827e-18
1.543117968750000000e+04 1.597324144020318901e-16 3.071278601017538999e-18
1.543812402343750000e+04 1.678170262462189664e-16 3.212829056160063307e-18
1.544506933593750000e+04 1.749967289700526322e-16 3.146426925692215872e-18
1.545201367187500000e+04 1.814610726652606388e-16 3.140425316757837380e-18
1.545895898437500000e+04 1.701024005472498738e-16 3.104302546202799800e-18
1.546590332031250000e+04 1.609335997654670939e-16 3.053483671294838853e-18
1.547284863281250000e+04 1.694399149033786042e-16 3.182483521798249210e-18
1.547979394531250000e+04 1.717502369716841109e-16 3.062715834111543195e-18
1.548673828125000000e+04 1.751596239937214749e-16 3.029625921272431291e-18
1.549368359375000000e+04 1.691733509878997157e-16 3.036929512490968249e-18
1.550062792968750000e+04 1.742446034175602161e-16 3.060033494180186865e-18
1.550757324218750000e+04 1.699749750282473050e-16 3.060828414748850324e-18
1.551451757812500000e+04 1.685977921002404186e-16 3.059949742143165871e-18
1.552146289062500000e+04 1.717503693205821194e-16 3.088761270059000378e-18
1.552840722656250000e+04 1.885227069371809357e-16 3.139146288735677261e-18
1.553535253906250000e+04 1.962250686941399073e-16 3.159109052048725754e-18
1.554229785156250000e+04 1.773771694845230340e-16 3.142399590084848319e-18
1.554924218750000000e+04 1.805207072751307553e-16 3.177574825248206406e-18
1.555618750000000000e+04 1.807030178821374426e-16 3.204306200718623187e-18
1.556313183593750000e+04 1.887198803254339758e-16 3.227587819444387565e-18
1.557007714843750000e+04 1.971069491062398416e-16 3.211330411685270359e-18
1.557702148437500000e+04 1.797730551153910259e-16 3.137169740661981801e-18
1.558396679687500000e+04 1.687305645147225302e-16 3.088594179575264666e-18
1.559091113281250000e+04 1.875089276133257458e-16 3.148860077464040603e-18
1.559785644531250000e+04 1.882113693895057769e-16 3.202990569954357596e-18
1.560480175781250000e+04 1.954998496726126161e-16 3.245291759299706878e-18
1.561174609375000000e+04 1.849063659433277046e-16 3.189747201552230485e-18
1.561869140625000000e+04 1.764796719024580986e-16 3.153156660360794167e-18
1.562563574218750000e+04 1.813470937942957321e-16 3.147403412405334722e-18
1.563258105468750000e+04 1.818902933763919547e-16 3.118535636207846609e-18
1.563952539062500000e+04 1.797994190158743160e-16 3.074034560023412549e-18
1.564647070312500000e+04 1.695263519686679454e-16 3.027939920388895082e-18
1.565341601562500000e+04 1.631090715415917558e-16 3.083660667606845271e-18
1.566036035156250000e+04 1.592146125734634956e-16 3.016600101371405626e-18
1.566730566406250000e+04 1.559810775322100049e-16 2.985078522973694262e-18
1.567425000000000000e+04 1.564002132573130742e-16 2.998831641428307177e-18
1.568119531250000000e+04 1.593406219592573736e-16 3.044778629323483928e-18
1.568813964843750000e+04 1.533527342968799109e-16 3.074011812556567341e-18
1.569508496093750000e+04 1.662394009121782304e-16 3.151503539906606941e-18
1.570202929687500000e+04 1.703843037000079457e-16 3.174672041683604694e-18
1.570897460937500000e+04 1.605789841281431607e-16 3.170238973985779880e-18
1.571591992187500000e+04 1.726941890169500244e-16 3.231597991054044643e-18
1.572286425781250000e+04 1.643272372686414482e-16 3.173942675178486061e-18
1.572980957031250000e+04 1.659619579172830445e-16 3.158596613659249154e-18
1.573675390625000000e+04 1.704292626206614278e-16 3.207880034555158543e-18
1.574369921875000000e+04 1.694798578007975648e-16 3.186209143277188047e-18
1.575064355468750000e+04 1.707575408272816726e-16 3.142579915458384879e-18
1.575758886718750000e+04 1.661744970125948696e-16 3.133956764367672704e-18
1.576453320312500000e+04 1.711613108453259569e-16 3.177648444322723625e-18
1.577147851562500000e+04 1.692035133017558493e-16 3.137182355166323235e-18
1.577842382812500000e+04 1.664081589920288489e-16 3.096124831871947430e-18
1.578536816406250000e+04 1.619035848389712763e-16 3.095675052413871721e-18
1.579231347656250000e+04 1.661735705703088102e-16 3.130995250979579726e-18
1.579925781250000000e+04 1.676963769907944320e-16 3.146208550010501873e-18
1.580620312500000000e+04 1.802885937778034753e-16 3.131593302562455565e-18
1.581314746093750000e+04 1.698198224151119587e-16 3.080066981435608642e-18
1.582009277343750000e+04 1.831830112376898263e-16 3.115335894803338359e-18
1.582703710937500000e+04 1.710935217397660112e-16 3.106547514385268717e-18
1.583398242187500000e+04 1.770006236347990950e-16 3.100009065233343310e-18
1.584092773437500000e+04 1.909343950264711406e-16 3.248181514769660880e-18
1.584787207031250000e+04 1.601593984167868625e-16 3.091980863798209899e-18
1.585481738281250000e+04 1.499388077076408560e-16 3.012803549154940367e-18
1.586176171875000000e+04 1.522428564381807605e-16 2.941418069086767217e-18
1.586870703125000000e+04 1.527750445919626773e-16 2.966218805007485231e-18
1.587565136718750000e+04 1.531378923307427382e-16 3.003948994287866482e-18
1.588259667968750000e+04 1.598613222286921539e-16 3.056843678943029252e-18
1.588954101562500000e+04 1.612767672231132932e-16 3.060816627425121444e-18
1.589648632812500000e+04 1.657396514732981932e-16 3.048069567390526149e-18
1.590343164062500000e+04 1.617602245126484859e-16 3.005008199062240634e-18
1.591037597656250000e+04 1.541360544846329269e-16 2.954271835420381852e-18
1.591732128906250000e+04 1.514159537583135507e-16 2.940415112594046671e-18
1.592426562500000000e+04 1.580628727583242616e-16 2.962504557261968998e-18
1.593121093750000000e+04 1.684532671036151536e-16 3.031824774135750377e-18
1.593815527343750000e+04 1.760320679293934042e-16 3.066645148816323215e-18
1.594510058593750000e+04 1.711149225565739831e-16 3.071013076040909477e-18
1.595204492187500000e+04 1.644194712156635610e-16 3.052275160419898880e-18
1.595899023437500000e+04 1.670500114427005958e-16 3.050114151069604095e-18
1.596593554687500000e+04 1.635617047727807726e-16 3.031312749336580052e-18
1.597287988281250000e+04 1.558343555438777991e-16 3.032992753160675252e-18
1.597982519531250000e+04 1.549016134502732042e-16 3.024839233862740058e-18
1.598676953125000000e+04 1.562654159046914328e-16 3.037916959347203425e-18
1.599371484375000000e+04 1.637283849749326579e-16 3.106123791116488428e-18
1.600065917968750000e+04 1.641041896708277494e-16 3.096429027542213806e-18
1.600760449218750000e+04 1.692805800650661898e-16 3.145008517736840568e-18
1.601454980468750000e+04 1.614602027957530526e-16 3.129260653235056027e-18
1.602149414062500000e+04 1.744846181440986026e-16 3.219461390311513483e-18
1.602843945312500000e+04 1.797912133841977900e-16 3.265808526828012762e-18
1.603538378906250000e+04 1.825485041508575503e-16 3.229570157782370896e-18
1.604232910156250000e+04 1.674588371886488042e-16 3.176032960586407562e-18
1.604927343750000000e+04 1.670716504875249830e-16 3.144328782068475118e-18
1.605621875000000000e+04 1.581409850779288691e-16 3.048868003476792959e-18
1.606316308593750000e+04 1.538319961263482348e-16 3.035208563226551675e-18
1.607010839843750000e+04 1.543312558743056406e-16 3.040704144421200852e-18
1.607705371093750000e+04 1.536799669472058887e-16 3.051083606747516243e-18
1.608399804687500000e+04 1.580531318794308371e-16 3.082624830684775742e-18
1.609094335937500000e+04 1.624764041044417977e-16 3.096041286630079574e-18
1.609788769531250000e+04 1.576503412432318156e-16 3.161275851663308410e-18
1.610483300781250000e+04 1.556737633910343041e-16 3.054516199494458170e-18
1.611177734375000000e+04 1.596481346237800872e-16 3.045061731888130202e-18
1.611872265625000000e+04 1.701619310815740901e-16 3.097139368893243718e-18
1.612566699218750000e+04 1.722227622422438029e-16 3.102398790023009007e-18
1.613261230468750000e+04 1.729584500616035653e-16 3.123808085432259607e-18
1.613955761718750000e+04 1.726978815512044611e-16 3.120891860182703908e-18
1.614650195312500000e+04 1.664264893144030239e-16 3.082437474276032481e-18
1.615344726562500000e+04 1.653598366057934445e-16 3.002659626508049450e-18
1.616039160156250000e+04 1.694723933229498863e-16 3.002611650032521375e-18
1.616733691406250000e+04 1.645369308626460909e-16 2.995613081664863346e-18
1.617428125000000000e+04 1.691151836472249868e-16 3.036278934939195292e-18
1.618122656250000000e+04 1.762582654309797050e-16 3.112726346765886695e-18
1.618817089843750000e+04 1.718626805954321193e-16 3.073884013151927898e-18
1.619511621093750000e+04 1.656746019899270231e-16 3.087503955527919775e-18
1.620206152343750000e+04 1.725968993420239875e-16 3.078960006980859553e-18
1.620900585937500000e+04 1.668360694490698807e-16 3.038822101732489576e-18
1.621595117187500000e+04 1.641124879467328814e-16 3.038397551283096735e-18
1.622289550781250000e+04 1.697879660353613165e-16 3.031864065214846645e-18
1.622984082031250000e+04 1.634938097881024201e-16 3.015079329815226884e-18
1.623678515625000000e+04 1.611926065588696979e-16 3.053379653332810310e-18
1.624373046875000000e+04 1.810409178536429042e-16 3.151966554254483499e-18
1.625067480468750000e+04 1.727733071881794964e-16 3.099748296545235968e-18
1.625762011718750000e+04 1.674168428833107121e-16 3.048432492884283790e-18
1.626456542968750000e+04 1.647479082409614159e-16 2.986293858088687798e-18
1.627150976562500000e+04 1.485866387213575731e-16 2.896677524114999056e-18
1.627845507812500000e+04 1.390378510185026335e-16 2.865149948657846683e-18
1.628539941406250000e+04 1.409966279439180039e-16 2.844552737814970017e-18
1.629234472656250000e+04 1.492487008487552156e-16 2.864966934947319325e-18
1.629928906250000000e+04 1.503025818887069763e-16 2.908781864813640648e-18
1.630623437500000000e+04 1.560365846600347633e-16 2.956047585400380064e-18
1.631317871093750000e+04 1.621820866250505300e-16 2.998301005065354409e-18
1.632012402343750000e+04 1.635621415241442006e-16 3.001432917659633310e-18
1.632706933593750000e+04 1.524906532799220459e-16 2.955330833399602866e-18
1.633401367187500000e+04 1.604717285811970849e-16 3.303837535104678795e-18
1.634095898437500000e+04 1.548244540427342578e-16 3.051259796217990038e-18
1.634790332031250000e+04 1.700091342788232949e-16 3.035155210077042004e-18
1.635484863281250000e+04 1.691494223071397817e-16 3.060192726448103322e-18
1.636179296875000000e+04 1.611061827284701576e-16 3.064670875489312276e-18
1.636873828125000000e+04 1.672944995619916691e-16 3.108949853679275847e-18
1.637568359375000000e+04 1.655650832768250022e-16 3.107082700241590526e-18
1.638262792968750000e+04 1.820969958853016057e-16 3.182341867118349504e-18
1.638957226562500000e+04 1.846635718899311399e-16 3.173310088805036134e-18
1.639651757812500000e+04 1.794763818256152072e-16 3.187618452245825268e-18
1.640346289062500000e+04 1.737117402843984561e-16 3.151941532040953770e-18
1.641040820312500000e+04 1.656099230834702767e-16 3.126246613878065933e-18
1.641735156250000000e+04 1.780963931009705409e-16 3.121102377648598654e-18
1.642429687500000000e+04 1.779433580702033304e-16 3.122482942090949657e-18
1.643124218750000000e+04 1.779932403698627282e-16 3.101190279148069033e-18
1.643818750000000000e+04 1.726182339843829552e-16 3.066933628054951083e-18
1.644513281250000000e+04 1.656529100055434325e-16 3.077082100195211042e-18
1.645207617187500000e+04 1.651451666932236828e-16 3.091924408721403155e-18
1.645902148437500000e+04 1.662222617298861316e-16 3.112081145888095334e-18
