9.350013671875000000e+03 4.022881762547102572e-15 2.865265960738757245e-17
9.356963867187500000e+03 3.873824716137553442e-15 2.763716305658072249e-17
9.363913085937500000e+03 3.732051306041444041e-15 2.678528448529808652e-17
9.370863281250000000e+03 3.703474531983452084e-15 2.584186514434665718e-17
9.377813476562500000e+03 3.963979514911512153e-15 2.519889930857041388e-17
9.384762695312500000e+03 4.096016281278933371e-15 2.487593987328888507e-17
9.391712890625000000e+03 4.035221338522703219e-15 2.510549407380092599e-17
9.398663085937500000e+03 4.028520884393448076e-15 2.500350601299558789e-17
9.405612304687500000e+03 4.040172246099404604e-15 2.532393592996392954e-17
9.412562500000000000e+03 3.876601713655126666e-15 2.553427803356881384e-17
9.419511718750000000e+03 3.786389316640754663e-15 2.540790137958296227e-17
9.426461914062500000e+03 3.693068732226433004e-15 2.555530496473991180e-17
9.433412109375000000e+03 3.670206042430618557e-15 2.509244447245728943e-17
9.440361328125000000e+03 3.884510036767166441e-15 2.548538338756080438e-17
9.447311523437500000e+03 3.638626536574610104e-15 2.453944941754721384e-17
9.454261718750000000e+03 3.671396123721510849e-15 2.505295487001400789e-17
9.461210937500000000e+03 3.731730280554434662e-15 2.416399544623184479e-17
9.468161132812500000e+03 3.611067049086270561e-15 2.363281645279724275e-17
9.475111328125000000e+03 3.734050727313437817e-15 2.410245982610279995e-17
9.482060546875000000e+03 3.670796000878381177e-15 2.519521008303842737e-17
9.489010742187500000e+03 3.466633955535782657e-15 2.304291590767750127e-17
9.495959960937500000e+03 3.804596289841985848e-15 2.406120336587110514e-17
9.502910156250000000e+03 3.973304077111361118e-15 2.433569663470192695e-17
9.509860351562500000e+03 3.627906487594159679e-15 2.323052377932697816e-17
9.516809570312500000e+03 3.723959176779850083e-15 2.481377394153307483e-17
9.523759765625000000e+03 4.101636768400439281e-15 2.455204076083149602e-17
9.530709960937500000e+03 4.154801638367802696e-15 2.483573889551880792e-17
9.537659179687500000e+03 4.098463359463551045e-15 2.481341494514722681e-17
9.544609375000000000e+03 4.031031490049109822e-15 2.860235709997699773e-17
9.551558593750000000e+03 4.009968745266210763e-15 2.396122039087059558e-17
9.558508789062500000e+03 4.135272870252381175e-15 2.396760126211582964e-17
9.565458984375000000e+03 4.297989593485826779e-15 2.450365731244204433e-17
9.572408203125000000e+03 4.300714074960670236e-15 2.433206696617404427e-17
9.579358398437500000e+03 4.139054025328924372e-15 2.387436808091375278e-17
9.586308593750000000e+03 4.236673301950561604e-15 2.379609859699276020e-17
9.593257812500000000e+03 4.331773502587064548e-15 2.376593793749785170e-17
9.600208007812500000e+03 4.436741213542606463e-15 2.384918704870641351e-17
9.607158203125000000e+03 4.364042069745664373e-15 2.373544309703547178e-17
9.614107421875000000e+03 4.260887009297246661e-15 2.302404295482149139e-17
9.621057617187500000e+03 4.387281689203006985e-15 2.322480796129423674e-17
9.628006835937500000e+03 4.395818510761909451e-15 2.337812257910849021e-17
9.634957031250000000e+03 4.317671251048227701e-15 2.298965705675766203e-17
9.641907226562500000e+03 4.411045198538226381e-15 2.282003209162508796e-17
9.648856445312500000e+03 4.355229962478904260e-15 2.236695218290529259e-17
9.655806640625000000e+03 4.129443165992903453e-15 2.166677357288120657e-17
9.662756835937500000e+03 4.178690932095689356e-15 2.122435105917354440e-17
9.669706054687500000e+03 4.211488894846323119e-15 2.134188184368875389e-17
9.676656250000000000e+03 4.161555032056261233e-15 2.075492275282725098e-17
9.683605468750000000e+03 4.107775216169191196e-15 2.048318234107500565e-17
9.690555664062500000e+03 3.915929453396143831e-15 1.987420370230734114e-17
9.697505859375000000e+03 3.918710262561979699e-15 1.994346684371885636e-17
9.704455078125000000e+03 3.758618917948548799e-15 1.941022486183654707e-17
9.711405273437500000e+03 3.756464913163681113e-15 1.945230188523589448e-17
9.718355468750000000e+03 3.605937417557698518e-15 1.922924601561607015e-17
9.725304687500000000e+03 3.489760072578193192e-15 1.898140285176048178e-17
9.732254882812500000e+03 3.414782198394900221e-15 1.878530810702621083e-17
9.739205078125000000e+03 3.341006052205524289e-15 1.845582056235041353e-17
9.746154296875000000e+03 3.198341775207140178e-15 1.795640695879907286e-17
9.753104492187500000e+03 3.170885625738365660e-15 1.754802292729796778e-17
9.760053710937500000e+03 3.261914986030364436e-15 1.923622411126356749e-17
9.767003906250000000e+03 3.178931803462571072e-15 1.705429205455486641e-17
9.773954101562500000e+03 3.071615270144292982e-15 1.723993785379136751e-17
9.780903320312500000e+03 2.978860927255210823e-15 1.701237881291680449e-17
9.787853515625000000e+03 2.935428254093562506e-15 1.673430550639485318e-17
9.794803710937500000e+03 2.923724376344876211e-15 1.662146318159159425e-17
9.801752929687500000e+03 2.955434960549472266e-15 1.651336225605948928e-17
9.808703125000000000e+03 2.976811954555802671e-15 1.651115037510152248e-17
9.815653320312500000e+03 2.973009835413814930e-15 1.653486068017974246e-17
9.822602539062500000e+03 2.966541680070344279e-15 1.637339337024816636e-17
9.829552734375000000e+03 3.062646885298764450e-15 1.659394950005685544e-17
9.836501953125000000e+03 3.081610047163656912e-15 1.666877625826840233e-17
9.843452148437500000e+03 3.211417634572141626e-15 1.697071041674005828e-17
9.850402343750000000e+03 3.338816472036871923e-15 1.726790483030178538e-17
9.857351562500000000e+03 3.405604384653163064e-15 1.736260873863298152e-17
9.864301757812500000e+03 3.451772127201495517e-15 1.747638577752842537e-17
9.871251953125000000e+03 3.615917159742248685e-15 1.932396977628196756e-17
9.878201171875000000e+03 3.761357798983495579e-15 1.821869600487228730e-17
9.885151367187500000e+03 3.789225606464635687e-15 1.821648577827554561e-17
9.892100585937500000e+03 3.842629339723124815e-15 1.839509227049922045e-17
9.899050781250000000e+03 4.005375709109724319e-15 1.852388925495740218e-17
9.906000976562500000e+03 4.163076303229529956e-15 1.900073406267584604e-17
9.912950195312500000e+03 4.323246421907055506e-15 1.938536477570687838e-17
9.919900390625000000e+03 4.429327134155289572e-15 1.981626135475922666e-17
9.926850585937500000e+03 4.602448386596333374e-15 1.990818262750979441e-17
9.933799804687500000e+03 4.769621350165283852e-15 2.292506252272339610e-17
9.940750000000000000e+03 4.831574610476884260e-15 2.041979714509629224e-17
9.947700195312500000e+03 4.934182487641375695e-15 2.055295998882752885e-17
9.954649414062500000e+03 5.046538866995816872e-15 2.078289965550501948e-17
9.961599609375000000e+03 5.104106190706534513e-15 2.096350296172739733e-17
9.968548828125000000e+03 5.300030840637084961e-15 2.140648299516792024e-17
9.975499023437500000e+03 5.541363232804043942e-15 2.184352718053276263e-17
9.982449218750000000e+03 5.650223907185166622e-15 2.202847814805471919e-17
9.989398437500000000e+03 5.712750608802058191e-15 2.212032166582770696e-17
9.996348632812500000e+03 5.855708170958429104e-15 2.236281958856497766e-17
1.000329882812500000e+04 5.891001069255200409e-15 2.237344058763015854e-17
1.001024804687500000e+04 6.038969254811054135e-15 2.276095485227655073e-17
1.001719824218750000e+04 6.155487530551829317e-15 2.295209147641917883e-17
1.002414746093750000e+04 6.341586174777756255e-15 2.339461490616157247e-17
1.003109765625000000e+04 6.472969878742844407e-15 2.373956576520843607e-17
1.003804785156250000e+04 6.569529517147466510e-15 2.396571529031920873e-17
1.004499707031250000e+04 6.508740927138340765e-15 2.369026745506150073e-17
1.005194726562500000e+04 6.447588959994842925e-15 2.320696732984269304e-17
1.005889746093750000e+04 6.517692794841397838e-15 2.693950072998002279e-17
1.006584667968750000e+04 6.422573535963581673e-15 2.290236303235371592e-17
1.007279687500000000e+04 6.521536206839564226e-15 2.312106627759028622e-17
1.007974707031250000e+04 6.602530344288967679e-15 2.332089160688717133e-17
1.008669628906250000e+04 6.585199626671671067e-15 2.337208085191440289e-17
1.009364648437500000e+04 6.571725026546749657e-15 2.322878339131816659e-17
1.010059570312500000e+04 6.541809516915622277e-15 2.314663443032430031e-17
1.010754589843750000e+04 6.535901462108523532e-15 2.309400092794755115e-17
1.011449609375000000e+04 6.572207835326684608e-15 2.321699441322806084e-17
1.012144531250000000e+04 6.471578203610505592e-15 2.300292668814423770e-17
1.012839550781250000e+04 6.327087511819604396e-15 2.292052460988293019e-17
1.013534570312500000e+04 6.273220028022493538e-15 2.257565481453609679e-17
1.014229492187500000e+04 6.192923845721627629e-15 2.593290464256424341e-17
1.014924511718750000e+04 5.998847421681986064e-15 2.187469534601376071e-17
1.015619433593750000e+04 5.853147590358879354e-15 2.151314793515663316e-17
1.016314453125000000e+04 5.752563274905378443e-15 2.129170672209251234e-17
1.017009472656250000e+04 5.622640279257830331e-15 2.186037684961046780e-17
1.017704394531250000e+04 5.641079339486609195e-15 2.123487941401011933e-17
1.018399414062500000e+04 5.497375541303707244e-15 2.422839807436399841e-17
1.019094433593750000e+04 5.328148099321191461e-15 2.280868813670453574e-17
1.019789355468750000e+04 5.258602459186877132e-15 2.030972422098386085e-17
1.020484375000000000e+04 5.157855513407503395e-15 2.013333788152427833e-17
1.021179394531250000e+04 5.076406095748950756e-15 2.002752328320526993e-17
1.021874316406250000e+04 4.955936411309234263e-15 1.991847771741362940e-17
1.022569335937500000e+04 4.861452003625385196e-15 1.957531687721233055e-17
1.023264257812500000e+04 4.830932135986391873e-15 1.943190030260788661e-17
1.023959277343750000e+04 4.724652370995553047e-15 1.936173553432868859e-17
1.024654296875000000e+04 4.683763973049219834e-15 1.914038696549317370e-17
1.025349218750000000e+04 4.627499386011379306e-15 1.903075906455029584e-17
1.026044238281250000e+04 4.594151698877977502e-15 2.199953013533781344e-17
1.026739257812500000e+04 4.564823606595770980e-15 1.883879856851756492e-17
1.027434179687500000e+04 4.423232732099794881e-15 1.847310863715277181e-17
1.028129199218750000e+04 4.399700462759175909e-15 1.870189190533391331e-17
1.028824121093750000e+04 4.395139613854685129e-15 1.845376915443128202e-17
1.029519140625000000e+04 4.315039943197582217e-15 1.818324966126316495e-17
1.030214160156250000e+04 4.279741115670180132e-15 1.799089211853640858e-17
1.030909082031250000e+04 4.333780123639109985e-15 2.123112732275157880e-17
1.031604101562500000e+04 4.266648950920944039e-15 1.805347660368217065e-17
1.032299121093750000e+04 4.239836546492082789e-15 1.801253281772202089e-17
1.032994042968750000e+04 4.165384468010797925e-15 1.775060938547955489e-17
1.033689062500000000e+04 4.120994435860515434e-15 1.780350096820742059e-17
1.034384082031250000e+04 4.160559768343237430e-15 1.768583452607175240e-17
1.035079003906250000e+04 4.097690865415655123e-15 1.755795405773227943e-17
1.035774023437500000e+04 4.065997010111767340e-15 1.761422715480426190e-17
1.036468945312500000e+04 4.124510893141041662e-15 1.781850106143545719e-17
1.037163964843750000e+04 4.066385798234557064e-15 1.744793738190150164e-17
1.037858984375000000e+04 3.987902689957288985e-15 1.734831671200929030e-17
1.038553906250000000e+04 3.967703918780589312e-15 1.734543316039393045e-17
1.039248925781250000e+04 3.983624326540707514e-15 1.719516587595632234e-17
1.039943945312500000e+04 3.957221462541843718e-15 1.708279173537976842e-17
1.040638867187500000e+04 3.921658784251371918e-15 1.719317733376374486e-17
1.041333886718750000e+04 3.894142071926868717e-15 1.692220619998117384e-17
1.042028808593750000e+04 3.981408488350690264e-15 1.718326936438658469e-17
1.042723828125000000e+04 4.001240494261228825e-15 1.719302678689226021e-17
1.043418847656250000e+04 3.979943121351940324e-15 1.723850683133165077e-17
1.044113769531250000e+04 3.965201359937926481e-15 1.722532157236755551e-17
1.044808789062500000e+04 3.988153835226149885e-15 1.722870639543412250e-17
1.045503808593750000e+04 3.967304542745958909e-15 1.711782779740506446e-17
1.046198730468750000e+04 4.042512174616194609e-15 1.835447935678409190e-17
1.046893750000000000e+04 4.026891193002930802e-15 1.714260185675102764e-17
1.047588769531250000e+04 3.983893259501460754e-15 1.714701238377716038e-17
1.048283691406250000e+04 3.993959822563104486e-15 1.701478756286055891e-17
1.048978710937500000e+04 4.058128074031774890e-15 1.718483273574430991e-17
1.049673632812500000e+04 4.088045701245270405e-15 1.711639346622289751e-17
1.050368652343750000e+04 4.176012190399997631e-15 1.743047559917050723e-17
1.051063671875000000e+04 4.161759590513023147e-15 1.743083128683390503e-17
1.051758593750000000e+04 4.204280220948715396e-15 1.747719310580627712e-17
1.052453613281250000e+04 4.126770777044316135e-15 1.717083353105746247e-17
1.053148632812500000e+04 4.238017966754327806e-15 1.737550283002145811e-17
1.053843554687500000e+04 4.222400796789326644e-15 1.750597733676189738e-17
1.054538574218750000e+04 4.283524388329091465e-15 1.744052584361302651e-17
1.055233496093750000e+04 4.236200657565993705e-15 1.733429930934896670e-17
1.055928515625000000e+04 4.327318532800980555e-15 1.750741663102773965e-17
1.056623535156250000e+04 4.298873895882760268e-15 1.748725327641614704e-17
1.057318457031250000e+04 4.357049389249606497e-15 1.757214185959878896e-17
1.058013476562500000e+04 4.416971464553691093e-15 1.767877867544667507e-17
1.058708496093750000e+04 4.393371009060818150e-15 1.762427078180188076e-17
1.059403417968750000e+04 4.346542369055390528e-15 1.745840287101152255e-17
1.060098437500000000e+04 4.332313062574465537e-15 1.734926300663005097e-17
1.060793457031250000e+04 4.261789099386072491e-15 1.722072575688421089e-17
1.061488378906250000e+04 4.270711744452449291e-15 1.724202234893500114e-17
1.062183398437500000e+04 4.283891153595252577e-15 1.719080828848939299e-17
1.062878320312500000e+04 4.249134427154093244e-15 1.710416773676936376e-17
1.063573339843750000e+04 4.143454361489910462e-15 1.679606115656683712e-17
1.064268359375000000e+04 4.136799647139807051e-15 1.681561239752514048e-17
1.064963281250000000e+04 4.093227001783624960e-15 1.687087467988858315e-17
1.065658300781250000e+04 4.030400874019878996e-15 1.661560674285471881e-17
1.066353320312500000e+04 3.934537496697899928e-15 1.923825401248677262e-17
1.067048242187500000e+04 3.961548530352892311e-15 1.818766515137297302e-17
1.067743261718750000e+04 3.979177403567622437e-15 1.663898452132669248e-17
1.068438183593750000e+04 3.761586074362780613e-15 1.893001177466378728e-17
1.069133203125000000e+04 3.685208689992386724e-15 1.587774178412271686e-17
1.069828222656250000e+04 3.463698774615309693e-15 1.835288455256308966e-17
1.070523144531250000e+04 3.492907435251953359e-15 1.535725327292475015e-17
1.071218164062500000e+04 3.382803528262498180e-15 1.507493983858285201e-17
1.071913183593750000e+04 3.253135277773836799e-15 1.755575375730288837e-17
1.072608105468750000e+04 3.195924766692150032e-15 1.469030912555181967e-17
1.073303125000000000e+04 3.167112305716584565e-15 1.462287074457159643e-17
1.073998144531250000e+04 3.074658024249067242e-15 1.488309845655832873e-17
1.074693066406250000e+04 2.897323629928380551e-15 1.633021288791167321e-17
1.075388085937500000e+04 2.871267625921417391e-15 1.374779389300991080e-17
1.076083007812500000e+04 2.763493059536911538e-15 1.342320077601858976e-17
1.076778027343750000e+04 2.710574252640725497e-15 1.336703024934256386e-17
1.077473046875000000e+04 2.683263157564168278e-15 1.331927876694110268e-17
1.078167968750000000e+04 2.646927773467563742e-15 1.358789078161667246e-17
1.078862988281250000e+04 2.525090554334505182e-15 1.530042431048113204e-17
1.079558007812500000e+04 2.537502339868859258e-15 1.295598600499148824e-17
1.080252929687500000e+04 2.484612543851116677e-15 1.515124559572964371e-17
1.080947949218750000e+04 2.583029937267304274e-15 1.446461951286162650e-17
1.081642968750000000e+04 2.417557604098203618e-15 1.487973679454891322e-17
1.082337890625000000e+04 2.446703796054987279e-15 1.261293517981165895e-17
1.083032910156250000e+04 2.470161738254484686e-15 1.399362121771270743e-17
1.083727832031250000e+04 2.458124976557527451e-15 1.257779985611285654e-17
1.084422851562500000e+04 2.547073388656359225e-15 1.500889442975416807e-17
1.085117871093750000e+04 2.541684988562400993e-15 1.314003203692331180e-17
1.085812792968750000e+04 2.563786831013344265e-15 1.307815396402067001e-17
1.086507812500000000e+04 2.551141476143784816e-15 1.531351361649417115e-17
1.087202832031250000e+04 2.598886182281667963e-15 1.310559154493905394e-17
1.087897753906250000e+04 2.537206725370267507e-15 1.499889216178717686e-17
1.088592773437500000e+04 2.595832204990342583e-15 1.521579546201083178e-17
1.089287695312500000e+04 2.610825111673217326e-15 1.528061333481048703e-17
1.089982714843750000e+04 2.664088660978935867e-15 1.550992434422243736e-17
1.090677734375000000e+04 2.769564168186356735e-15 1.598465487829519568e-17
1.091372656250000000e+04 2.744507027782443209e-15 1.966415442063930061e-17
1.092067675781250000e+04 2.869689391782445816e-15 1.643547492958149619e-17
1.092762695312500000e+04 2.989992210731553211e-15 1.415811269996377741e-17
1.093457617187500000e+04 2.970062584273843592e-15 1.419230503776426936e-17
1.094152636718750000e+04 2.887316782689518246e-15 1.622347184730660541e-17
1.094847656250000000e+04 2.859093009612294518e-15 1.617007568440508237e-17
1.095542578125000000e+04 2.969775228346487571e-15 1.388352347818189945e-17
1.096237597656250000e+04 3.010996086724618097e-15 1.396427450394055112e-17
1.096932519531250000e+04 2.952243975678928503e-15 1.648300307321756805e-17
1.097627539062500000e+04 2.862869717765864630e-15 1.614652916108814788e-17
1.098322558593750000e+04 2.910597483244802691e-15 1.381906956485176753e-17
1.099017480468750000e+04 2.883791431563045848e-15 1.633190695380618181e-17
1.099712500000000000e+04 2.985973039396831556e-15 1.554872242367362457e-17
1.100407519531250000e+04 2.973867879789383536e-15 1.406182556794015478e-17
1.101102441406250000e+04 2.888737680458537335e-15 1.637846564176434152e-17
1.101797460937500000e+04 2.851266425179664783e-15 1.369240670637397262e-17
1.102492382812500000e+04 2.793658020371005309e-15 1.607010098121069834e-17
1.103187402343750000e+04 2.813593787817582521e-15 1.360474789531989062e-17
1.103882421875000000e+04 2.824653497009881921e-15 1.370980231465596279e-17
1.104577343750000000e+04 2.710218498802878691e-15 1.596039036220656517e-17
1.105272363281250000e+04 2.670867253897575219e-15 1.333138703674765390e-17
1.105967382812500000e+04 2.678197900539587561e-15 1.340632877306434565e-17
1.106662304687500000e+04 2.613937745996140066e-15 1.576308297069429148e-17
1.107357324218750000e+04 2.494410809226717610e-15 1.539255403274606315e-17
1.108052343750000000e+04 2.568179543877805067e-15 1.323230486143421459e-17
1.108747265625000000e+04 2.514070867448963548e-15 1.567441913519595755e-17
1.109442285156250000e+04 2.416513000716002252e-15 1.553653805325071847e-17
1.110137207031250000e+04 2.435284097860104802e-15 1.326880337878250438e-17
1.110832226562500000e+04 2.491821429506961214e-15 1.362495012742027321e-17
1.111527246093750000e+04 2.482472303351641874e-15 1.390105143536189811e-17
1.112222167968750000e+04 2.309689440573026165e-15 1.362421807257816378e-17
1.112917187500000000e+04 2.325893816128711371e-15 1.375317056699150548e-17
1.113612207031250000e+04 2.477897901919995025e-15 1.463594516133360959e-17
1.114307128906250000e+04 2.464046583891782265e-15 1.529270836972723740e-17
1.115002148437500000e+04 2.297595715910366078e-15 1.534745118266599677e-17
1.115697070312500000e+04 2.036338144208670563e-15 1.456148732567526136e-17
1.116392089843750000e+04 2.208588011505226503e-15 1.508199238048547913e-17
1.117087109375000000e+04 2.419176072302169772e-15 1.580862257213778586e-17
1.117782031250000000e+04 2.202481750988470252e-15 1.525841346153078887e-17
1.118477050781250000e+04 2.091041861282958228e-15 1.496011724339314113e-17
1.119172070312500000e+04 2.164119840565559803e-15 1.539858087068912451e-17
1.119866992187500000e+04 2.398065893674224472e-15 1.621918374301113051e-17
1.120562011718750000e+04 2.280029523133732770e-15 1.646463139181276531e-17
1.121257031250000000e+04 1.958667975802529798e-15 1.560941266521664021e-17
1.121951953125000000e+04 1.971481678470356040e-15 1.516704639979063164e-17
1.122646972656250000e+04 2.247000108630261769e-15 1.592655205770824591e-17
1.123341894531250000e+04 2.430774282690686093e-15 1.682692326522119058e-17
1.124036914062500000e+04 2.266973357284754985e-15 1.660890657989303929e-17
1.124731933593750000e+04 1.888751970512028526e-15 1.511426896798729827e-17
1.125426855468750000e+04 2.069111966520307579e-15 1.546200080825356515e-17
1.126121875000000000e+04 2.151681797009840844e-15 1.543669404459311782e-17
1.126816894531250000e+04 2.029723028648851291e-15 1.542628314940352541e-17
1.127511816406250000e+04 2.087321480820380527e-15 1.558551872604243345e-17
1.128206835937500000e+04 1.932345156417181534e-15 1.465704488439861222e-17
1.128901757812500000e+04 1.635388216483151056e-15 1.241868670220460635e-17
1.129596777343750000e+04 1.910446178357105666e-15 1.335880476533133656e-17
1.130291796875000000e+04 2.038473514268698654e-15 1.298021577949439153e-17
1.130986718750000000e+04 2.009584820327880300e-15 1.328944153506570242e-17
1.131681738281250000e+04 1.919840832533339925e-15 1.447807277834418894e-17
1.132376757812500000e+04 1.761503693153672681e-15 1.619662652770680945e-17
1.133071679687500000e+04 1.622556726123432474e-15 1.644832766193934513e-17
1.133766699218750000e+04 1.131614418191590268e-15 1.290304148270441916e-17
1.134461718750000000e+04 1.203099340258643318e-15 1.291637811572061162e-17
1.135156640625000000e+04 1.578817532913996506e-15 1.490973201792131111e-17
1.135851660156250000e+04 1.539887898658188863e-15 1.143830148685879476e-17
1.136546582031250000e+04 1.522177816159640731e-15 1.316961284280882062e-17
1.137241601562500000e+04 1.370881108758432824e-15 1.047842786916246060e-17
1.137936621093750000e+04 1.380384818426626074e-15 1.242911827690951259e-17
1.138631542968750000e+04 1.428072032203214336e-15 1.279829312019499160e-17
1.139326562500000000e+04 1.253218597385035490e-15 1.078498927598073819e-17
1.140021582031250000e+04 1.177361608881610962e-15 9.983480213738293727e-18
1.140716503906250000e+04 1.173964689125765997e-15 1.163148041993381629e-17
1.141411523437500000e+04 1.156524280741799953e-15 1.096669852268209944e-17
1.142106445312500000e+04 1.230771165491612463e-15 1.268498261116502766e-17
1.142801464843750000e+04 1.241355900958739013e-15 1.569623685103265620e-17
1.143496484375000000e+04 9.585313881122913167e-16 1.039492894940890778e-17
1.144191406250000000e+04 1.091996040270546472e-15 1.275086175669058844e-17
1.144886425781250000e+04 1.067751627979523447e-15 1.101410672512935111e-17
1.145581445312500000e+04 9.461065794463732054e-16 9.979424547194946232e-18
1.146276367187500000e+04 9.714053359984910208e-16 1.164838054702888720e-17
1.146971386718750000e+04 1.028095133575853207e-15 1.007793183198266119e-17
1.147666406250000000e+04 1.048827006113731055e-15 1.111904037609599054e-17
1.148361328125000000e+04 1.070261174844001125e-15 1.174792925220780642e-17
1.149056347656250000e+04 9.936747850938722378e-16 1.140260533470468141e-17
1.149751269531250000e+04 1.118371693335979723e-15 1.192558779544949550e-17
1.150446289062500000e+04 1.078679305911169582e-15 1.008444587930651628e-17
1.151141308593750000e+04 1.034770917870519568e-15 1.024339359709225587e-17
1.151836230468750000e+04 1.086997169453206812e-15 1.199881478635636482e-17
1.152531250000000000e+04 1.034928254240472054e-15 1.062103049804415236e-17
1.153226269531250000e+04 1.083658165575130360e-15 1.138661262474158117e-17
1.153921191406250000e+04 1.096690932138940245e-15 1.318917483711508717e-17
1.154616210937500000e+04 1.034833492429497979e-15 1.151735513800048762e-17
1.155311132812500000e+04 1.093479618477662379e-15 1.107681115146393337e-17
1.156006152343750000e+04 1.213002743598822191e-15 1.339441654506296950e-17
1.156701171875000000e+04 1.294457878729768797e-15 1.461511675350952435e-17
1.157396093750000000e+04 1.361756658092372688e-15 1.583842258088562124e-17
1.158091113281250000e+04 1.350556976705539515e-15 1.199360851158095607e-17
1.158786132812500000e+04 1.329137419293609582e-15 1.192107800674985639e-17
1.159481054687500000e+04 1.283074285314263034e-15 1.540630508324914469e-17
1.160176074218750000e+04 1.436097775257567238e-15 1.499656943862712796e-17
1.160871093750000000e+04 1.361836808585006626e-15 1.197494897132298487e-17
1.161566015625000000e+04 1.448951394353032839e-15 1.446783393672200756e-17
1.162261035156250000e+04 1.513474234989247574e-15 1.486156198212989810e-17
1.162955957031250000e+04 1.525812011019835306e-15 1.493206589446024286e-17
1.163650976562500000e+04 1.531169494411218756e-15 1.492055815777840514e-17
1.164345996093750000e+04 1.560174973019639796e-15 1.614258847264994526e-17
1.165040917968750000e+04 1.549252800802150814e-15 1.524138181271832203e-17
1.165735937500000000e+04 1.576759984005997404e-15 1.522969705938539796e-17
1.166430957031250000e+04 1.592264922105487372e-15 1.510978068598358554e-17
1.167125878906250000e+04 1.567925748003490272e-15 1.501021130128935249e-17
1.167820898437500000e+04 1.586647611357533665e-15 1.502915208295559172e-17
1.168515820312500000e+04 1.574315235161984679e-15 1.489061091088153533e-17
1.169210839843750000e+04 1.430133816275949710e-15 1.382575152983997089e-17
1.169905859375000000e+04 1.538401038198402345e-15 1.462460120641305737e-17
1.170600781250000000e+04 1.502034949157459841e-15 1.445139124050567848e-17
1.171295800781250000e+04 1.514402371341201474e-15 1.450995893659688305e-17
1.171990820312500000e+04 1.386913324867588594e-15 1.376934773823120504e-17
1.172685742187500000e+04 1.415340915247745388e-15 1.427690410773251771e-17
1.173380761718750000e+04 1.410829194254195357e-15 1.426489179087702265e-17
1.174075781250000000e+04 1.355994928226912123e-15 1.109185756680627295e-17
1.174770703125000000e+04 1.390973047904660049e-15 1.384563447022390802e-17
1.175465722656250000e+04 1.339983887941437711e-15 1.364049946857504502e-17
1.176160644531250000e+04 1.214771030755333950e-15 1.037211530811469527e-17
1.176855664062500000e+04 1.129910187901714616e-15 1.003135163732857510e-17
1.177550683593750000e+04 1.169119131271879365e-15 1.254959961466969873e-17
1.178245605468750000e+04 1.134323017798672707e-15 1.234811578824464480e-17
1.178940625000000000e+04 1.050770205573850827e-15 9.597222436442369583e-18
1.179635644531250000e+04 1.065560141986739758e-15 9.714218862281869817e-18
1.180330566406250000e+04 9.767004565891328725e-16 9.973330707622268077e-18
1.181025585937500000e+04 8.824655530478094003e-16 9.505699864747052389e-18
1.181720605468750000e+04 9.086187011459107878e-16 9.105423030429579532e-18
1.182415527343750000e+04 8.744065110107175631e-16 8.808786136600713171e-18
1.183110546875000000e+04 8.366617170294410755e-16 8.604930783359469713e-18
1.183805468750000000e+04 7.528829058263799071e-16 8.080850653941797757e-18
1.184500488281250000e+04 7.328049956633415820e-16 7.876890248762760064e-18
1.185195507812500000e+04 7.393989883390387000e-16 7.919336194715306126e-18
1.185890429687500000e+04 6.988403509069834266e-16 7.772912818584231932e-18
1.186585449218750000e+04 6.682118512925047400e-16 7.649772922335300361e-18
1.187280468750000000e+04 6.380594900735013768e-16 7.472436979532506970e-18
1.187975390625000000e+04 6.198389114055549189e-16 7.716116116184503393e-18
1.188670410156250000e+04 5.684831979344082825e-16 5.820245862763484489e-18
1.189365332031250000e+04 5.847555478841106463e-16 6.983233266281908320e-18
1.190060351562500000e+04 5.640785736691267174e-16 5.788504047527680881e-18
1.190755371093750000e+04 5.423150679410523346e-16 5.614732012394072210e-18
1.191450292968750000e+04 5.093871915121334429e-16 5.695871813040623801e-18
1.192145312500000000e+04 5.144972354038002300e-16 5.453009930833829769e-18
1.192840332031250000e+04 5.354209609042311774e-16 6.551655090404816343e-18
1.193535253906250000e+04 5.188380675002417057e-16 5.502067117832205905e-18
1.194230273437500000e+04 5.074752793315028768e-16 5.569226738945998775e-18
1.194925292968750000e+04 5.114613634417224108e-16 5.399056661789752263e-18
1.195620214843750000e+04 5.033466289883486034e-16 5.375047330920094358e-18
1.196315234375000000e+04 5.346871127345537329e-16 5.512156653353821460e-18
1.197010156250000000e+04 5.230965256425627007e-16 5.623153124620168308e-18
1.197705175781250000e+04 5.104048486587002813e-16 5.418967726314516192e-18
1.198400195312500000e+04 5.040861416908608110e-16 5.684192436381681326e-18
1.199095117187500000e+04 5.296481666708971036e-16 5.490914655223459709e-18
1.199790136718750000e+04 5.250825002665188146e-16 5.362196252923470520e-18
1.200485156250000000e+04 5.388298979400153125e-16 5.476156925914901143e-18
1.201180078125000000e+04 5.660252671401539131e-16 5.671773973845422722e-18
1.201875097656250000e+04 5.801694468098798473e-16 5.798997247188222314e-18
1.202570019531250000e+04 5.818268785294196995e-16 6.082814082293435575e-18
1.203265039062500000e+04 5.594135397121236582e-16 5.689241133250398731e-18
1.203960058593750000e+04 5.673144512858749582e-16 5.509281373544587136e-18
1.204654980468750000e+04 5.758053213073888784e-16 5.522613457067410559e-18
1.205350000000000000e+04 5.918139263731399344e-16 5.583189134095587606e-18
1.206045019531250000e+04 5.901049844624951801e-16 5.584292179442427068e-18
1.206739941406250000e+04 6.304837332723773214e-16 6.514736778895655888e-18
1.207434960937500000e+04 6.302737749805766617e-16 5.834186751217146941e-18
1.208129980468750000e+04 6.431917685800335894e-16 7.048584670576660272e-18
1.208824902343750000e+04 6.398342887957951530e-16 6.600730888966974922e-18
1.209519921875000000e+04 6.589331876904851171e-16 7.420505753495815340e-18
1.210214843750000000e+04 6.693070648933045503e-16 7.440134749431698687e-18
1.210909863281250000e+04 6.778505038971074405e-16 7.191357698664537954e-18
1.211604882812500000e+04 6.766160063160435011e-16 7.619797551297603745e-18
1.212299804687500000e+04 6.794959183367081223e-16 7.712982756024152524e-18
1.212994824218750000e+04 5.950142815456626981e-16 7.854079089010385220e-18
1.213689843750000000e+04 6.895390291736247512e-16 7.461719200335657391e-18
1.214384765625000000e+04 6.833421890710714933e-16 7.424892292284184046e-18
1.215079785156250000e+04 5.638384398285801232e-16 7.300888819475747114e-18
1.215774707031250000e+04 5.568137308992041935e-16 7.285172387837239588e-18
1.216469726562500000e+04 5.174778384660697061e-16 7.644982719408005778e-18
1.217164746093750000e+04 5.458774238194079049e-16 7.725614631158449810e-18
1.217859667968750000e+04 5.123263428995466617e-16 7.715095375308612957e-18
1.218554687500000000e+04 5.265507789410249408e-16 7.429748669660482871e-18
1.219249707031250000e+04 5.272266582933746691e-16 7.338608255408165176e-18
1.219944628906250000e+04 4.755520898571459921e-16 7.004433905381642419e-18
1.220639648437500000e+04 4.522861594388792941e-16 6.816315663294220313e-18
1.221334667968750000e+04 4.398430601552564103e-16 6.913490360115112345e-18
1.222029589843750000e+04 4.586293774226299358e-16 6.766937943808479879e-18
1.222724609375000000e+04 4.244586654320725702e-16 6.692523948722596956e-18
1.223419531250000000e+04 3.985425277405247766e-16 6.190577931725925191e-18
1.224114550781250000e+04 3.885575445396134741e-16 6.489973886487962175e-18
1.224809570312500000e+04 3.838426679876204197e-16 6.296910758698698069e-18
1.225504492187500000e+04 3.780940936026218986e-16 5.717034401832180461e-18
1.226199511718750000e+04 3.604037575596566326e-16 5.851731252009396658e-18
1.226894531250000000e+04 3.575999726251264917e-16 5.177509983197530925e-18
1.227589453125000000e+04 3.427461116944994623e-16 5.181441159058689189e-18
1.228284472656250000e+04 3.092330943177054592e-16 5.194952740774436619e-18
1.228979394531250000e+04 3.130430220446757004e-16 5.248223172222851602e-18
1.229674414062500000e+04 2.990130594739310883e-16 5.076576164082891658e-18
1.230369433593750000e+04 2.865106149444412000e-16 4.962361546643407256e-18
1.231064355468750000e+04 2.504236232596189883e-16 4.610017347281544694e-18
1.231759375000000000e+04 2.733183150189718875e-16 4.463257308641161418e-18
1.232454394531250000e+04 2.464849729944456952e-16 4.622086739599305921e-18
1.233149316406250000e+04 2.385768881104223353e-16 4.234596049600371489e-18
1.233844335937500000e+04 2.167104943490361568e-16 4.091517378276155462e-18
1.234539355468750000e+04 3.322279212532915776e-16 6.147729562405372081e-18
1.235234277343750000e+04 2.159206758303909243e-16 4.133258566346806345e-18
1.235929296875000000e+04 2.120675891277801163e-16 4.043667461381800470e-18
1.236624218750000000e+04 2.006055525204247249e-16 3.894968511385592897e-18
1.237319238281250000e+04 1.974502224430044477e-16 4.219897463705610464e-18
1.238014257812500000e+04 1.973142207154109291e-16 3.970638580231637593e-18
1.238709179687500000e+04 1.898277597157731981e-16 3.884794189851190657e-18
1.239404199218750000e+04 2.017024204824496413e-16 3.999418261693888808e-18
1.240099218750000000e+04 1.861409296988406482e-16 3.920224817028674491e-18
1.240794140625000000e+04 1.859231495871676871e-16 3.508355460016577228e-18
1.241489160156250000e+04 1.835307712020969200e-16 3.696928237850597224e-18
1.242184082031250000e+04 1.886644261371684208e-16 3.396411039768244610e-18
1.242879101562500000e+04 1.675337201951420047e-16 3.623903492603497111e-18
1.243574121093750000e+04 1.844839744353336266e-16 3.951041017159031261e-18
1.244269042968750000e+04 1.954453351615229213e-16 3.685563189824424900e-18
1.244964062500000000e+04 1.735595125819090973e-16 3.534249521911937206e-18
1.245659082031250000e+04 1.827961686437008272e-16 3.605832491351357392e-18
1.246354003906250000e+04 1.820778979393189814e-16 3.557385763645045390e-18
1.247049023437500000e+04 1.847918973814401664e-16 3.565843685408400098e-18
1.247744042968750000e+04 1.913279477095891699e-16 3.746079723438804405e-18
1.248438964843750000e+04 1.892897879151483106e-16 3.695330952087757327e-18
1.249133984375000000e+04 1.926397767517594667e-16 3.592979345403202171e-18
1.249828906250000000e+04 2.051281658282808540e-16 3.424831104459188397e-18
1.250523925781250000e+04 2.059090905009799163e-16 3.748508325717260094e-18
1.251218945312500000e+04 2.028222642131688306e-16 3.667957064076539982e-18
1.251913867187500000e+04 2.093603924190165673e-16 3.685615715793322017e-18
1.252608886718750000e+04 2.143025517335595920e-16 3.838971279047896859e-18
1.253303906250000000e+04 2.245358347020246122e-16 3.781487603149443031e-18
1.253998828125000000e+04 2.379867179044229016e-16 3.941920523725021578e-18
1.254693847656250000e+04 2.275622304830050239e-16 3.825795119070539682e-18
1.255388769531250000e+04 2.264220976662211339e-16 3.900965570826602348e-18
1.256083789062500000e+04 2.341456352468614631e-16 4.028147898729080565e-18
1.256778808593750000e+04 2.406322135569348951e-16 4.005698630494697671e-18
1.257473730468750000e+04 2.398423288638406583e-16 3.865524190301155324e-18
1.258168750000000000e+04 2.519163864802566842e-16 3.944326792126938335e-18
1.258863769531250000e+04 2.591818115853304454e-16 4.007423715662177010e-18
1.259558691406250000e+04 2.647902284873379815e-16 4.111081026943647120e-18
1.260253710937500000e+04 2.586337812684569130e-16 4.096117743252869126e-18
1.260948730468750000e+04 2.719935025499069584e-16 4.320732021146743367e-18
1.261643652343750000e+04 2.830641702309614604e-16 4.270342659771850580e-18
1.262338671875000000e+04 2.882762286532131873e-16 4.462813112652220442e-18
1.263033593750000000e+04 2.939162240022855479e-16 4.327106688537383274e-18
1.263728613281250000e+04 2.914853982623433161e-16 4.139567059288442010e-18
1.264423632812500000e+04 2.958975134752521614e-16 4.402536461415481315e-18
1.265118554687500000e+04 3.034896815397292689e-16 4.344832341883782104e-18
1.265813574218750000e+04 2.911904190384620060e-16 4.333014412472236998e-18
1.266508593750000000e+04 3.027408779445768658e-16 4.488524781222512477e-18
1.267203515625000000e+04 3.227382140985076255e-16 4.822324418431548712e-18
1.267898535156250000e+04 2.793873325558285511e-16 4.465106470900523711e-18
1.268593554687500000e+04 2.849082933060320807e-16 4.292850244239418463e-18
1.269288476562500000e+04 3.059902816187015737e-16 4.301988108466291760e-18
1.269983496093750000e+04 3.301370998323331423e-16 4.388864820251204874e-18
1.270678417968750000e+04 3.343010608614760794e-16 4.397606051374358994e-18
1.271373437500000000e+04 3.183684505329614951e-16 4.291122677530101465e-18
1.272068457031250000e+04 3.064957749997551792e-16 4.253964483643300632e-18
1.272763378906250000e+04 3.104824414451259505e-16 4.245245999986991720e-18
1.273458398437500000e+04 3.276309940392036846e-16 4.244271994815710530e-18
1.274153417968750000e+04 3.221830898807008384e-16 4.209696258801300250e-18
1.274848339843750000e+04 3.516071351139635117e-16 4.517745763541560733e-18
1.275543359375000000e+04 3.338797149097762684e-16 4.595433325901622263e-18
1.276238281250000000e+04 3.414158199810569819e-16 4.469339981275570107e-18
1.276933300781250000e+04 3.491827150606848906e-16 4.548298506646819363e-18
1.277628320312500000e+04 3.346784140394778702e-16 4.401599679371765011e-18
1.278323242187500000e+04 3.486030533571873305e-16 4.459639220641854475e-18
1.279018261718750000e+04 3.438023353099459731e-16 4.545596521175914898e-18
1.279713281250000000e+04 3.617631130911017762e-16 4.641227285383476704e-18
1.280408203125000000e+04 3.515242582340305988e-16 4.581412200928542167e-18
1.281103222656250000e+04 3.518532246549204877e-16 4.467667422076987885e-18
1.281798242187500000e+04 3.467837324656035001e-16 4.329682115374567126e-18
1.282493164062500000e+04 3.250078653504551249e-16 4.353193483515468108e-18
1.283188183593750000e+04 3.235978201910727318e-16 4.028343113353643080e-18
1.283883105468750000e+04 3.284340077429803630e-16 4.310236339944364275e-18
1.284578125000000000e+04 3.412455663586588675e-16 3.975893658663186977e-18
1.285273144531250000e+04 3.477818813846038880e-16 4.270803399373042616e-18
1.285968066406250000e+04 3.494660740513210557e-16 4.533248368991723301e-18
1.286663085937500000e+04 3.326035009560600548e-16 4.299391174933181529e-18
1.287358105468750000e+04 3.284239492267317182e-16 4.255432729230582256e-18
1.288053027343750000e+04 3.249591609559880027e-16 4.263355465137615155e-18
1.288748046875000000e+04 3.465756799979341626e-16 4.047864989400200809e-18
1.289442968750000000e+04 3.241741467023404781e-16 4.234389254447233232e-18
1.290137988281250000e+04 3.265345363587625945e-16 4.236178032521879154e-18
1.290833007812500000e+04 3.345408505948878515e-16 4.500734380654101442e-18
1.291527929687500000e+04 3.359648188583407372e-16 4.170110289816656281e-18
1.292222949218750000e+04 3.261658917382497620e-16 4.510171270672412659e-18
1.292917968750000000e+04 3.248034392425912199e-16 4.256809157769870494e-18
1.293612890625000000e+04 3.238873466403560924e-16 4.268122507007758254e-18
1.294307910156250000e+04 3.321689201145593953e-16 4.151448681607153700e-18
1.295002929687500000e+04 3.278078651065022232e-16 4.288875227805794888e-18
1.295697851562500000e+04 3.176882036669774869e-16 4.261725505740579414e-18
1.296392871093750000e+04 3.338464953363761388e-16 4.039103905942345417e-18
1.297087792968750000e+04 3.217081690950871929e-16 4.257993680407046430e-18
1.297782812500000000e+04 3.161200280442545566e-16 4.267630748133595479e-18
1.298477832031250000e+04 3.174897861990831670e-16 4.291048231274971692e-18
1.299172753906250000e+04 3.304287438639846386e-16 4.019690804146338410e-18
1.299867773437500000e+04 3.061999222731470131e-16 4.205457371752272259e-18
1.300562792968750000e+04 3.048861741719555932e-16 4.229915861694546458e-18
1.301257714843750000e+04 3.179339226310200391e-16 4.473643802002683510e-18
1.301952734375000000e+04 3.177158645866612601e-16 4.550562499983377000e-18
1.302647656250000000e+04 3.054143256843482512e-16 4.257764964967675517e-18
1.303342675781250000e+04 3.037671377695142557e-16 4.285170285842169877e-18
1.304037695312500000e+04 3.177176115921149721e-16 4.375994303510186040e-18
1.304732617187500000e+04 3.112208159471152851e-16 4.447793167089482565e-18
1.305427636718750000e+04 2.984340595149235706e-16 4.429967838479271095e-18
1.306122656250000000e+04 3.058732057835232684e-16 4.367888347097472645e-18
1.306817578125000000e+04 2.994533577878257143e-16 4.523440902058988329e-18
1.307512597656250000e+04 3.163110339738604013e-16 4.574786897812298692e-18
1.308207617187500000e+04 3.012357798066447791e-16 4.376671350841560693e-18
1.308902539062500000e+04 3.017918039969580239e-16 4.570493830433148478e-18
1.309597558593750000e+04 3.187519976393900830e-16 4.350578765599187988e-18
1.310292480468750000e+04 3.134867878996981487e-16 4.483760634484513315e-18
1.310987500000000000e+04 3.212932288300509925e-16 4.577254791169850650e-18
1.311682519531250000e+04 3.104799532858433910e-16 4.405260780762924712e-18
1.312377441406250000e+04 3.161150781954690393e-16 4.449521560979412117e-18
1.313072460937500000e+04 3.117714667721693854e-16 4.662274896069888494e-18
1.313767480468750000e+04 3.110660206760045617e-16 4.290212365265986858e-18
1.314462402343750000e+04 3.035032605366649395e-16 4.373860591120105505e-18
1.315157421875000000e+04 3.005879584206728496e-16 4.570080240126871965e-18
1.315852343750000000e+04 3.090430942397244789e-16 4.375371436508933610e-18
1.316547363281250000e+04 2.977891233349282260e-16 4.487690983165059026e-18
1.317242382812500000e+04 3.123609487638991751e-16 4.345872521504067537e-18
1.317937304687500000e+04 3.034720791362941405e-16 4.490206439407832783e-18
1.318632324218750000e+04 2.972222994745374889e-16 4.464594859691659663e-18
1.319327343750000000e+04 2.982133809623842237e-16 4.431488196445143560e-18
1.320022265625000000e+04 2.983347184320784022e-16 4.920582308264578934e-18
1.320717285156250000e+04 3.015203034675834190e-16 4.581614446588311382e-18
1.321412304687500000e+04 2.939778191794186965e-16 4.538917864910161753e-18
1.322107226562500000e+04 2.867465665598107260e-16 4.354040102872416132e-18
1.322802246093750000e+04 2.599668523087575716e-16 4.405639215893167722e-18
1.323497167968750000e+04 2.821107817092675420e-16 4.600708670258179197e-18
1.324192187500000000e+04 2.889747396671223665e-16 4.357423685168064292e-18
1.324887207031250000e+04 2.789588927031954853e-16 4.404234663213052681e-18
1.325582128906250000e+04 2.897278313665702446e-16 4.448318840368760014e-18
1.326277148437500000e+04 2.759728103965484580e-16 4.453168186709852139e-18
1.326972167968750000e+04 2.740227552635118467e-16 4.602975558726880769e-18
1.327667089843750000e+04 2.496754814089566276e-16 4.526448530766231137e-18
1.328362109375000000e+04 2.467324389639419593e-16 4.437538195445356405e-18
1.329057031250000000e+04 2.639864206901732522e-16 4.729808402820555332e-18
1.329752050781250000e+04 2.576831456038415711e-16 4.766730436642472275e-18
1.330447070312500000e+04 2.377595277861015372e-16 4.562714610362393530e-18
1.331141992187500000e+04 2.060028332254393258e-16 4.377734691518997610e-18
1.331837011718750000e+04 2.237797783872613440e-16 4.501688119900375083e-18
1.332532031250000000e+04 2.217164723021988726e-16 4.354710946349196637e-18
1.333226953125000000e+04 2.116059297017469209e-16 4.728625534544604502e-18
1.333921972656250000e+04 2.256461890167565931e-16 4.938738095529505339e-18
1.334616992187500000e+04 2.283558209452434982e-16 4.465156928917889446e-18
1.335311914062500000e+04 2.226691329049537444e-16 4.458291743424005592e-18
1.336006933593750000e+04 2.070812252813022578e-16 4.930130867665584809e-18
1.336701855468750000e+04 2.250162082622362072e-16 3.418017617753589108e-18
1.337396875000000000e+04 1.960069444753321241e-16 4.642896949449914991e-18
1.338091894531250000e+04 2.239880426131674951e-16 4.552684631844881793e-18
1.338786816406250000e+04 2.049715176725980118e-16 5.061408980371119343e-18
1.339481835937500000e+04 2.359850731709425831e-16 4.964170177052754451e-18
1.340176855468750000e+04 2.157256861989550242e-16 4.046720998613039972e-18
1.340871777343750000e+04 2.074448803483601705e-16 4.628588379213972718e-18
1.341566796875000000e+04 2.502261851735699313e-16 4.655880789934853590e-18
1.342261718750000000e+04 2.454888093089154346e-16 4.870529195808688953e-18
1.342956738281250000e+04 1.828060683412718618e-16 4.879184400148137558e-18
1.343651757812500000e+04 1.861583335789287639e-16 5.295051521060703604e-18
1.344346679687500000e+04 2.145712729360760187e-16 5.575650623583085588e-18
1.345041699218750000e+04 2.428811919110134693e-16 5.166899323890006962e-18
1.345736718750000000e+04 2.851828113902812791e-16 4.887476058608369108e-18
1.346431640625000000e+04 2.336139897235613811e-16 5.812161413046697473e-18
1.347126660156250000e+04 2.467725142102589284e-16 6.065750173437079167e-18
1.347821679687500000e+04 1.812109729526940058e-16 7.070227851304110241e-18
1.348516601562500000e+04 2.895792300238863182e-16 7.838810162083268882e-18
1.349211621093750000e+04 2.670144575974889691e-16 8.648084795916361167e-18
1.349906542968750000e+04 2.206150250683028627e-16 6.419751215565885444e-18
1.350601562500000000e+04 3.040628581472244133e-16 8.101408573705578154e-18
1.351296582031250000e+04 2.404481956491438983e-16 1.017263160441079457e-17
1.351991503906250000e+04 2.632458756662565784e-16 9.682681774247673084e-18
1.352686523437500000e+04 3.193540527764306787e-16 1.206957843339905124e-17
1.353381542968750000e+04 2.139709515695993342e-16 1.241468811112352502e-17
1.354076464843750000e+04 2.058536892522735647e-16 1.641311623762418785e-17
1.354771484375000000e+04 1.361035700705361270e-16 1.289297800337209902e-17
1.355466406250000000e+04 4.081030415557432680e-16 2.456820387000078218e-17
1.356161425781250000e+04 3.188254777475643936e-16 1.850179691515733591e-17
1.356856445312500000e+04 5.189895275791226153e-16 3.772007120712850270e-17
1.357551367187500000e+04 -5.609738405754150837e-17 2.524214596535591127e-17
1.358246386718750000e+04 1.682090833867894999e-16 2.294794564718906306e-17
1.358941406250000000e+04 5.086959067480555270e-16 4.486828812812595005e-17
1.359636328125000000e+04 2.907252149367088677e-19 4.673742183619772372e-17
1.360331347656250000e+04 9.686706901282805121e-16 5.863424111712323746e-17
1.361026367187500000e+04 6.742605135688476987e-16 4.153407858887985546e-17
1.361721289062500000e+04 3.747017531186480274e-16 3.562469036663367511e-17
1.362416308593750000e+04 7.696683459838815633e-16 5.364785410958822752e-17
1.363111230468750000e+04 5.469012748944015404e-16 4.288175763879820048e-17
1.363806250000000000e+04 1.271714223532823180e-16 2.905839831528973295e-17
1.364501269531250000e+04 3.926212115738455816e-16 3.643177379902411443e-17
1.365196191406250000e+04 5.050674293602549179e-16 3.461035848612929982e-17
1.365891210937500000e+04 3.115057631245275521e-16 3.413632443813231115e-17
1.366586230468750000e+04 2.637374724130192929e-16 4.035954498478111019e-17
1.367281152343750000e+04 3.233334532673007842e-17 2.701274922758281849e-17
1.367976171875000000e+04 1.580704828199597494e-16 4.862956440018827240e-17
1.368671191406250000e+04 3.755665208182354647e-16 4.152618397711364936e-17
1.369366113281250000e+04 6.199946331189517016e-17 3.643895041801862450e-17
1.370061132812500000e+04 8.444099509144497879e-16 6.210445569268530086e-17
1.370756054687500000e+04 6.980730449358894373e-16 4.958500763852377255e-17
1.371451074218750000e+04 2.812615782400859025e-16 2.674517780611784042e-17
1.372146093750000000e+04 4.677292111936604945e-16 2.305042505327825766e-17
1.372841015625000000e+04 4.137466103250618575e-16 2.454725634816848931e-17
1.373536035156250000e+04 4.870056693699186413e-16 1.803614386112673451e-17
1.374231054687500000e+04 4.446621746993209470e-16 2.159755013613909389e-17
1.374925976562500000e+04 6.352756104132317120e-16 2.274493898125629901e-17
1.375620996093750000e+04 3.391837558161438920e-16 1.364417711357845579e-17
1.376315917968750000e+04 4.116585152914023970e-16 1.740780754166410405e-17
1.377010937500000000e+04 7.718173215106249267e-16 1.992043978982660518e-17
1.377705957031250000e+04 4.778192264800313303e-16 2.043810430641331585e-17
1.378400878906250000e+04 5.260144482667353585e-16 2.141697495405754285e-17
1.379095898437500000e+04 1.180844925998075865e-15 4.162427436287263760e-17
1.379790917968750000e+04 2.162242047930835825e-16 2.119751401137987397e-17
1.380485839843750000e+04 4.661292718354155280e-16 2.585560626868238808e-17
1.381180859375000000e+04 2.553692104106204327e-16 5.708147752357339518e-17
1.381875878906250000e+04 9.245578495099869912e-16 8.446034847080075947e-17
1.382570800781250000e+04 8.780411823269449693e-16 7.771850222369346313e-17
1.383265820312500000e+04 4.327555913784448573e-16 7.235667117101043477e-17
1.383960742187500000e+04 6.566448752439184213e-16 4.799162285945267619e-17
1.384655761718750000e+04 4.687278100989141112e-16 3.277798468447938270e-17
1.385350781250000000e+04 5.522648463350933803e-16 2.502165766435745153e-17
1.386045703125000000e+04 8.623793843135353458e-16 2.896726617284354078e-17
1.386740722656250000e+04 9.494906878288909488e-16 4.143209052807451736e-17
1.387435742187500000e+04 6.473068134564725906e-16 2.340535501923496098e-17
1.388130664062500000e+04 7.895920961505196057e-16 2.342910337462135841e-17
1.388825683593750000e+04 8.980377773270468815e-16 2.307013345855294609e-17
1.389520605468750000e+04 5.390803020550473650e-16 1.774847525949916808e-17
1.390215625000000000e+04 7.474443719698560615e-16 2.219023331683946375e-17
1.390910644531250000e+04 5.228750794664149045e-16 2.460602422196793171e-17
1.391605566406250000e+04 4.003478990582585127e-16 2.257399549022731541e-17
1.392300585937500000e+04 7.759708005070455918e-16 2.883346805440186345e-17
1.392995605468750000e+04 8.050280540043675513e-16 2.757346518633046404e-17
1.393690527343750000e+04 5.021167371489353593e-16 2.192735862689256177e-17
1.394385546875000000e+04 -4.631703127810541144e-18 1.222754594215891548e-17
1.395080566406250000e+04 -1.311955766240139926e-17 8.963485454760380407e-18
1.395775488281250000e+04 2.913674489244381547e-16 1.617588580102765483e-17
1.396470507812500000e+04 4.971618591052937193e-16 2.191936640781407442e-17
1.397165429687500000e+04 6.658930985993960928e-16 2.008062000672504877e-17
1.397860449218750000e+04 6.413023027725052623e-16 1.829365842070429288e-17
1.398555468750000000e+04 9.933006082894226506e-16 3.084225962837464010e-17
1.399250390625000000e+04 3.208215902971079574e-16 1.600596470523578678e-17
1.399945410156250000e+04 -1.318213801164409856e-17 9.364645717972059898e-18
1.400640429687500000e+04 2.942894214248898722e-16 1.602504279888370981e-17
1.401335351562500000e+04 5.387499592056181879e-16 1.855160642292282903e-17
1.402030371093750000e+04 6.584791780307568121e-16 2.042563373149846641e-17
1.402725292968750000e+04 4.949314095969363329e-16 1.843389365867285787e-17
1.403420312500000000e+04 3.480815722292543001e-16 1.475787489234637608e-17
1.404115332031250000e+04 3.691386260095389947e-16 1.531243662733662711e-17
1.404810253906250000e+04 4.012080345464156530e-16 1.664452663143079777e-17
1.405505273437500000e+04 5.250816002940123569e-16 1.965844522005145962e-17
1.406200292968750000e+04 2.715968264327959288e-16 1.721120821675617576e-17
1.406895214843750000e+04 4.264391872814307346e-16 1.589301650131412106e-17
1.407590234375000000e+04 6.974131003908599306e-16 2.386103558380062308e-17
1.408285253906250000e+04 3.022735275159293055e-16 1.602438105439366739e-17
1.408980175781250000e+04 3.035021488059216682e-16 1.701173857512268845e-17
1.409675195312500000e+04 5.733741249905322229e-16 2.079268189342907159e-17
1.410370117187500000e+04 5.274342872445703795e-16 1.548587324073184552e-17
1.411065136718750000e+04 4.292329401694918323e-16 1.226882804498959944e-17
1.411760156250000000e+04 5.111170974882227411e-16 1.383047473113764868e-17
1.412455078125000000e+04 5.667522331671349164e-16 1.532316350552021477e-17
1.413150097656250000e+04 4.226911458991692606e-16 1.358924239473758411e-17
1.413845117187500000e+04 1.695243535003080173e-16 9.096069272062829895e-18
1.414540039062500000e+04 4.613931400504023110e-16 1.161264220866353364e-17
1.415235058593750000e+04 6.946718900153082011e-16 1.579288628816457706e-17
1.415929980468750000e+04 5.908105629075580123e-16 1.218646649857830702e-17
1.416625000000000000e+04 4.775292765142743426e-16 1.300341240541221609e-17
1.417320019531250000e+04 4.719268417824567900e-16 1.358500392127886240e-17
1.418014941406250000e+04 4.427454979583620755e-16 1.483782851599452663e-17
1.418709960937500000e+04 3.703146518474627856e-16 1.218497343757264881e-17
1.419404980468750000e+04 3.584477731959892412e-16 1.187404203557825358e-17
1.420099902343750000e+04 4.129950803426104796e-16 1.181769366507052878e-17
1.420794921875000000e+04 7.010123551419802663e-16 1.323242314826180967e-17
1.421489941406250000e+04 8.589974993925041449e-16 1.703968239057595483e-17
1.422184863281250000e+04 4.610184338503606899e-16 1.355044100656394669e-17
1.422879882812500000e+04 4.940982997537525252e-16 1.473041911345451599e-17
1.423574804687500000e+04 4.066289395297247684e-16 1.053328069712268953e-17
1.424269824218750000e+04 4.618297325951526994e-16 1.086724246173178615e-17
1.424964843750000000e+04 3.814168450360229086e-16 9.123921270468102890e-18
1.425659765625000000e+04 6.084209072765669503e-16 1.290624184449438682e-17
1.426354785156250000e+04 6.795080414957656995e-16 1.532613308391928014e-17
1.427049804687500000e+04 4.482133603306846011e-16 1.153992724255583464e-17
1.427744726562500000e+04 3.647638067160889402e-16 9.632542221417771312e-18
1.428439746093750000e+04 4.307264180741787740e-16 9.154119980271188824e-18
1.429134667968750000e+04 5.849566652695243393e-16 1.050071625076770193e-17
1.429829687500000000e+04 6.264365569108370710e-16 1.323996372672584307e-17
1.430524707031250000e+04 3.596850501039113588e-16 9.543487129489699799e-18
1.431219628906250000e+04 3.939180984254307205e-16 9.529258795773175170e-18
1.431914648437500000e+04 3.963094841937664240e-16 8.885141524584258050e-18
1.432609667968750000e+04 4.573714805563980964e-16 8.538600824400067530e-18
1.433304589843750000e+04 3.667012622340351437e-16 9.727599335870527593e-18
1.433999609375000000e+04 3.886047401566432996e-16 7.443572512057469070e-18
1.434694628906250000e+04 4.351233131638166437e-16 9.390136942909106552e-18
1.435389550781250000e+04 4.069688114998105564e-16 7.726146508292321407e-18
1.436084570312500000e+04 4.378606854213261271e-16 9.590695154228713642e-18
1.436779492187500000e+04 3.409206498140480383e-16 8.532912303327540359e-18
1.437474511718750000e+04 3.342447596402632701e-16 7.244211231084226211e-18
1.438169531250000000e+04 3.575255660746661217e-16 8.313011300563993269e-18
1.438864453125000000e+04 3.925872773163962062e-16 8.387593213314224457e-18
1.439559472656250000e+04 3.514461723842055929e-16 6.780110795063386844e-18
1.440254492187500000e+04 3.513972562315016571e-16 8.511290629296016768e-18
1.440949414062500000e+04 3.632933045800962714e-16 7.303597835981858279e-18
1.441644433593750000e+04 2.854074339399812789e-16 7.258126063348593242e-18
1.442339355468750000e+04 3.268440210218656345e-16 5.973870673307445341e-18
1.443034375000000000e+04 3.919560789520141423e-16 6.627603919117291408e-18
1.443729394531250000e+04 3.832503801992528502e-16 7.052033186550393844e-18
1.444424316406250000e+04 3.211017199746327155e-16 6.450314712019107263e-18
1.445119335937500000e+04 2.124687121678642309e-16 5.281582952736808931e-18
1.445814355468750000e+04 2.994773394081448516e-16 6.166803933740538622e-18
1.446509277343750000e+04 3.323108246030040923e-16 6.427726477441815460e-18
1.447204296875000000e+04 3.639765160613956697e-16 5.919862396752633059e-18
1.447899316406250000e+04 4.094826994081429130e-16 6.239725695001375883e-18
1.448594238281250000e+04 3.651499213911388927e-16 5.832561341313480241e-18
1.449289257812500000e+04 3.047048561816839696e-16 6.021034443883687597e-18
1.449984179687500000e+04 2.205495123637886629e-16 5.828437018779290845e-18
1.450679199218750000e+04 2.693452805100959900e-16 5.277783298593046599e-18
1.451374218750000000e+04 3.282331021158034837e-16 5.722555005240359367e-18
1.452069140625000000e+04 3.359109263870716823e-16 5.378628195791836415e-18
1.452764160156250000e+04 3.612842747781070795e-16 5.158399629505718326e-18
1.453459179687500000e+04 3.979297788125250954e-16 5.343585516321639950e-18
1.454154101562500000e+04 3.297316357483943495e-16 5.792060096981046347e-18
1.454849121093750000e+04 3.221465615848504967e-16 5.569203991479153567e-18
1.455544140625000000e+04 3.378799603520827102e-16 5.867056013627860325e-18
1.456239062500000000e+04 3.702744971918070114e-16 5.129897467138978652e-18
1.456934082031250000e+04 3.532240680707127677e-16 5.077002162098356468e-18
1.457629003906250000e+04 3.751286577240641948e-16 4.896936109683831809e-18
1.458324023437500000e+04 4.298672884376464982e-16 5.289908525602155155e-18
1.459019042968750000e+04 4.085712654871176842e-16 5.304643093853562237e-18
1.459713964843750000e+04 3.827451250462156600e-16 5.635845383939181965e-18
1.460408984375000000e+04 3.981039234925246592e-16 6.284703227218640486e-18
1.461104003906250000e+04 4.234430729283146641e-16 5.613336145110388976e-18
1.461798925781250000e+04 4.276365742314930949e-16 5.479193092353277031e-18
1.462493945312500000e+04 3.670137909217923789e-16 5.215591310647940936e-18
1.463188867187500000e+04 4.373629741554754206e-16 5.591267379957780474e-18
1.463883886718750000e+04 5.234513795079030491e-16 6.248697709515432298e-18
1.464578906250000000e+04 4.547130676514404748e-16 5.774238077093285089e-18
1.465273828125000000e+04 4.378220924826668531e-16 6.103638767804764323e-18
1.465968847656250000e+04 3.975971066224909690e-16 5.839657310198266389e-18
1.466663867187500000e+04 4.025322117407701414e-16 7.105783382754089582e-18
1.467358789062500000e+04 4.948270657257464438e-16 6.201633200612696406e-18
1.468053808593750000e+04 4.863597008685188305e-16 6.806523912793123847e-18
1.468748828125000000e+04 4.605160903730796864e-16 6.517845323637630166e-18
1.469443750000000000e+04 4.624719953274082727e-16 6.673954157561087761e-18
1.470138769531250000e+04 3.963166839738180855e-16 6.518522784559311096e-18
1.470833691406250000e+04 4.339744982593233972e-16 7.841620094624111517e-18
1.471528710937500000e+04 5.276091466086191891e-16 6.727134426322734463e-18
1.472223730468750000e+04 4.129146651521805244e-16 5.941405075035657835e-18
1.472918652343750000e+04 4.182839805350459326e-16 6.544483434493981593e-18
1.473613671875000000e+04 4.607491303126930258e-16 5.399411935862843788e-18
1.474308691406250000e+04 5.217566253991248043e-16 5.906016634069414205e-18
1.475003613281250000e+04 4.240796711277354742e-16 6.202940145980530189e-18
1.475698632812500000e+04 4.397297959683407493e-16 5.672969663420868123e-18
1.476393554687500000e+04 4.447905001908299735e-16 6.104610291434207854e-18
1.477088574218750000e+04 3.945102538649002816e-16 6.247339065359313950e-18
1.477783593750000000e+04 4.296238458746496919e-16 6.985431912350074268e-18
1.478478515625000000e+04 4.431254187049852309e-16 5.642243625977279634e-18
1.479173535156250000e+04 4.182048094242572572e-16 5.495619658547661331e-18
1.479868554687500000e+04 4.160973914514885580e-16 5.509041904757253034e-18
1.480563476562500000e+04 3.642881977162056506e-16 7.223294314934597800e-18
1.481258496093750000e+04 4.182174355091272666e-16 5.174587967683687354e-18
1.481953515625000000e+04 4.427593416530937629e-16 5.377618621854215444e-18
1.482648437500000000e+04 4.402406362448738975e-16 6.182754457492398655e-18
1.483343457031250000e+04 4.692868518441019494e-16 5.710613412327237583e-18
1.484038378906250000e+04 4.275039076961293901e-16 5.125793410529796805e-18
1.484733398437500000e+04 4.383940250105207177e-16 5.259598146416374562e-18
1.485428417968750000e+04 4.446525396995459293e-16 5.334779765110706694e-18
1.486123339843750000e+04 3.862047517099370447e-16 5.951252660228101629e-18
1.486818359375000000e+04 4.069196306493106036e-16 5.086716571212179225e-18
1.487513378906250000e+04 4.500054173492786837e-16 5.901364570304415977e-18
1.488208300781250000e+04 4.443916535517916048e-16 4.967761381682153421e-18
1.488903320312500000e+04 3.922310999620757729e-16 5.409247113346099287e-18
1.489598242187500000e+04 4.067095400086119354e-16 5.579895714486707726e-18
1.490293261718750000e+04 5.774096546490477266e-16 6.096342621211740343e-18
1.490988281250000000e+04 4.707578833756866522e-16 5.508958773105691455e-18
1.491683203125000000e+04 4.178552495148372481e-16 4.721465872752651771e-18
1.492378222656250000e+04 4.437584699539394136e-16 4.833048401482992440e-18
1.493073242187500000e+04 4.595832424003566848e-16 4.833065358685549777e-18
1.493768164062500000e+04 4.336951891449662916e-16 5.573630648527231094e-18
1.494463183593750000e+04 4.293909912234935644e-16 5.547186097934217076e-18
1.495158203125000000e+04 4.526522364907707621e-16 4.692992661707351453e-18
1.495853125000000000e+04 4.585586501715342017e-16 4.676581398354299384e-18
1.496548144531250000e+04 4.556881084528485813e-16 5.497874552897480884e-18
1.497243066406250000e+04 4.704199701692913897e-16 5.552320407996333719e-18
1.497938085937500000e+04 4.664778258932106726e-16 5.554454533976720530e-18
1.498633105468750000e+04 5.045286105266827761e-16 4.757732365939120440e-18
1.499328027343750000e+04 5.217140090539660723e-16 4.823933284722964351e-18
1.500023046875000000e+04 5.197934677251853531e-16 5.700084230310050094e-18
1.500718066406250000e+04 5.618654353966288408e-16 5.005332752284924491e-18
1.501412988281250000e+04 5.988754282961622228e-16 6.214362683059274949e-18
1.502108007812500000e+04 5.963570934648567811e-16 5.403876229628792478e-18
1.502802929687500000e+04 6.032508299247635146e-16 5.832321045345533587e-18
1.503497949218750000e+04 5.749820582222169019e-16 5.279167171757847814e-18
1.504192968750000000e+04 6.450816049644763402e-16 7.147718958268690426e-18
1.504887890625000000e+04 6.071339995318916511e-16 6.128751144021261690e-18
1.505582910156250000e+04 6.166326270024013751e-16 5.403791857206312069e-18
1.506277929687500000e+04 5.934218596048246135e-16 7.205189812867649683e-18
1.506972851562500000e+04 6.182001673504138647e-16 6.500781828371580035e-18
1.507667871093750000e+04 6.208087641301610927e-16 6.216685406219323850e-18
1.508362890625000000e+04 6.402897807631811530e-16 5.315100724747763889e-18
1.509057812500000000e+04 6.757094163646853828e-16 5.529477401790375583e-18
1.509752832031250000e+04 7.098135039199852774e-16 5.581170399810651941e-18
1.510447753906250000e+04 7.171067222936408202e-16 6.618776661210431774e-18
1.511142773437500000e+04 7.313107766048257928e-16 6.698054891888432775e-18
1.511837792968750000e+04 7.535520618547108043e-16 5.728294397920558550e-18
1.512532714843750000e+04 7.411311707161737442e-16 5.680806372544195507e-18
1.513227734375000000e+04 7.045568703888842928e-16 6.594570047764679972e-18
1.513922753906250000e+04 7.640818989989434356e-16 5.782333280158035295e-18
1.514617675781250000e+04 7.857728245913499655e-16 5.851601384653225832e-18
1.515312695312500000e+04 8.102992459142494691e-16 6.999692506110488465e-18
1.516007617187500000e+04 7.995908436368237907e-16 5.905397489380918264e-18
1.516702636718750000e+04 8.037116589252159618e-16 6.021572524872153341e-18
1.517397656250000000e+04 7.721859396613581575e-16 6.919815810259305347e-18
1.518092578125000000e+04 7.981852454004144826e-16 5.874831924976165061e-18
1.518787597656250000e+04 8.083524995036630700e-16 5.980773081928894081e-18
1.519482617187500000e+04 8.252132726539111555e-16 6.001298741648784910e-18
1.520177539062500000e+04 8.327747887136094981e-16 6.044522650967437094e-18
1.520872558593750000e+04 8.244647602263343710e-16 5.961292151322657726e-18
1.521567578125000000e+04 8.271501193669265201e-16 6.035334328723198063e-18
1.522262500000000000e+04 8.509442807069246811e-16 6.200716270903681375e-18
1.522957519531250000e+04 8.106234477748110526e-16 6.086257221593187553e-18
1.523652441406250000e+04 8.100267660030296014e-16 5.883965239709669317e-18
1.524347460937500000e+04 8.022932493154794325e-16 5.859393839613781629e-18
1.525042480468750000e+04 8.107021688993464991e-16 5.950656676596757173e-18
1.525737402343750000e+04 8.238830603498074803e-16 5.985921867651730402e-18
1.526432421875000000e+04 7.952221653322413299e-16 5.959459532675546493e-18
1.527127441406250000e+04 8.154185012892176468e-16 5.992816418057359887e-18
1.527822363281250000e+04 8.342267620038809790e-16 5.995065935733197846e-18
1.528517382812500000e+04 8.355282810668964149e-16 6.021577074365522383e-18
1.529212304687500000e+04 8.382760030082301618e-16 6.050167745057805232e-18
1.529907324218750000e+04 7.958607752349118689e-16 5.922898563191008947e-18
1.530602343750000000e+04 7.897111042796088349e-16 5.811148116796320014e-18
1.531297265625000000e+04 7.883435166467075636e-16 5.923595876447391149e-18
1.531992285156250000e+04 8.018481864412565011e-16 5.894818676526977593e-18
1.532687304687500000e+04 8.307578973870786022e-16 6.132720783780903670e-18
1.533382226562500000e+04 8.193970150424710955e-16 6.061937697993822262e-18
1.534077246093750000e+04 8.026703377956852063e-16 5.991819665419233489e-18
1.534772265625000000e+04 7.882718894231053718e-16 6.024296017038984185e-18
1.535467187500000000e+04 7.770832724041457085e-16 5.914483241229200720e-18
1.536162207031250000e+04 7.876929953432162609e-16 5.950685627918196529e-18
1.536857128906250000e+04 7.653161318822113580e-16 5.871101340413550907e-18
1.537552148437500000e+04 7.545406022437157762e-16 5.867505172700476619e-18
1.538247167968750000e+04 7.741600558240527112e-16 5.894464643224804897e-18
1.538942089843750000e+04 7.408434442119032990e-16 5.800316186674938116e-18
1.539637109375000000e+04 7.080702042354175205e-16 5.627163709820131663e-18
1.540332128906250000e+04 7.189746417005733661e-16 5.636028604444862460e-18
1.541027050781250000e+04 7.292098172582799076e-16 5.643167173131195089e-18
1.541722070312500000e+04 7.259241764558804766e-16 5.647509871347098484e-18
1.542416992187500000e+04 6.911374332846528194e-16 5.810629060961942989e-18
1.543112011718750000e+04 6.927320786869774465e-16 5.561993044489222548e-18
1.543807031250000000e+04 6.804447540563105488e-16 5.685440238335717569e-18
1.544501953125000000e+04 6.717853774178522263e-16 5.627623622240711146e-18
1.545196972656250000e+04 6.633431588512462250e-16 5.497156146535478580e-18
1.545891992187500000e+04 6.519857175779869389e-16 5.460646462248919321e-18
1.546586914062500000e+04 6.609771311317689472e-16 6.418545599823089406e-18
1.547281933593750000e+04 6.182768238321403789e-16 5.520528134743164377e-18
1.547976953125000000e+04 5.988739989280637312e-16 5.254797603731423066e-18
1.548671875000000000e+04 6.100783919356660059e-16 5.272172532498099412e-18
1.549366894531250000e+04 6.132840410641091089e-16 6.476615746775843331e-18
1.550061816406250000e+04 6.038472469987489488e-16 6.160863949761795331e-18
1.550756835937500000e+04 5.463323863912018710e-16 5.467321809792222254e-18
1.551451855468750000e+04 5.599211771453250011e-16 5.060000705378247813e-18
1.552146777343750000e+04 5.788234055775743573e-16 5.161262501605764355e-18
1.552841796875000000e+04 5.584220347078032963e-16 5.084764838556860356e-18
1.553536816406250000e+04 5.355755973566642906e-16 6.200401115090298671e-18
1.554231738281250000e+04 5.609855799226684363e-16 5.121827493082911314e-18
1.554926757812500000e+04 5.535612832004252904e-16 5.076089368292404202e-18
1.555621777343750000e+04 5.397996447855030796e-16 4.989432272960123916e-18
1.556316699218750000e+04 5.322886860048439781e-16 4.927022322923610531e-18
1.557011718750000000e+04 5.225563833200104740e-16 4.851347290993890518e-18
1.557706640625000000e+04 5.065803890227287085e-16 4.805014423342957779e-18
1.558401660156250000e+04 5.370760632831660802e-16 5.965128201413372392e-18
1.559096679687500000e+04 5.368383117227836388e-16 4.949701960958589444e-18
1.559791601562500000e+04 5.484397514244113668e-16 5.969068889851575016e-18
1.560486621093750000e+04 5.487861878998383756e-16 5.082928911187298911e-18
1.561181640625000000e+04 5.551567226961379685e-16 5.138371518924278144e-18
1.561876562500000000e+04 5.511736032012338245e-16 5.097921559789822537e-18
1.562571582031250000e+04 5.593749997130235876e-16 5.081738598285835104e-18
1.563266503906250000e+04 5.514051608331894689e-16 5.083778839266697147e-18
1.563961523437500000e+04 5.595603411097946692e-16 5.106608610582854434e-18
1.564656542968750000e+04 5.653806750672933906e-16 5.194720716612615495e-18
1.565351464843750000e+04 5.587959997540160699e-16 5.148619873123503880e-18
1.566046484375000000e+04 5.593578472958416880e-16 5.264887139253038621e-18
1.566741503906250000e+04 5.735558664972774737e-16 5.285103019833528340e-18
1.567436425781250000e+04 5.917206468698235546e-16 5.298126978578175761e-18
1.568131445312500000e+04 5.904100751421843384e-16 5.350470554150225076e-18
1.568826464843750000e+04 6.032884170117979242e-16 5.465477610616535279e-18
1.569521386718750000e+04 5.949894528923963064e-16 5.426107535771767650e-18
1.570216406250000000e+04 6.048890975238717382e-16 5.511011008205435517e-18
1.570911328125000000e+04 6.000501041753263272e-16 5.531989549310699128e-18
1.571606347656250000e+04 6.096505873577433808e-16 5.533175726309100170e-18
1.572301367187500000e+04 6.084212249139221707e-16 5.521573691037431404e-18
1.572996289062500000e+04 6.169324766657293974e-16 5.599572273307812872e-18
1.573691308593750000e+04 6.245512203889266086e-16 5.798050952567461650e-18
1.574386328125000000e+04 6.451377738367911410e-16 5.656260615047296964e-18
1.575081250000000000e+04 6.548246014402689299e-16 5.702216701929211799e-18
1.575776269531250000e+04 6.272515614247733181e-16 5.641872221882243324e-18
1.576471191406250000e+04 6.284452426056914408e-16 5.592680618034327322e-18
1.577166210937500000e+04 6.191118394994555088e-16 5.575864449771430545e-18
1.577861230468750000e+04 6.048599278267506683e-16 5.450508950251775690e-18
1.578556152343750000e+04 6.058361332984612494e-16 5.521918625352866016e-18
1.579251171875000000e+04 6.073901211193176702e-16 5.560804385948983847e-18
1.579946191406250000e+04 6.265849994348433871e-16 5.708107055071201909e-18
1.580641113281250000e+04 6.204867857310860518e-16 5.508040602625757594e-18
1.581336132812500000e+04 6.329988917301305595e-16 5.657206082487445075e-18
1.582031152343750000e+04 6.143391794185919502e-16 5.563051835673290423e-18
1.582726074218750000e+04 6.241999664136120909e-16 5.620481744831928305e-18
1.583421093750000000e+04 6.450154834550313014e-16 5.512375442625841736e-18
1.584116015625000000e+04 6.139818903335282456e-16 5.411983013222118426e-18
1.584811035156250000e+04 6.126423077274455696e-16 5.502176719263369181e-18
1.585506054687500000e+04 6.412346989554025285e-16 6.389900748800684334e-18
1.586200976562500000e+04 6.262010288119411721e-16 5.433329236109661858e-18
1.586895996093750000e+04 6.296723286484669051e-16 5.429263643398963727e-18
1.587591015625000000e+04 6.281663040682487591e-16 5.482729703062247500e-18
1.588285937500000000e+04 6.394609590242928202e-16 5.562675054904272519e-18
1.588980957031250000e+04 6.250468405421887811e-16 5.414849607634920943e-18
1.589675878906250000e+04 6.121960801829201635e-16 5.412181950159437429e-18
1.590370898437500000e+04 5.985490029741140968e-16 5.168845266281037960e-18
1.591065917968750000e+04 6.033036636048485016e-16 5.314605243560844626e-18
1.591760839843750000e+04 6.012301798895291777e-16 5.243158345332189413e-18
1.592455859375000000e+04 6.032857700338377545e-16 5.189798164787312427e-18
1.593150878906250000e+04 6.098943210883158057e-16 5.310384140894986525e-18
1.593845800781250000e+04 6.169869514721496896e-16 5.384593822369568850e-18
1.594540820312500000e+04 6.414434925769007135e-16 5.503087031527483788e-18
1.595235839843750000e+04 6.495561094479063852e-16 5.551572223132279505e-18
1.595930761718750000e+04 6.375890162108608164e-16 5.545743494945924596e-18
1.596625781250000000e+04 6.280185497585120871e-16 5.612447753132507024e-18
1.597320703125000000e+04 6.225016124148080154e-16 5.380299100629193530e-18
1.598015722656250000e+04 6.222706900575628117e-16 5.581351552364801055e-18
1.598710742187500000e+04 6.206250638597253164e-16 5.410592109022110510e-18
1.599405664062500000e+04 6.305824655502916508e-16 5.541327177655503981e-18
1.600100683593750000e+04 6.436069735428658067e-16 5.575163414202291854e-18
1.600795703125000000e+04 6.390932408460660470e-16 5.752620125374517988e-18
1.601490625000000000e+04 6.349556966569656034e-16 5.545757143426031721e-18
1.602185644531250000e+04 6.053149962776630411e-16 6.944378938549067504e-18
1.602880566406250000e+04 6.468067993197965364e-16 5.665226012116452955e-18
1.603575585937500000e+04 6.392339541944286677e-16 5.461737099886570488e-18
1.604270605468750000e+04 6.569158199079213906e-16 5.658935717148293456e-18
1.604965527343750000e+04 6.529295769790242464e-16 5.599949054076830776e-18
1.605660546875000000e+04 6.628208571601455421e-16 5.621780418393636559e-18
1.606355566406250000e+04 6.633684110209862438e-16 5.720646699567199532e-18
1.607050488281250000e+04 6.643406460257565704e-16 5.652156558438115117e-18
1.607745507812500000e+04 6.527779051419065233e-16 5.597645356070870594e-18
1.608440527343750000e+04 6.569064496059423899e-16 5.680054878957691082e-18
1.609135449218750000e+04 6.793191002089687871e-16 5.711604788291382387e-18
1.609830468750000000e+04 6.618272875130162478e-16 5.668780407208593315e-18
1.610525390625000000e+04 6.552294302494972821e-16 5.632040353121438037e-18
1.611220410156250000e+04 6.493738385455691004e-16 5.590043566241508269e-18
1.611915429687500000e+04 6.466036702311331145e-16 5.509157710043010458e-18
1.612610351562500000e+04 6.390349543913831105e-16 5.624777707343222454e-18
1.613305371093750000e+04 6.421854934386954806e-16 5.617709449008956833e-18
1.614000390625000000e+04 6.468567213241253368e-16 5.468335106042599713e-18
1.614695312500000000e+04 6.636025626913428545e-16 5.635569932795201807e-18
1.615390332031250000e+04 6.461486017802207417e-16 5.453546771051376684e-18
1.616085253906250000e+04 6.282080204409010334e-16 5.263645127563290250e-18
1.616780273437500000e+04 6.363113199494869077e-16 5.345878874569943219e-18
1.617475292968750000e+04 6.425891046380621547e-16 5.386474831082514435e-18
1.618170214843750000e+04 6.297516850477127923e-16 5.407720965115938951e-18
1.618865234375000000e+04 6.329166236551284856e-16 5.352414842180030968e-18
1.619560253906250000e+04 6.393458154830254387e-16 5.388899711048213636e-18
1.620255175781250000e+04 6.396633469591273945e-16 5.409366640944613199e-18
1.620950195312500000e+04 6.284924117529416647e-16 5.391161222842933613e-18
1.621645214843750000e+04 6.339375630543659344e-16 5.583454245481910851e-18
1.622340136718750000e+04 6.382570075688892390e-16 5.527995507722986834e-18
1.623035156250000000e+04 6.233271519010257378e-16 5.371660439901995986e-18
1.623730078125000000e+04 6.378211561779676981e-16 5.481150615272883771e-18
1.624425097656250000e+04 6.704524651962291779e-16 7.033095713606604828e-18
1.625120117187500000e+04 6.338062729475415179e-16 6.367028791273286842e-18
1.625815039062500000e+04 6.596688358051754769e-16 5.556735484515835504e-18
1.626510058593750000e+04 6.573612533590587458e-16 5.441594424790291711e-18
1.627205078125000000e+04 6.515963471200459777e-16 5.454240361995002398e-18
1.627900000000000000e+04 6.517476483802492771e-16 6.014028224095363453e-18
1.628595019531250000e+04 6.633967336851600595e-16 5.497034964575739561e-18
1.629289941406250000e+04 6.622639859368850430e-16 5.531688869158036102e-18
1.629984960937500000e+04 6.441121228167845901e-16 5.994019138668011990e-18
1.630679980468750000e+04 6.612795218939387324e-16 6.109312813216571816e-18
1.631374902343750000e+04 6.721973530675730366e-16 5.662523613055242213e-18
1.632069921875000000e+04 6.801848737601810888e-16 5.595967006608000501e-18
1.632764941406250000e+04 7.005781448773940306e-16 5.795926339164119199e-18
1.633459863281250000e+04 6.976541342039129824e-16 5.664266069015585166e-18
1.634154882812500000e+04 6.970788929536089057e-16 5.670242035350974515e-18
1.634849902343750000e+04 7.063102815292598979e-16 6.186003209348200671e-18
1.635544824218750000e+04 7.093960754956665175e-16 5.772930304544838753e-18
1.636239843750000000e+04 7.123276035865544475e-16 5.921926212380952863e-18
1.636934765625000000e+04 7.264458958118299222e-16 5.952463652644879262e-18
1.637629785156250000e+04 7.314294141570005982e-16 5.916287322145178873e-18
1.638324804687500000e+04 7.319970850503385897e-16 5.979430567794720517e-18
1.639019726562500000e+04 7.263849094396276126e-16 5.956275300907523613e-18
1.639714648437500000e+04 7.556284572457863148e-16 6.034379762296311869e-18
1.640409765625000000e+04 7.744702287014253953e-16 7.110196391322059985e-18
1.641104687500000000e+04 7.568548550742921349e-16 6.454949404991241877e-18
1.641799609375000000e+04 7.325004343792444576e-16 6.144369141166875406e-18
1.642494726562500000e+04 7.305326180240951078e-16 6.036158614203607155e-18
1.643189648437500000e+04 7.440054182040036022e-16 7.798540528322349836e-18
1.643884570312500000e+04 7.251523706222541988e-16 7.658138199870049130e-18
1.644579687500000000e+04 7.277599615503765624e-16 5.883019772269521206e-18
1.645274609375000000e+04 7.348490979233030223e-16 5.939969916672878332e-18
1.645969531250000000e+04 7.418687246549954262e-16 5.996297607665289304e-18
