1.497391503906250000e+04 4.943055581280338118e-16 3.487931957102336698e-18
1.498408300781250000e+04 4.947080575966572146e-16 3.464331253455279989e-18
1.499425000000000000e+04 4.934108266379372536e-16 3.393540929837838742e-18
1.500441699218750000e+04 4.958877627339456414e-16 3.427169337255722668e-18
1.501458496093750000e+04 4.911074264169975907e-16 3.461928086980660306e-18
1.502475195312500000e+04 5.017003145762414639e-16 3.453628777099762641e-18
1.503491894531250000e+04 4.926765020122269786e-16 3.553465754722156592e-18
1.504508593750000000e+04 4.675503284231122270e-16 3.413257400123499572e-18
1.505525390625000000e+04 4.834864062927546335e-16 3.425871904464933244e-18
1.506542089843750000e+04 4.911852475690265795e-16 3.390143905857236596e-18
1.507558789062500000e+04 4.763315189872975586e-16 3.274845061429848313e-18
1.508575488281250000e+04 4.754652160404932229e-16 3.268515475382592545e-18
1.509592285156250000e+04 4.757513014184283628e-16 3.284586353913579043e-18
1.510608984375000000e+04 4.720524673564464434e-16 3.256335240862749213e-18
1.511625683593750000e+04 4.688484064147794422e-16 3.226691982840992636e-18
1.512642382812500000e+04 4.679403870953228323e-16 3.219100119178980948e-18
1.513659179687500000e+04 4.740622647820440846e-16 3.218233027101872237e-18
1.514675878906250000e+04 4.656306341272787620e-16 3.191066141038946287e-18
1.515692578125000000e+04 4.611671940117222264e-16 3.180370902513788778e-18
1.516709375000000000e+04 4.536217715780217156e-16 3.128410518360504653e-18
1.517726074218750000e+04 4.528903586280676272e-16 3.135246752532949150e-18
1.518742773437500000e+04 4.527406455546404297e-16 3.123023918211559337e-18
1.519759472656250000e+04 4.524536602041988320e-16 3.221801277469272860e-18
1.520776269531250000e+04 4.380564029717010739e-16 3.054693422940697656e-18
1.521792968750000000e+04 4.451616065008457638e-16 3.067393333680377428e-18
1.522809667968750000e+04 4.379106868349937325e-16 2.995675740596264238e-18
1.523826367187500000e+04 4.337552226051029402e-16 2.996979790831954086e-18
1.524843164062500000e+04 4.416363083139325692e-16 3.009178430120426723e-18
1.525859863281250000e+04 4.327767672021262148e-16 3.145872921476958482e-18
1.526876562500000000e+04 4.183680220852813202e-16 2.950159920595380752e-18
1.527893261718750000e+04 4.290415107234123605e-16 3.091612975220776940e-18
1.528910058593750000e+04 4.271238546006082262e-16 2.929080463455385671e-18
1.529926757812500000e+04 4.219493038560521037e-16 2.905778578804613743e-18
1.530943457031250000e+04 4.153675666883105714e-16 2.934949723491755679e-18
1.531960253906250000e+04 4.235350289426509591e-16 2.925948344065953632e-18
1.532976953125000000e+04 4.116669326813157366e-16 2.859274277971729389e-18
1.533993652343750000e+04 4.068571884392302006e-16 2.845943848810131071e-18
1.535010351562500000e+04 4.128562728183791811e-16 2.856261065795351847e-18
1.536027148437500000e+04 4.151360090563549271e-16 2.855953354607482121e-18
1.537043847656250000e+04 4.123560998630255168e-16 2.860538209947710415e-18
1.538060546875000000e+04 3.979759421081504548e-16 2.807287837629149844e-18
1.539077246093750000e+04 3.932951851020639877e-16 3.016006599281898828e-18
1.540094042968750000e+04 3.887422506616741149e-16 2.768649817626491645e-18
1.541110742187500000e+04 3.879656537979399300e-16 3.009235298787539744e-18
1.542127441406250000e+04 4.079743190175402160e-16 2.795865920935864499e-18
1.543144238281250000e+04 4.012593859188429450e-16 2.906821446761889973e-18
1.544160937500000000e+04 3.836839022495694418e-16 2.698332020933971315e-18
1.545177636718750000e+04 3.980695127790424533e-16 2.882043458308017167e-18
1.546194335937500000e+04 3.779534861333776847e-16 2.673294090972603720e-18
1.547211132812500000e+04 3.761453619585653722e-16 2.773707613481947132e-18
1.548227832031250000e+04 3.762612466536616011e-16 2.648773355689234906e-18
1.549244531250000000e+04 3.716845952907486079e-16 2.644421558486593428e-18
1.550261230468750000e+04 3.603137338392312615e-16 2.706433634648468806e-18
1.551278027343750000e+04 3.764821104946581599e-16 2.651172179465638686e-18
1.552294726562500000e+04 3.814564438263070472e-16 2.642127786647983882e-18
1.553311425781250000e+04 3.695468164807767623e-16 2.596029838291016203e-18
1.554328125000000000e+04 3.682605969503711073e-16 2.711060262609631028e-18
1.555344921875000000e+04 3.621192904454222095e-16 2.673163189640667204e-18
1.556361621093750000e+04 3.578716849127379102e-16 2.672170986495909847e-18
1.557378320312500000e+04 3.567904208857881941e-16 2.668395940975370967e-18
1.558395117187500000e+04 3.552483709355321387e-16 2.502996834797177180e-18
1.559411816406250000e+04 3.400456912493139477e-16 2.478074503326413871e-18
1.560428515625000000e+04 3.580208156510138705e-16 2.671283628493793587e-18
1.561445214843750000e+04 3.507268296537498784e-16 2.502543539821498121e-18
1.562462011718750000e+04 3.578315567268617377e-16 2.533768987559915501e-18
1.563478710937500000e+04 3.366531390071032630e-16 2.600349789040074390e-18
1.564495410156250000e+04 3.451702670499820665e-16 2.445511918127804522e-18
1.565512109375000000e+04 3.433473197985928036e-16 2.434420873679540388e-18
1.566528906250000000e+04 3.194288034340258707e-16 2.564242528121522179e-18
1.567545605468750000e+04 3.406283969774657030e-16 2.594500794928711931e-18
1.568562304687500000e+04 3.314151931404010765e-16 2.614615759474470181e-18
1.569579003906250000e+04 3.416214636987825650e-16 2.525225659398314693e-18
1.570595800781250000e+04 3.357544370500664503e-16 2.639959539467329258e-18
1.571612500000000000e+04 3.393952758249410518e-16 2.646080055614762248e-18
1.572629199218750000e+04 3.353892335009018384e-16 2.467858615966230841e-18
1.573645996093750000e+04 3.332950768877135893e-16 2.452974741614257937e-18
1.574662695312500000e+04 3.267825581936304943e-16 2.575089761084236307e-18
1.575679394531250000e+04 3.168891074905818596e-16 2.515145016068284083e-18
1.576696093750000000e+04 3.193321357989204736e-16 2.621164341588899363e-18
1.577712890625000000e+04 3.077984322632934880e-16 2.457723378715771731e-18
1.578729589843750000e+04 3.160031904370926665e-16 2.345021261026340540e-18
1.579746289062500000e+04 3.135621738320037814e-16 2.487071746849153153e-18
1.580762988281250000e+04 3.135425861950985257e-16 2.522596879411621171e-18
1.581779785156250000e+04 3.178397431551972015e-16 2.523657324956914152e-18
1.582796484375000000e+04 3.171833190908547205e-16 2.911328340329385144e-18
1.583813183593750000e+04 3.049607660108731751e-16 2.388328508791707442e-18
1.584829882812500000e+04 3.074906946056441600e-16 2.182443461122411992e-18
1.585846679687500000e+04 3.318493769352077105e-16 2.529526791788437298e-18
1.586863378906250000e+04 3.031417098170853617e-16 2.366084381349237698e-18
1.587880078125000000e+04 2.999161289446021809e-16 2.206924284941225123e-18
1.588896875000000000e+04 3.009196247590821115e-16 2.161617328045011276e-18
1.589913574218750000e+04 2.957846463350305259e-16 2.140936158369960478e-18
1.590930273437500000e+04 2.927735500866598950e-16 2.141258965604009297e-18
1.591946972656250000e+04 3.009429181651316048e-16 2.285615217384313475e-18
1.592963769531250000e+04 2.921091586186573032e-16 2.109788258813969944e-18
1.593980468750000000e+04 2.957647675305496516e-16 2.149297713591952758e-18
1.594997167968750000e+04 2.891215675345729791e-16 2.289819156052461100e-18
1.596013867187500000e+04 2.855371887995887970e-16 2.312154686952617953e-18
1.597030664062500000e+04 2.929386421020356785e-16 2.326386122596439656e-18
1.598047363281250000e+04 2.868195702119522060e-16 2.158117320078146278e-18
1.599064062500000000e+04 2.866645367128250674e-16 2.433099245855833788e-18
1.600080859375000000e+04 2.870775182141707422e-16 2.383685130423141021e-18
1.601097558593750000e+04 2.890700308736884752e-16 2.398147349457865019e-18
1.602114257812500000e+04 2.915216353906180391e-16 2.358416210275717993e-18
1.603130957031250000e+04 2.962813252794767663e-16 2.076858819013693327e-18
1.604147753906250000e+04 2.818703037615861258e-16 2.490587471247656659e-18
1.605164453125000000e+04 2.787259057031413493e-16 2.102281801550204357e-18
1.606181152343750000e+04 2.820652272185730216e-16 2.167417518500233106e-18
1.607197851562500000e+04 2.864099503726159467e-16 2.289776763046067757e-18
1.608214648437500000e+04 2.945391108558726790e-16 2.151032724926782734e-18
1.609231347656250000e+04 2.829461414837174940e-16 2.149443917765221506e-18
1.610248046875000000e+04 2.837867952140877854e-16 2.268547379420047440e-18
1.611264746093750000e+04 2.858478646027739134e-16 2.307369653904151826e-18
1.612281542968750000e+04 2.874982553609397142e-16 2.322694001932309217e-18
1.613298242187500000e+04 2.821979202237163281e-16 2.016389021103923069e-18
1.614314941406250000e+04 2.772212046119032882e-16 2.196583286513393447e-18
1.615331738281250000e+04 2.706594785975406387e-16 1.877050653714518695e-18
1.616348437500000000e+04 2.776138573225148598e-16 2.138298486191682011e-18
1.617365136718750000e+04 2.828406594120047319e-16 2.222376432374021956e-18
1.618381835937500000e+04 2.764261583117867205e-16 2.121777414612313528e-18
1.619398632812500000e+04 2.778481413417694789e-16 2.122911065641817452e-18
1.620415332031250000e+04 2.789128882262477361e-16 1.898435754090852120e-18
1.621432031250000000e+04 2.803472855828636904e-16 2.314859981145972630e-18
1.622448730468750000e+04 2.841501723484598802e-16 1.927522733150666785e-18
1.623465527343750000e+04 2.861603403509719451e-16 2.004870944664428435e-18
1.624482226562500000e+04 2.853657969766678097e-16 2.232056720287576901e-18
1.625498925781250000e+04 2.887689900702783766e-16 2.120767427084386281e-18
1.626515625000000000e+04 2.997830653625444507e-16 2.226915585985406695e-18
1.627532421875000000e+04 2.910222035890932223e-16 2.273924260196795258e-18
1.628549121093750000e+04 2.968626545790892333e-16 2.281522327713401094e-18
1.629565820312500000e+04 2.948699831008938900e-16 2.293689740933749854e-18
1.630582617187500000e+04 2.979632415451481881e-16 2.316273012427366339e-18
1.631599316406250000e+04 3.032705911739660238e-16 2.318626754860385980e-18
1.632616015625000000e+04 3.078548658334043057e-16 2.186745420693147151e-18
1.633632714843750000e+04 3.019591724133795533e-16 2.238759985176553499e-18
1.634649511718750000e+04 2.873983319429433084e-16 2.072815560179534128e-18
1.635666210937500000e+04 2.996538928380881699e-16 2.147113129594200212e-18
1.636682910156250000e+04 3.060453652300527050e-16 2.320921560674761217e-18
1.637699609375000000e+04 3.074420696205158428e-16 2.112484660815739676e-18
1.638716406250000000e+04 3.129584510988482789e-16 2.368688759507860906e-18
1.639733007812500000e+04 3.114611086063394894e-16 2.335768625489475510e-18
1.640749804687500000e+04 3.107686856417387006e-16 2.149920167002898912e-18
1.641766601562500000e+04 3.069188679569087022e-16 2.313896108937195214e-18
1.642783203125000000e+04 3.002574832223456639e-16 2.299628690936727455e-18
1.643800000000000000e+04 3.036394475527156699e-16 2.298731613562413696e-18
1.644816796875000000e+04 3.071198529934243866e-16 2.588462790047381105e-18
1.645833398437500000e+04 3.137953990600743327e-16 2.110043444032942553e-18
1.646850195312500000e+04 3.172867894593177536e-16 2.414868391950318197e-18
1.647866992187500000e+04 3.080448129718260826e-16 2.331748114122161519e-18
1.648883593750000000e+04 3.102431016979674073e-16 2.267962355931819311e-18
1.649900390625000000e+04 3.049303257643312236e-16 2.348241681946162615e-18
1.650916992187500000e+04 3.037566292670123820e-16 2.320833052349218043e-18
1.651933789062500000e+04 3.108500008046751134e-16 2.363563134842176070e-18
1.652950585937500000e+04 3.209695563650814430e-16 2.162399220519027025e-18
1.653967187500000000e+04 3.117804400274543607e-16 1.823366425164674061e-18
1.654983984375000000e+04 3.136747233348701966e-16 2.332184038304976965e-18
1.656000781250000000e+04 3.058896964562151256e-16 2.630983802640516355e-18
1.657017382812500000e+04 3.090146392266526548e-16 2.631026609237215974e-18
1.658034179687500000e+04 3.028474717470328991e-16 2.942749829872977591e-18
1.659050976562500000e+04 3.029972906995785035e-16 2.564111006404126247e-18
1.660067578125000000e+04 3.049722538952203115e-16 2.590672189463510242e-18
1.661084375000000000e+04 3.053935204375813174e-16 2.098589680886073917e-18
1.662100976562500000e+04 3.082073374185805015e-16 2.119594278180632949e-18
1.663117773437500000e+04 3.064889987361771448e-16 2.342770709374736890e-18
1.664134570312500000e+04 3.070786130768049429e-16 2.327224883737568426e-18
1.665151171875000000e+04 3.037519705858024834e-16 2.342229526458974071e-18
1.666167968750000000e+04 3.161065284566576912e-16 2.380030026091422330e-18
1.667184765625000000e+04 3.082957464824501691e-16 2.453967978734780985e-18
1.668201367187500000e+04 2.930554267696383651e-16 2.243204840198107193e-18
1.669218164062500000e+04 3.145655637673653053e-16 2.346078604644336447e-18
1.670234765625000000e+04 3.168800018863988759e-16 2.352237171099946877e-18
1.671251562500000000e+04 3.027432602247410185e-16 2.312806298480156601e-18
1.672268359375000000e+04 3.039641258693100839e-16 2.069520486209429142e-18
1.673284960937500000e+04 3.142533527169632905e-16 2.290585538889991480e-18
1.674301757812500000e+04 3.057608945086732685e-16 2.267962562726972449e-18
1.675318554687500000e+04 3.094179327886641085e-16 2.129059705930077245e-18
1.676335156250000000e+04 3.064879399449930769e-16 2.067654366747509512e-18
1.677351953125000000e+04 3.123784188184362950e-16 2.263257972993077105e-18
1.678368750000000000e+04 3.091706256378454545e-16 2.090353443526883421e-18
1.679385351562500000e+04 3.057571357999698276e-16 2.234400950143552181e-18
1.680402148437500000e+04 3.036686701893959433e-16 2.215707702275619447e-18
1.681418750000000000e+04 3.029080346027615816e-16 2.210017733637020308e-18
1.682435546875000000e+04 3.040931131053091529e-16 2.098821084662435627e-18
1.683452343750000000e+04 3.084355598583063320e-16 2.062168298129904694e-18
1.684468945312500000e+04 3.041049450967911114e-16 2.227511776411904290e-18
1.685485742187500000e+04 3.069444377640039414e-16 2.239680016812865604e-18
1.686502539062500000e+04 3.118622316464236040e-16 2.236286301554713669e-18
1.687519140625000000e+04 3.164580471297682258e-16 2.274700569201676275e-18
1.688535937500000000e+04 3.143413382643593310e-16 2.275111057580655715e-18
1.689552734375000000e+04 3.066488232654121905e-16 2.184543052312224714e-18
1.690569335937500000e+04 3.005096608126110302e-16 2.203434409936863899e-18
1.691586132812500000e+04 3.072708630860520674e-16 2.217896835766741035e-18
1.692602734375000000e+04 3.126692687566997404e-16 2.244176777417857000e-18
1.693619531250000000e+04 3.091823517502090063e-16 2.184287246707792691e-18
1.694636328125000000e+04 3.087327096041149813e-16 2.069582938345676896e-18
1.695652929687500000e+04 3.146700135176736012e-16 2.081364265015116531e-18
1.696669726562500000e+04 3.112852433906658153e-16 2.099278929131483728e-18
1.697686523437500000e+04 3.137810524395302130e-16 2.233687713660378333e-18
1.698703125000000000e+04 3.083451655609665372e-16 2.200162083433604121e-18
1.699719921875000000e+04 3.103171376715133534e-16 2.364294569298826085e-18
1.700736718750000000e+04 3.031163517682269361e-16 2.004826276911350571e-18
1.701753320312500000e+04 3.051778711431662929e-16 1.917029740285278491e-18
1.702770117187500000e+04 3.101785419055188685e-16 2.184086448614095443e-18
1.703786718750000000e+04 3.049386902146853599e-16 2.191261826837686682e-18
1.704803515625000000e+04 3.148207853822848666e-16 2.210457173337439104e-18
1.705820312500000000e+04 3.107640269605288020e-16 2.217677632904414482e-18
1.706836914062500000e+04 3.141653142300080467e-16 2.064006913836456936e-18
1.707853710937500000e+04 3.102361136761525593e-16 2.187745275258570623e-18
1.708870507812500000e+04 3.076057057980135330e-16 2.195473416926500422e-18
1.709887109375000000e+04 3.113660556277897959e-16 2.300797910732571159e-18
1.710903906250000000e+04 3.173023007501643480e-16 2.208273416520299111e-18
1.711920507812500000e+04 3.190439063688375963e-16 2.212437236928737914e-18
1.712937304687500000e+04 3.087012635059481654e-16 2.156061983051105142e-18
1.713954101562500000e+04 3.225632488553404091e-16 2.066806506619642659e-18
1.714970703125000000e+04 3.183099258502621433e-16 2.083281462879861311e-18
1.715987500000000000e+04 3.230567514262344458e-16 2.097365246784342298e-18
1.717004296875000000e+04 3.181525100709708519e-16 2.088271843515393727e-18
1.718020898437500000e+04 3.160036933629050988e-16 2.071044566488058096e-18
1.719037695312500000e+04 3.229015326386500953e-16 2.210792388280676218e-18
1.720054492187500000e+04 3.252417258532361169e-16 2.114296393152383945e-18
1.721071093750000000e+04 3.233417780129855179e-16 2.135139069842035722e-18
1.722087890625000000e+04 3.210245605670937691e-16 2.122046248311393262e-18
1.723104492187500000e+04 3.296824019583351932e-16 2.112586197235930561e-18
1.724121289062500000e+04 3.215503033295426727e-16 2.044948879318388317e-18
1.725138085937500000e+04 3.121192267365764791e-16 2.030252154580005536e-18
1.726154687500000000e+04 3.144655344702504927e-16 2.042048990885930540e-18
1.727171484375000000e+04 3.273413087712427139e-16 2.105805177369373978e-18
1.728188281250000000e+04 3.228928505509407387e-16 2.201802796178603052e-18
1.729204882812500000e+04 3.346357976943191382e-16 2.249847514107214282e-18
1.730221679687500000e+04 3.343089488557973851e-16 2.253943505705423736e-18
1.731238476562500000e+04 3.376931101778743319e-16 2.280620700845718294e-18
1.732255078125000000e+04 3.359726274433232377e-16 2.182454007675222043e-18
1.733271875000000000e+04 3.203289082893815733e-16 2.103859028183189842e-18
1.734288476562500000e+04 3.329697103568495312e-16 2.124833226590237550e-18
1.735305273437500000e+04 3.313139727032041876e-16 2.113864191282324988e-18
1.736322070312500000e+04 3.237969523430162975e-16 2.209508397174840781e-18
1.737338671875000000e+04 3.332929328355658518e-16 2.131909963525781840e-18
1.738355468750000000e+04 3.298601994679197912e-16 2.213264003950984665e-18
1.739372265625000000e+04 3.383904829912606381e-16 2.261640214510076521e-18
1.740388867187500000e+04 3.427289592773175627e-16 2.177550274208854557e-18
1.741405664062500000e+04 3.433739483968721107e-16 2.169310728127213848e-18
1.742422265625000000e+04 3.449641204064440511e-16 2.201357979804202661e-18
1.743439062500000000e+04 3.398357858970724914e-16 2.180299615769827682e-18
1.744455859375000000e+04 3.503217096769459075e-16 2.232870045624869665e-18
1.745472460937500000e+04 3.482783221010337131e-16 2.224992597856374044e-18
1.746489257812500000e+04 3.415335046211661263e-16 2.180282658567270345e-18
1.747506054687500000e+04 3.440271696178827865e-16 2.282879524303447474e-18
1.748522656250000000e+04 3.442143903690055885e-16 2.263145062839463616e-18
1.749539453125000000e+04 3.473273952688427525e-16 2.270415360038345315e-18
1.750556250000000000e+04 3.409623132471411092e-16 2.162757803314568763e-18
1.751572851562500000e+04 3.458436053034900318e-16 2.182918883179476845e-18
1.752589648437500000e+04 3.499549444107847955e-16 2.191675003553656919e-18
1.753606250000000000e+04 3.567750948833988116e-16 2.214021908187236376e-18
1.754623046875000000e+04 3.571471541054802631e-16 2.248378027749013828e-18
1.755639843750000000e+04 3.548160664950772251e-16 2.258529188226264584e-18
1.756656445312500000e+04 3.539838036848406717e-16 2.226410799016596210e-18
1.757673242187500000e+04 3.552453533806575452e-16 2.218510810576408519e-18
1.758690039062500000e+04 3.556649523269036443e-16 2.215211600703240769e-18
1.759706640625000000e+04 3.562377583574843649e-16 2.227671215474973886e-18
1.760723437500000000e+04 3.653569150676241623e-16 2.267840346791467740e-18
1.761740234375000000e+04 3.571592507947582385e-16 2.265090591640188337e-18
1.762756835937500000e+04 3.608946131525904997e-16 2.372162918080583622e-18
1.763773632812500000e+04 3.739883925583822964e-16 2.559133033477782127e-18
1.764790234375000000e+04 3.685690228222900794e-16 2.380486216199245325e-18
1.765807031250000000e+04 3.679938874511044095e-16 2.398245783950758829e-18
1.766823828125000000e+04 3.636564699562315527e-16 2.270967296302071322e-18
1.767840429687500000e+04 3.589951682381523328e-16 2.224495048717923398e-18
1.768857226562500000e+04 3.683121071414760094e-16 2.372505784444486852e-18
1.769874023437500000e+04 3.706606648064161673e-16 2.305988675871494546e-18
1.770890625000000000e+04 3.736172333088073026e-16 2.316022169906609634e-18
1.771907421875000000e+04 3.759003576785720658e-16 2.347012284760755677e-18
1.772924218750000000e+04 3.714351176180026148e-16 2.369365393248929283e-18
1.773940820312500000e+04 3.803403720391810997e-16 2.422846755753545287e-18
1.774957617187500000e+04 3.788274388464869108e-16 2.410211158306491513e-18
1.775974218750000000e+04 3.759772788580945969e-16 2.409896622878568224e-18
1.776991015625000000e+04 3.744956858844488172e-16 2.526078689405010002e-18
1.778007812500000000e+04 3.790575406405644618e-16 2.442492708891985971e-18
1.779024414062500000e+04 3.755641914776305153e-16 2.446489025226382786e-18
1.780041210937500000e+04 3.799312815954368743e-16 2.455749312183913930e-18
1.781058007812500000e+04 3.816994364030506246e-16 2.444442993981232872e-18
1.782074609375000000e+04 3.900927123471730883e-16 2.498812748463730828e-18
1.783091406250000000e+04 3.886204896755063093e-16 2.541086227258559584e-18
1.784108007812500000e+04 3.866985189786270984e-16 2.596835305412489713e-18
1.785124804687500000e+04 3.913383007658901387e-16 2.607535920611628817e-18
1.786141601562500000e+04 3.837224157788899108e-16 2.635271906935991250e-18
1.787158203125000000e+04 3.762287152945311157e-16 2.463764692319552769e-18
1.788175000000000000e+04 3.714050744181546888e-16 2.438416362833324650e-18
1.789191796875000000e+04 3.789579348599232764e-16 2.582331520551984926e-18
1.790208398437500000e+04 3.900428962219626948e-16 2.589343944194903218e-18
1.791225195312500000e+04 3.904285344409798167e-16 2.687224846463762398e-18
1.792241992187500000e+04 3.955047234845360336e-16 2.743493807632682105e-18
1.793258593750000000e+04 3.966846403800612739e-16 2.750037219868282831e-18
1.794275390625000000e+04 3.942696435683208569e-16 2.755165326075805326e-18
1.795291992187500000e+04 3.869012245508168931e-16 2.714963521125115628e-18
1.796308789062500000e+04 3.856766796068831918e-16 2.682768617708786099e-18
1.797325585937500000e+04 3.969485176129105902e-16 3.107345536881229250e-18
1.798342187500000000e+04 3.889587205192567921e-16 3.013499414845250601e-18
1.799358984375000000e+04 4.024946246537357318e-16 3.178548416829181320e-18
1.800375781250000000e+04 4.070309360725357390e-16 3.366304767398611477e-18
1.801392382812500000e+04 4.066444508205713628e-16 3.615555999451918232e-18
1.802409179687500000e+04 3.801038645584399380e-16 3.117746712698624159e-18
1.803425976562500000e+04 3.898975506621697772e-16 3.163446787180953832e-18
1.804442578125000000e+04 4.009470689893225234e-16 3.396601911694591221e-18
1.805459375000000000e+04 3.857655386570060883e-16 3.291096678924677648e-18
1.806475976562500000e+04 4.074716579029039921e-16 3.386231134764707637e-18
1.807492773437500000e+04 3.921240561733665107e-16 3.208906565695336850e-18
1.808509570312500000e+04 3.914640057492185972e-16 3.340745093265876060e-18
1.809526171875000000e+04 4.176381443825441303e-16 3.741348250335001086e-18
1.810542968750000000e+04 4.064614122946256288e-16 3.879570957873224564e-18
1.811559765625000000e+04 4.129295676380962798e-16 3.840295181618287980e-18
1.812576367187500000e+04 3.843794221783836292e-16 3.783217651400597688e-18
1.813593164062500000e+04 3.977299055067526823e-16 3.804510107548325173e-18
1.814609960937500000e+04 4.078313557379114511e-16 4.051162131321837178e-18
1.815626562500000000e+04 4.166115404504719183e-16 4.082416737176847052e-18
1.816643359375000000e+04 4.096378123166088568e-16 3.977453307708155711e-18
1.817659960937500000e+04 4.272485802020914219e-16 4.174515026578501153e-18
1.818676757812500000e+04 4.266853827015061173e-16 4.681635058306692106e-18
1.819693554687500000e+04 3.986193165711492993e-16 5.275940753778584729e-18
1.820710156250000000e+04 3.702712149391364010e-16 5.011082071132474310e-18
1.821726953125000000e+04 3.706229983100429526e-16 4.133481491521889386e-18
1.822743750000000000e+04 3.935727207411877796e-16 3.916293641167516227e-18
1.823760351562500000e+04 4.006124115658182697e-16 4.031662175561512103e-18
1.824777148437500000e+04 4.281173183686191137e-16 4.619756571813744042e-18
1.825793750000000000e+04 4.496094823859965017e-16 5.229889954716532573e-18
1.826810546875000000e+04 4.735957613863437787e-16 5.843266299210835249e-18
1.827827343750000000e+04 4.143804556674040912e-16 7.229401389397076803e-18
1.828843945312500000e+04 4.297338013391151408e-16 8.200496539283305339e-18
1.829860742187500000e+04 4.924290095729511128e-16 7.804827100977752846e-18
1.830877539062500000e+04 4.433908576548310472e-16 7.376599833762113184e-18
1.831894140625000000e+04 4.805965416349597744e-16 7.510901705196835310e-18
1.832910937500000000e+04 4.608587152002440509e-16 8.257383404369802158e-18
1.833927734375000000e+04 5.019146139118968019e-16 1.048223041843836687e-17
1.834944335937500000e+04 5.521727315020794752e-16 1.230201618552645201e-17
1.835961132812500000e+04 5.127945403611414762e-16 1.447072576014349295e-17
1.836977734375000000e+04 5.332368335101767606e-16 1.475669367843165036e-17
1.837994531250000000e+04 5.142080265918720899e-16 1.416738208590804664e-17
1.839011328125000000e+04 4.900169773765260858e-16 1.549271071567520885e-17
1.840027929687500000e+04 4.974803434934613362e-16 1.435538865861277409e-17
1.841044726562500000e+04 5.090988297331525570e-16 1.270910733373013671e-17
1.842061523437500000e+04 4.563573703602978853e-16 8.433206433832236062e-18
1.843078125000000000e+04 4.448313165909757901e-16 7.886917332148127866e-18
1.844094921875000000e+04 4.521603750462120305e-16 7.031157629431393085e-18
1.845111718750000000e+04 4.447169671430964595e-16 8.557276081089677236e-18
1.846128320312500000e+04 5.627729782600526202e-16 1.148228350720885180e-17
1.847145117187500000e+04 5.286606321335169962e-16 1.160495273768924070e-17
1.848161718750000000e+04 5.828767758675414048e-16 1.323530256397410676e-17
1.849178515625000000e+04 4.141227458932019703e-16 9.397728806571118240e-18
1.850195312500000000e+04 4.370525365803067195e-16 7.654903096494354239e-18
1.851211914062500000e+04 5.342181741191300709e-16 8.817098474576258546e-18
1.852228710937500000e+04 5.128044400587125108e-16 9.686463644008265527e-18
1.853245507812500000e+04 5.369431849895655619e-16 9.789159771417949019e-18
1.854262109375000000e+04 5.090423961630417393e-16 1.007301672478287110e-17
1.855278906250000000e+04 4.947403507277712848e-16 9.495062322069620453e-18
1.856295507812500000e+04 5.098609476274446137e-16 9.446255357206541608e-18
1.857312304687500000e+04 5.380616919964148655e-16 9.637232335490946979e-18
1.858329101562500000e+04 5.528657632716111030e-16 1.004561636699205206e-17
1.859345703125000000e+04 3.964754761816486651e-16 7.406613255107987240e-18
1.860362500000000000e+04 4.395540895713446854e-16 6.623542875899962319e-18
1.861379296875000000e+04 4.263957239033247483e-16 6.063541187611256307e-18
1.862395898437500000e+04 4.486128951839926139e-16 6.401524704358585755e-18
1.863412695312500000e+04 4.717344594243116571e-16 6.727116641939564573e-18
1.864429492187500000e+04 4.643766547884279738e-16 6.791195842452209968e-18
1.865446093750000000e+04 4.650097589769413599e-16 7.589665843124134605e-18
1.866462890625000000e+04 4.704525279982014769e-16 8.188029273090906106e-18
1.867479492187500000e+04 5.038187969168836725e-16 1.068900654642253507e-17
1.868496289062500000e+04 4.760087994343936701e-16 1.638322689337019675e-17
1.869513085937500000e+04 4.430597207120138192e-16 2.086206580321001955e-17
1.870529687500000000e+04 3.452915251103374399e-16 2.396751027224844880e-17
1.871546484375000000e+04 5.310255481222510027e-16 2.577471627658082750e-17
1.872563281250000000e+04 3.771497577455517605e-16 2.793943801346475029e-17
1.873579882812500000e+04 5.093321873101211168e-16 2.025877982141794498e-17
1.874596679687500000e+04 6.010889900851337266e-16 1.994562247639516955e-17
1.875613476562500000e+04 6.441938085566354267e-16 1.649113260427773921e-17
1.876630078125000000e+04 3.931614597755162151e-16 8.449707859872056411e-18
1.877646875000000000e+04 4.045349682049937312e-16 6.219189695523828142e-18
1.878663476562500000e+04 4.142052786660000612e-16 5.985882162982327856e-18
1.879680273437500000e+04 4.065993463161300713e-16 5.741713335407700041e-18
1.880697070312500000e+04 4.142411452173603605e-16 5.218667595346025646e-18
1.881713671875000000e+04 4.304771521596695944e-16 5.365342434383315961e-18
1.882730468750000000e+04 4.337169208340192848e-16 5.325263879343896664e-18
1.883747265625000000e+04 4.297695884811366350e-16 5.824490540076800350e-18
1.884763867187500000e+04 4.439994772972128637e-16 4.870073005700865958e-18
1.885780664062500000e+04 4.069388212395218338e-16 4.092829700317970841e-18
1.886797460937500000e+04 3.810109574356104886e-16 3.808319274269131866e-18
1.887814062500000000e+04 3.853878678416490771e-16 4.108338509622727557e-18
1.888830859375000000e+04 4.424546480200986301e-16 6.474729774979222428e-18
1.889847460937500000e+04 4.182317821296713863e-16 5.693282324133026547e-18
1.890864257812500000e+04 4.105842922258267323e-16 6.746932167103578628e-18
1.891881054687500000e+04 4.213868210395160449e-16 6.460974174982771854e-18
1.892897656250000000e+04 3.689270795309622332e-16 5.268348890116573041e-18
1.893914453125000000e+04 3.739076332608175192e-16 4.696448622306598002e-18
1.894931250000000000e+04 3.649853587713551431e-16 4.403464144472459536e-18
1.895947851562500000e+04 3.878890502557726192e-16 5.291882592134012955e-18
1.896964648437500000e+04 4.440729838751667760e-16 6.750879059396375399e-18
1.897981250000000000e+04 4.155956567791383935e-16 9.502869252690895928e-18
1.898998046875000000e+04 3.211356277623024892e-16 1.040280370884041260e-17
1.900014843750000000e+04 4.066402950651738964e-16 9.909448376095410303e-18
1.901031445312500000e+04 3.391162578781595650e-16 9.924331009676464377e-18
1.902048242187500000e+04 4.283579021954189367e-16 8.733945316318752886e-18
1.903065039062500000e+04 4.684317720838487333e-16 9.872154938178457050e-18
1.904081640625000000e+04 3.345855845224147192e-16 1.068753995519647855e-17
1.905098437500000000e+04 3.347073984481417283e-16 8.730994763073776237e-18
1.906115234375000000e+04 3.731779143767579394e-16 6.494101931334908060e-18
1.907131835937500000e+04 4.028580282578874284e-16 5.609004200242448770e-18
1.908148632812500000e+04 3.689044213996231806e-16 5.252882267023056530e-18
1.909165234375000000e+04 3.643168380177346866e-16 6.706605457880393423e-18
1.910182031250000000e+04 4.019712112318917776e-16 7.770476771680263266e-18
1.911198828125000000e+04 3.515801094689901792e-16 9.645691084434914240e-18
1.912215429687500000e+04 3.623878263594814244e-16 8.358379675620689178e-18
1.913232226562500000e+04 4.092873789044619917e-16 8.863449540200667452e-18
1.914249023437500000e+04 3.562271439758640844e-16 6.259364617104609866e-18
1.915265625000000000e+04 3.121377291125180652e-16 4.433439515510156152e-18
1.916282421875000000e+04 3.361021970144735440e-16 4.312679417883539642e-18
1.917299218750000000e+04 3.331217263011020764e-16 4.146913250308525449e-18
1.918315820312500000e+04 3.444253280426515110e-16 4.719565838885617467e-18
1.919332617187500000e+04 3.217265920616899739e-16 4.352184736758459691e-18
1.920349218750000000e+04 2.923923058510566548e-16 3.827344014767545226e-18
1.921366015625000000e+04 3.267592912573606028e-16 4.001163612786375696e-18
1.922382812500000000e+04 3.246669345891852691e-16 3.733429650331030952e-18
1.923399414062500000e+04 3.016101683693311799e-16 3.429792947363587733e-18
1.924416210937500000e+04 3.246469234358063862e-16 3.419364060995672299e-18
1.925433007812500000e+04 3.307958002977213693e-16 3.715459978703928979e-18
1.926449609375000000e+04 3.050515044153477920e-16 4.140000915519726073e-18
1.927466406250000000e+04 3.333568308835243481e-16 3.878980764506167979e-18
1.928483203125000000e+04 3.371252010565199252e-16 4.030137268102270597e-18
1.929499804687500000e+04 3.397531207753763920e-16 3.988265799085142612e-18
1.930516601562500000e+04 3.148918302707358211e-16 3.834116142442516864e-18
1.931533203125000000e+04 3.116204566795417047e-16 3.413680709801973584e-18
1.932550000000000000e+04 2.976177579817868403e-16 3.175608823727320997e-18
1.933566796875000000e+04 3.122163443579351050e-16 3.084100520897570343e-18
1.934583398437500000e+04 3.032452331251075982e-16 2.956271337756075658e-18
1.935600195312500000e+04 3.133666151003064448e-16 3.064949428560589508e-18
1.936616992187500000e+04 3.317477065117575927e-16 3.489205815245668361e-18
1.937633593750000000e+04 3.114622468068623624e-16 3.510809704894022061e-18
1.938650390625000000e+04 3.154379812332576329e-16 3.487625486685385802e-18
1.939666992187500000e+04 2.865603781300923901e-16 3.037701478797633362e-18
1.940683789062500000e+04 2.966775249405549653e-16 2.922860478839293179e-18
1.941700585937500000e+04 2.993154767058804752e-16 2.783144296705105210e-18
1.942717187500000000e+04 3.025637686492619119e-16 2.798269087410484183e-18
1.943733984375000000e+04 3.126024325632054558e-16 2.985428006782497916e-18
1.944750781250000000e+04 2.930363155887659400e-16 2.794606331658099377e-18
1.945767382812500000e+04 2.974990145504936281e-16 2.820441870525121228e-18
1.946784179687500000e+04 2.997320316274723791e-16 2.788588799496929238e-18
1.947800976562500000e+04 3.052999232969097173e-16 2.809143203743106285e-18
1.948817578125000000e+04 3.074337316399413083e-16 2.810609588174009665e-18
1.949834375000000000e+04 3.007838347897254065e-16 2.734180581115947567e-18
1.950850976562500000e+04 2.973460986337346252e-16 2.737135063468833843e-18
1.951867773437500000e+04 3.086438505539920848e-16 3.124895000757154285e-18
1.952884570312500000e+04 3.044711544975805878e-16 3.461621202973403132e-18
1.953901171875000000e+04 3.202484666291720164e-16 3.513468263382767492e-18
1.954917968750000000e+04 3.299004070631347688e-16 3.709014173780609511e-18
1.955934765625000000e+04 3.131321457925946138e-16 3.665317944332189548e-18
1.956951367187500000e+04 3.193515381473685175e-16 3.623311644875215420e-18
1.957968164062500000e+04 3.089541822500423791e-16 3.374550930925152610e-18
1.958984960937500000e+04 3.037076337049696411e-16 3.032715440860316849e-18
1.960001562500000000e+04 3.073627926306087606e-16 2.973830934594504468e-18
1.961018359375000000e+04 3.055441070137353710e-16 2.849546633968105783e-18
1.962034960937500000e+04 2.880625116527090867e-16 2.780992386341548509e-18
1.963051757812500000e+04 2.963243651411091254e-16 2.777871640685539074e-18
1.964068554687500000e+04 2.841035061270220886e-16 2.756842848358062866e-18
1.965085156250000000e+04 2.792220817217751574e-16 2.526454022607955939e-18
1.966101953125000000e+04 2.784804779066744158e-16 2.463995475710455063e-18
1.967118750000000000e+04 2.724155631856560152e-16 2.370034582364484682e-18
1.968135351562500000e+04 2.683769365629271129e-16 2.274498943927366474e-18
1.969152148437500000e+04 2.719082433898098927e-16 2.477159641568930222e-18
1.970168750000000000e+04 2.730928454363246334e-16 2.219031107181704374e-18
1.971185546875000000e+04 2.612501336936274383e-16 2.135080546813697595e-18
1.972202343750000000e+04 2.643136665753890308e-16 2.132009225199288203e-18
1.973218945312500000e+04 2.668981229161395113e-16 1.976158264831794015e-18
1.974235742187500000e+04 2.623301271711562729e-16 1.884030610518394281e-18
1.975252539062500000e+04 2.534292667333916697e-16 1.826836447834334012e-18
1.976269140625000000e+04 2.516911021860666420e-16 1.844155128319356752e-18
1.977285937500000000e+04 2.586522836443984992e-16 1.938743231364795467e-18
1.978302734375000000e+04 2.456378871076321914e-16 1.773049648888532802e-18
1.979319335937500000e+04 2.101622943920499744e-16 1.842749955253782297e-18
1.980336132812500000e+04 2.512292574715762348e-16 1.735100877131284413e-18
1.981352734375000000e+04 2.354817238420367151e-16 1.848439923892381436e-18
1.982369531250000000e+04 2.511758679261196121e-16 1.813147435877193957e-18
1.983386328125000000e+04 2.511529980365437460e-16 1.721807671097250982e-18
1.984402929687500000e+04 2.351370079022838165e-16 1.635502747910765148e-18
1.985419726562500000e+04 2.442695053813428692e-16 1.699590633819842350e-18
1.986436523437500000e+04 2.367926661465903550e-16 1.749964899148556044e-18
1.987453125000000000e+04 2.442155070309554076e-16 1.674789897899124336e-18
1.988469921875000000e+04 2.532942973272026173e-16 1.857275246810213463e-18
1.989486718750000000e+04 2.393290798373637557e-16 1.677543685555889934e-18
1.990503320312500000e+04 2.440637028449396759e-16 1.713612585973534999e-18
1.991520117187500000e+04 2.501214707254656184e-16 1.730556036653188372e-18
1.992536718750000000e+04 2.437012786226332422e-16 1.804394003840004680e-18
1.993553515625000000e+04 2.495730168921184589e-16 1.741116548136076307e-18
1.994570312500000000e+04 2.382577155079850743e-16 1.661114017434208560e-18
1.995586914062500000e+04 2.317797663460617955e-16 1.855269954210231785e-18
1.996603710937500000e+04 2.375742393288896590e-16 1.891919638815465644e-18
1.997620507812500000e+04 2.775555708678319232e-16 2.430565178049277588e-18
1.998637109375000000e+04 2.707891805175889535e-16 2.807260747464088732e-18
1.999653906250000000e+04 2.885706520117228618e-16 3.224690205758614309e-18
2.000670703125000000e+04 3.258387252623727885e-16 4.443437233983778321e-18
2.001687304687500000e+04 2.764952973761063528e-16 4.155245027028465820e-18
2.002704101562500000e+04 2.946021883406635226e-16 5.386098050313496531e-18
2.003720703125000000e+04 2.854637351611940882e-16 4.727820274218284130e-18
2.004737500000000000e+04 2.809828514608800343e-16 4.014613569546487926e-18
2.005754296875000000e+04 2.701022897369249193e-16 3.936920630512444802e-18
2.006770898437500000e+04 2.696736645958346416e-16 3.038466207273938636e-18
2.007787695312500000e+04 2.600059217034496762e-16 2.887729084248400403e-18
2.008804492187500000e+04 2.626815664349280025e-16 2.839214320936705915e-18
2.009821093750000000e+04 2.771507420586035711e-16 3.108796825265953537e-18
2.010837890625000000e+04 2.452370552351236955e-16 3.739224877702577464e-18
2.011854492187500000e+04 2.647208247252223322e-16 3.240071422453884721e-18
2.012871289062500000e+04 2.536476953546648724e-16 3.449036890724327646e-18
2.013888085937500000e+04 2.479593132484806100e-16 3.031124565747224239e-18
2.014904687500000000e+04 2.559241493399700080e-16 3.010228122317756515e-18
2.015921484375000000e+04 2.623610703435106566e-16 3.063712586749669593e-18
2.016938281250000000e+04 2.514629591556796166e-16 2.650654157607027353e-18
2.017954882812500000e+04 2.486602594821131452e-16 2.511579660833027395e-18
2.018971679687500000e+04 2.367224153515274515e-16 2.454236605638707581e-18
2.019988476562500000e+04 2.349604015327812949e-16 2.145002578261271162e-18
2.021005078125000000e+04 2.267188503653357577e-16 2.179674887612197008e-18
2.022021875000000000e+04 2.192920257791406498e-16 1.931224986777300998e-18
2.023038476562500000e+04 2.178596665955540262e-16 1.888575140803760615e-18
2.024055273437500000e+04 2.200322664005919041e-16 1.811518096865617631e-18
2.025072070312500000e+04 2.210331681766708684e-16 1.863666044222798154e-18
2.026088671875000000e+04 2.110533862874512992e-16 1.658899758331980674e-18
2.027105468750000000e+04 2.120464265389885596e-16 1.651987113350451591e-18
2.028122265625000000e+04 2.081443575092248115e-16 1.575213585567261157e-18
2.029138867187500000e+04 2.047391527123645157e-16 1.589902762282554392e-18
2.030155664062500000e+04 1.934933080299059836e-16 8.987826071465365799e-19
2.031172460937500000e+04 1.968332912898276984e-16 1.533043194156271822e-18
2.032189062500000000e+04 2.033121404242574349e-16 1.878084836275363118e-18
2.033205859375000000e+04 2.042395620921620887e-16 1.542222831004079047e-18
2.034222460937500000e+04 1.978760550223467463e-16 1.507165158885280059e-18
2.035239257812500000e+04 1.994447997453311131e-16 1.355219007996919007e-18
2.036256054687500000e+04 1.980386324086603686e-16 1.445828682488707366e-18
2.037272656250000000e+04 1.888923441744288318e-16 1.455267743856126533e-18
2.038289453125000000e+04 1.884913534832427257e-16 1.453725569001597982e-18
2.039306250000000000e+04 1.957397452851427949e-16 1.454788185895998916e-18
2.040322851562500000e+04 1.991458632893993493e-16 1.486329926821141260e-18
2.041339648437500000e+04 1.883839523525088406e-16 1.601685846710795702e-18
2.042356445312500000e+04 1.980704093790722057e-16 1.755237555168122181e-18
2.043373046875000000e+04 1.917790986331204916e-16 1.347553111670083823e-18
2.044389843750000000e+04 1.977693553407723062e-16 1.621722022303208276e-18
2.045406445312500000e+04 1.937623336348878299e-16 1.471839066657707613e-18
2.046423242187500000e+04 1.984137621251756169e-16 1.501639178803119558e-18
2.047440039062500000e+04 1.974755143174138691e-16 1.596184785444588360e-18
2.048456640625000000e+04 1.963372211503122970e-16 1.716963081044681037e-18
2.049473437500000000e+04 2.060503200100447701e-16 1.094247143651618695e-18
2.050490234375000000e+04 1.966059291179389230e-16 1.712945258014357844e-18
2.051506835937500000e+04 1.902855413190947449e-16 1.820490318174827184e-18
2.052523632812500000e+04 2.010830805793291376e-16 1.873364943700135542e-18
2.053540234375000000e+04 2.052928210922932094e-16 1.986271995386326746e-18
2.054557031250000000e+04 2.005781298287573670e-16 1.803834209360459418e-18
2.055573828125000000e+04 1.987670278037398635e-16 1.809783292325940793e-18
2.056590429687500000e+04 2.024213794011011313e-16 1.931017778033856465e-18
2.057607226562500000e+04 1.874754433421295993e-16 1.939076791946807475e-18
2.058624023437500000e+04 1.851123008286289064e-16 1.522624750943589870e-18
2.059640625000000000e+04 1.899318653589466719e-16 1.496344395702167627e-18
2.060657421875000000e+04 1.950345241821045857e-16 1.744978654416086393e-18
2.061674218750000000e+04 1.965639480474906317e-16 1.726987476093058041e-18
2.062690820312500000e+04 1.906797425118130157e-16 1.580769033958743860e-18
2.063707617187500000e+04 1.957678826608593987e-16 1.624344081447424805e-18
2.064724218750000000e+04 1.906034036674417219e-16 1.776647884553138473e-18
2.065741015625000000e+04 1.905378512582581196e-16 1.312732220001628139e-18
2.066757812500000000e+04 1.887265110052242009e-16 1.621659983757266799e-18
2.067774414062500000e+04 1.932710545254803357e-16 1.858498853731332529e-18
2.068791210937500000e+04 1.845194836446693029e-16 1.562664221699066036e-18
2.069808007812500000e+04 1.894045873492808700e-16 1.575797471682147025e-18
2.070824609375000000e+04 1.996014479010139553e-16 1.696468854188067224e-18
2.071841406250000000e+04 1.936377800869720452e-16 1.578101066290530638e-18
2.072858203125000000e+04 1.907051402653408439e-16 1.666069553086437180e-18
2.073874804687500000e+04 1.892165592698802161e-16 1.530917443379587110e-18
2.074891601562500000e+04 1.950944517631228274e-16 1.558569677666928549e-18
2.075908203125000000e+04 1.894585724647785308e-16 1.509599861620753327e-18
2.076925000000000000e+04 1.835756374785217962e-16 1.513219914174015083e-18
2.077941796875000000e+04 1.786310032395860129e-16 1.405869758445378550e-18
2.078958398437500000e+04 1.777180605411234873e-16 1.447036159387881648e-18
2.079975195312500000e+04 1.721869353955529061e-16 7.797427867000889444e-19
2.080991992187500000e+04 1.884904932154056706e-16 1.427243485088289371e-18
2.082008593750000000e+04 1.855710353440161143e-16 1.642034579617790131e-18
2.083025390625000000e+04 1.874341637208407530e-16 1.309708874862746823e-18
2.084041992187500000e+04 1.888999674709541205e-16 1.433294311269114768e-18
2.085058789062500000e+04 1.917823147113420978e-16 1.447787756371962642e-18
2.086075585937500000e+04 1.892915878601612260e-16 1.664115959274740067e-18
2.087092187500000000e+04 1.830588282666884654e-16 1.264741889198292270e-18
2.088108984375000000e+04 1.780486151487894781e-16 1.387457751985713845e-18
2.089125781250000000e+04 1.888793078079749961e-16 1.415029439560907933e-18
2.090142382812500000e+04 1.900712816881088094e-16 1.392155207286825921e-18
2.091159179687500000e+04 1.880729456770787031e-16 1.426747176720757554e-18
2.092175976562500000e+04 1.834757008256355897e-16 1.530561238728306463e-18
2.093192578125000000e+04 1.805260674055000989e-16 1.341153732258643893e-18
2.094209375000000000e+04 1.776143254748644373e-16 1.326580360829108082e-18
2.095225976562500000e+04 1.774771590769684440e-16 1.325057728116551097e-18
2.096242773437500000e+04 1.835226185099795974e-16 1.330795259640372035e-18
2.097259570312500000e+04 1.762727708702014348e-16 7.112271063695919547e-19
2.098276171875000000e+04 1.825914910729307060e-16 1.381934356842967572e-18
2.099292968750000000e+04 1.841940244695766389e-16 1.360916628056184261e-18
2.100309765625000000e+04 1.834141453531718436e-16 1.350632084705159330e-18
2.101326367187500000e+04 1.778518520421202643e-16 1.318165349060029563e-18
2.102343164062500000e+04 1.827425805748971919e-16 7.651650208735489458e-19
2.103359960937500000e+04 1.788253575963114723e-16 1.397186326567526573e-18
2.104376562500000000e+04 1.764388819720918837e-16 1.396890092510656020e-18
2.105393359375000000e+04 1.755684629745594841e-16 7.446577142234991374e-19
2.106409960937500000e+04 1.865862837406391983e-16 1.521385117398102589e-18
2.107426757812500000e+04 1.763045743103928737e-16 1.340472032036323629e-18
2.108443554687500000e+04 1.835139496571600417e-16 1.536028385589399130e-18
2.109460156250000000e+04 1.770903694225386482e-16 1.541149460761714924e-18
2.110476953125000000e+04 1.810818004282377250e-16 1.397997480555711386e-18
2.111493750000000000e+04 1.826874572588766581e-16 1.381360293497855771e-18
2.112510351562500000e+04 1.764760984822118695e-16 1.502882844854093035e-18
2.113527148437500000e+04 1.774591993315086927e-16 1.382369350447593896e-18
2.114543945312500000e+04 1.777609283491884355e-16 1.569390234054887842e-18
2.115560546875000000e+04 1.720979837012014037e-16 1.362553721886003272e-18
2.116577343750000000e+04 1.783905120570147959e-16 1.275898177517371524e-18
2.117593945312500000e+04 1.740501431817163499e-16 9.111698436146713076e-19
2.118610742187500000e+04 1.744576454386844735e-16 1.341095622820612043e-18
2.119627539062500000e+04 1.753584120385302185e-16 1.257676215803440877e-18
2.120644140625000000e+04 1.741092501995669391e-16 1.313079015473440996e-18
2.121660937500000000e+04 1.743667085108628438e-16 1.263815136719503172e-18
2.122677734375000000e+04 1.721522599842746832e-16 1.147357825844234373e-18
2.123694335937500000e+04 1.694463338249320157e-16 1.433272184187728975e-18
2.124711132812500000e+04 1.672718546655424174e-16 1.251891741779857555e-18
2.125727734375000000e+04 1.699655782564887026e-16 1.326365914255303710e-18
2.126744531250000000e+04 1.712564961727736589e-16 9.717292872233270006e-19
2.127761328125000000e+04 1.658378146509510861e-16 1.272204299094439410e-18
2.128777929687500000e+04 1.651481445434288737e-16 9.844074844719272558e-19
2.129794726562500000e+04 1.649347187105003917e-16 1.105234790523313700e-18
2.130811523437500000e+04 1.645349853338453662e-16 1.433034369761619979e-18
2.131828125000000000e+04 1.628005794952237795e-16 1.237950336338312257e-18
2.132844921875000000e+04 1.656020747938183736e-16 1.159415224043113581e-18
2.133861718750000000e+04 1.623208544446124260e-16 1.344675867306894685e-18
2.134878320312500000e+04 1.283625227306892753e-16 5.727699448264979785e-19
2.135895117187500000e+04 1.622884554343799490e-16 1.403112145078279894e-18
2.136911718750000000e+04 1.598191029302274474e-16 1.217702816099392384e-18
2.137928515625000000e+04 1.619206181421449682e-16 1.179434545830545388e-18
2.138945312500000000e+04 1.594950069487842707e-16 1.221395970739288514e-18
2.139961914062500000e+04 1.572389346937724417e-16 1.264864415326526688e-18
2.140978710937500000e+04 1.630953866655376785e-16 1.230882491594352912e-18
2.141995507812500000e+04 1.635992389202559787e-16 6.806305743906562986e-19
2.143012109375000000e+04 1.576688568540632026e-16 1.259099380047338361e-18
2.144028906250000000e+04 1.560308936574203984e-16 1.262537866456144728e-18
2.145045703125000000e+04 1.348112624908220816e-16 7.321820728273978048e-19
2.146062304687500000e+04 1.536172600393294688e-16 1.229643892024631322e-18
2.147079101562500000e+04 1.520536769233674329e-16 1.228009486531803109e-18
2.148095703125000000e+04 1.482343656595283901e-16 6.226654276769083232e-19
2.149112500000000000e+04 1.558498800696141943e-16 8.625853386375809426e-19
2.150129296875000000e+04 1.495731938768924177e-16 1.027342500961645296e-18
2.151145898437500000e+04 1.522321097076624716e-16 1.356775968704896943e-18
2.152162695312500000e+04 1.467972551505032620e-16 6.522365658890079324e-19
2.153179492187500000e+04 1.476976114687651807e-16 1.219369171443380458e-18
2.154196093750000000e+04 1.493666104819909744e-16 1.121096495756900851e-18
2.155212890625000000e+04 1.429270160307105544e-16 1.171439224824760961e-18
2.156229687500000000e+04 1.503045538872873027e-16 1.284228816863969635e-18
2.157246289062500000e+04 1.493682780781058813e-16 9.584938804345957122e-19
2.158263085937500000e+04 1.482808862971783724e-16 9.253323130749214018e-19
2.159279687500000000e+04 1.498453032111978617e-16 1.216965694776031067e-18
2.160296484375000000e+04 1.398991644118520493e-16 1.325142203936608075e-18
2.161313281250000000e+04 1.484389638209597062e-16 9.880326035064408996e-19
2.162329882812500000e+04 1.421267551840124524e-16 1.174745672528288551e-18
2.163346679687500000e+04 1.444058693821675585e-16 1.326389902493067748e-18
2.164363476562500000e+04 1.497271950546150902e-16 9.839681481690850290e-19
2.165380078125000000e+04 1.420222260243653514e-16 9.651628173281513596e-19
2.166396875000000000e+04 1.375857718491127458e-16 1.248279754237568190e-18
2.167413476562500000e+04 1.351261337540740669e-16 1.127607234358305732e-18
2.168430273437500000e+04 1.352829010237651167e-16 1.316802672398425019e-18
2.169447070312500000e+04 1.325453302429086206e-16 1.203333344690850895e-18
2.170463671875000000e+04 1.334977658525368779e-16 1.012160531396423595e-18
2.171480468750000000e+04 1.424004527050939982e-16 6.334521730573295115e-19
2.172497265625000000e+04 1.368293449574350539e-16 1.253364743655661359e-18
2.173513867187500000e+04 1.287329143566558198e-16 1.088651370205274032e-18
2.174530664062500000e+04 1.289979562598076107e-16 1.114474914953413864e-18
2.175547460937500000e+04 1.342871211500390807e-16 1.325714095932611924e-18
2.176564062500000000e+04 1.319771564237581969e-16 1.267030491158073360e-18
2.177580859375000000e+04 1.352693617314988488e-16 1.192849967800083529e-18
2.178597460937500000e+04 1.313443169330408278e-16 9.655468359275291027e-19
2.179614257812500000e+04 1.353591339890180037e-16 6.096800362283211874e-19
2.180631054687500000e+04 1.359011821357015526e-16 6.276204980400423818e-19
2.181647656250000000e+04 1.365468065299665413e-16 1.221457182104617438e-18
2.182664453125000000e+04 9.654124852524382399e-17 5.149659949346212743e-19
2.183681250000000000e+04 1.258089963274033776e-16 1.000608023563931441e-18
2.184697851562500000e+04 1.264102176663865198e-16 6.452371703407373505e-19
2.185714648437500000e+04 1.251906887456873401e-16 6.368588130125525869e-19
2.186731445312500000e+04 1.220626093063670098e-16 4.563398792126551453e-19
2.187748046875000000e+04 1.237840846576531676e-16 1.146424766113274558e-18
2.188764843750000000e+04 1.251818213695207716e-16 9.848103214302405803e-19
2.189781445312500000e+04 1.225057928262382207e-16 1.194654565703944528e-18
2.190798242187500000e+04 1.272889878793832547e-16 7.826985615226823351e-19
2.191815039062500000e+04 1.299873039770904344e-16 1.115083926679406031e-18
2.192831640625000000e+04 1.161296464366630681e-16 1.054314482592738438e-18
2.193848437500000000e+04 1.278017736847171276e-16 1.103244593969511115e-18
2.194865234375000000e+04 1.213080617690410383e-16 1.080940909522937553e-18
2.195881835937500000e+04 1.157201589462248173e-16 6.663480086452211617e-19
2.196898632812500000e+04 1.225013194334855339e-16 1.204787218014989410e-18
2.197915234375000000e+04 1.257728121386878580e-16 1.264160898215550338e-18
2.198932031250000000e+04 1.167689974931624547e-16 1.129255391728817639e-18
2.199948828125000000e+04 1.163183362605537644e-16 5.898966677106201319e-19
2.200965429687500000e+04 1.313891302699065006e-16 1.366478693892567388e-18
2.201982226562500000e+04 1.197534254385843760e-16 1.104958925789027265e-18
2.202999023437500000e+04 1.206292310362657209e-16 9.858510180384088582e-19
2.204015625000000000e+04 1.136299992697564244e-16 6.191494964832516791e-19
2.205032421875000000e+04 1.158380421096809744e-16 1.043936881422801291e-18
2.206049218750000000e+04 1.192718342685111029e-16 1.155654550785717810e-18
2.207065820312500000e+04 1.198155500113095586e-16 7.302583609153291698e-19
2.208082617187500000e+04 1.194700267432788083e-16 5.633059129443373660e-19
2.209099218750000000e+04 1.099724514465082517e-16 9.148101620929406133e-19
2.210116015625000000e+04 1.185681616475795929e-16 8.521384610913424796e-19
2.211132812500000000e+04 1.188747478698162470e-16 1.111556931945056490e-18
2.212149414062500000e+04 1.102271635181704804e-16 1.186052300923699317e-18
2.213166210937500000e+04 1.156745647508608944e-16 5.249177014866701812e-19
2.214183007812500000e+04 1.195045301009896202e-16 1.386666140139500598e-18
2.215199609375000000e+04 1.050432292367455564e-16 9.994960860255070336e-19
2.216216406250000000e+04 1.053581071174424422e-16 9.302569328517558521e-19
2.217233203125000000e+04 1.068998129605636756e-16 1.059019796109669767e-18
2.218249804687500000e+04 1.053947545273009915e-16 9.598121995358521001e-19
2.219266601562500000e+04 1.078267780247702001e-16 1.084555688799794284e-18
2.220283203125000000e+04 1.105548726245292887e-16 1.035690407703530451e-18
2.221300000000000000e+04 1.061710337536799561e-16 7.616490379811040171e-19
2.222316796875000000e+04 1.016014564393655163e-16 5.896615933202902184e-19
2.223333398437500000e+04 1.092833570566923763e-16 5.384971120126469600e-19
2.224350195312500000e+04 1.074545666014560389e-16 9.957241424322652274e-19
2.225366992187500000e+04 1.178672815883960619e-16 1.196251748069207855e-18
2.226383593750000000e+04 1.170141738267231721e-16 5.507018517581371759e-19
2.227400390625000000e+04 1.093732748979993406e-16 5.551993878449528411e-19
2.228417187500000000e+04 1.115359088310171796e-16 1.093761175041743791e-18
2.229433789062500000e+04 1.154999171450488984e-16 8.412572103259371079e-19
2.230450585937500000e+04 1.047201391069272442e-16 9.957996226631606912e-19
2.231467187500000000e+04 1.079357871946148883e-16 6.412917256140125467e-19
2.232483984375000000e+04 9.530383265097879756e-17 9.451757555846091210e-19
2.233500781250000000e+04 9.960048006782014070e-17 1.046843904288042338e-18
2.234517382812500000e+04 9.868790794627203887e-17 1.013119647316678830e-18
2.235534179687500000e+04 1.102026988243736121e-16 1.093342518254215390e-18
2.236550976562500000e+04 1.115801001280622125e-16 1.030287160544757505e-18
2.237567578125000000e+04 1.009450125226883340e-16 1.026167697696666858e-18
2.238584375000000000e+04 1.022659868737110171e-16 8.294572203939267453e-19
2.239600976562500000e+04 1.035994417258159002e-16 9.266668655956991429e-19
2.240617773437500000e+04 1.012647277556074298e-16 1.028816019825331945e-18
2.241634570312500000e+04 1.015965926173637045e-16 1.076712052038836768e-18
2.242651171875000000e+04 7.865005317721598162e-17 5.751064198642305743e-19
2.243667968750000000e+04 9.798868886575851436e-17 9.243473477605238841e-19
2.244684765625000000e+04 9.907504832528155709e-17 1.034532561641109350e-18
2.245701367187500000e+04 9.844479625552025382e-17 4.974756227737054961e-19
2.246718164062500000e+04 1.027262301665355217e-16 9.431790449834826813e-19
2.247734960937500000e+04 9.091397190527007884e-17 1.008761129271560358e-18
2.248751562500000000e+04 9.854625492073355798e-17 1.115897665607005072e-18
2.249768359375000000e+04 9.560411906567024788e-17 1.031260441933002711e-18
2.250784960937500000e+04 9.458138633886478404e-17 1.254378763689074801e-18
2.251801757812500000e+04 9.990649718979535839e-17 9.649819749667319539e-19
2.252818554687500000e+04 1.038624256036036592e-16 1.001968322081274895e-18
2.253835156250000000e+04 1.071781890151898213e-16 1.082637353561707244e-18
2.254851953125000000e+04 1.014734287328770089e-16 1.032702527933412346e-18
2.255868750000000000e+04 9.850023059145110753e-17 9.406329830580444621e-19
2.256885351562500000e+04 9.759542073277120331e-17 7.822171941049647576e-19
2.257902148437500000e+04 9.741739823005999090e-17 9.868889229120097697e-19
2.258918945312500000e+04 1.003373193225925769e-16 9.522533197007659640e-19
2.259935546875000000e+04 1.007321756423559898e-16 9.885511423529350788e-19
2.260952343750000000e+04 9.356422550066547739e-17 5.445814390082807551e-19
2.261968945312500000e+04 1.033409047710012263e-16 1.120902935493563442e-18
2.262985742187500000e+04 1.028173126781449607e-16 7.715228344592080856e-19
2.264002539062500000e+04 9.845335922922140276e-17 9.608555844810111753e-19
2.265019140625000000e+04 8.408285632645605976e-17 5.796450047889441834e-19
2.266035937500000000e+04 1.023556797218913670e-16 9.762325618756422524e-19
2.267052734375000000e+04 9.195074023270934246e-17 9.858263060176088365e-19
2.268069335937500000e+04 9.513906489040313487e-17 1.010823910924114471e-18
2.269086132812500000e+04 9.419676720636232744e-17 1.032705836655862558e-18
2.270102929687500000e+04 9.790524288556416493e-17 1.013620194984849981e-18
2.271119531250000000e+04 9.223331174740235713e-17 1.000672336856557439e-18
2.272136328125000000e+04 8.165457168535559087e-17 5.807257162592447141e-19
2.273152929687500000e+04 8.113964844531888093e-17 5.771215869327746034e-19
2.274169726562500000e+04 9.560221324153892570e-17 1.050875065605742949e-18
2.275186523437500000e+04 8.902336789721887879e-17 9.895894608168422668e-19
2.276203125000000000e+04 1.011337949908076362e-16 8.665256134854772899e-19
2.277219921875000000e+04 1.000386012423425271e-16 1.017174590076990341e-18
2.278236718750000000e+04 9.604031456372661086e-17 9.599161141003040742e-19
2.279253320312500000e+04 8.967500754889835314e-17 1.096101372392232875e-18
2.280270117187500000e+04 9.392331453074209734e-17 1.027358630983590080e-18
2.281286718750000000e+04 7.593179210057892335e-17 1.158197510783858956e-18
2.282303515625000000e+04 1.032006347914469341e-16 1.094685962966578076e-18
2.283320312500000000e+04 9.346592335666967558e-17 9.085259675817986929e-19
2.284336914062500000e+04 7.700023813675651771e-17 5.520815890198756261e-19
2.285353710937500000e+04 9.118898629788680906e-17 1.022506596305507157e-18
2.286370507812500000e+04 9.509746101431416779e-17 1.119557216034516236e-18
2.287387109375000000e+04 7.855813025010418876e-17 5.499484970152545060e-19
2.288403906250000000e+04 1.144626591266870034e-16 1.479994240316867913e-18
2.289420703125000000e+04 8.721747380133800919e-17 9.880354986385848352e-19
2.290437304687500000e+04 9.850027691356541049e-17 9.900313820590987218e-19
2.291454101562500000e+04 9.417932362160480919e-17 9.557663557622786726e-19
2.292470703125000000e+04 8.954474314603350234e-17 1.039972204746834629e-18
2.293487500000000000e+04 8.991749719982949831e-17 1.144385248915448499e-18
2.294504296875000000e+04 9.643586571520456827e-17 1.158411130177050775e-18
2.295520898437500000e+04 1.038151042551207256e-16 9.065697888306873516e-19
2.296537695312500000e+04 9.466287355536860790e-17 1.049730661228275835e-18
2.297554492187500000e+04 8.636067350541068270e-17 1.011542627478846483e-18
2.298571093750000000e+04 9.736487556988532386e-17 5.753684293232567458e-19
2.299587890625000000e+04 9.322121024425198787e-17 9.347974306316359901e-19
2.300604687500000000e+04 8.425665689932080151e-17 1.093801086506299475e-18
2.301621289062500000e+04 8.947524673968924717e-17 8.287110000838273452e-19
2.302638085937500000e+04 9.052358236081445232e-17 9.931941071311952232e-19
2.303654687500000000e+04 9.834654705108365541e-17 1.157298985843473229e-18
2.304671484375000000e+04 9.905902749117763005e-17 9.819928408663083989e-19
2.305688281250000000e+04 9.092268046275903712e-17 9.991199256419485443e-19
2.306704882812500000e+04 9.103198741762424441e-17 1.187929173733582137e-18
2.307721679687500000e+04 9.399011763701187985e-17 9.601556862852147448e-19
2.308738476562500000e+04 1.017776789970638134e-16 1.046832323759466595e-18
2.309755078125000000e+04 8.831065584655338929e-17 9.588940290559182393e-19
2.310771875000000000e+04 9.354912449140270932e-17 9.554459266724909435e-19
2.311788476562500000e+04 9.689115254179865512e-17 9.920664531611323082e-19
2.312805273437500000e+04 9.637321174688735174e-17 1.107732875973223843e-18
2.313822070312500000e+04 1.050165278465723447e-16 1.097924064871993472e-18
2.314838671875000000e+04 9.958509450842665438e-17 9.098245377459303773e-19
2.315855468750000000e+04 9.251420243109066406e-17 6.232771794386795718e-19
2.316872265625000000e+04 8.712631849783466554e-17 1.043295299460189849e-18
2.317888867187500000e+04 1.022395369464440215e-16 1.119669815995400016e-18
2.318905664062500000e+04 1.050587736148166529e-16 1.044662525615163435e-18
2.319922460937500000e+04 8.877643132331464854e-17 1.120292372803922739e-18
2.320939062500000000e+04 9.934997669111458179e-17 1.191558015080852269e-18
2.321955859375000000e+04 1.049899455704073406e-16 8.593766533426994637e-19
2.322972460937500000e+04 9.990351933959016749e-17 1.090190960120388354e-18
2.323989257812500000e+04 1.102149344799944965e-16 1.118861660536935708e-18
2.325006054687500000e+04 9.560106842357115231e-17 8.834233107374988238e-19
2.326022656250000000e+04 8.508230226465693076e-17 1.182937035339248045e-18
2.327039453125000000e+04 9.497710954391015248e-17 1.120915239805175169e-18
2.328056250000000000e+04 9.374186419157246519e-17 9.088169283622642204e-19
2.329072851562500000e+04 8.785625575757595928e-17 9.665844306084003068e-19
2.330089648437500000e+04 1.008437656157118434e-16 1.029163849272910493e-18
2.331106445312500000e+04 9.349644301255043209e-17 9.912263478515081395e-19
2.332123046875000000e+04 9.356493356726982278e-17 8.563325769897160373e-19
2.333139843750000000e+04 1.142610917550200816e-16 1.341184131146155217e-18
2.334156445312500000e+04 1.037472357402219748e-16 1.159344189908010590e-18
2.335173242187500000e+04 1.024312178554297095e-16 9.968781627843532702e-19
2.336190039062500000e+04 9.640705997755302163e-17 1.120901177734761767e-18
2.337206640625000000e+04 1.083139940230088338e-16 1.186895094570314283e-18
2.338223437500000000e+04 1.088737769220255195e-16 1.551457578760197617e-18
2.339240234375000000e+04 1.053037448075854572e-16 1.381942938841822810e-18
2.340256835937500000e+04 1.071184070179593889e-16 1.191170274168718037e-18
2.341273632812500000e+04 1.063024363570676798e-16 1.148687518678913365e-18
2.342290429687500000e+04 9.883012345462705581e-17 1.263758474847543290e-18
2.343307031250000000e+04 1.044217916035916182e-16 9.883071240722319357e-19
2.344323828125000000e+04 1.055271365125339780e-16 1.090284017939300570e-18
2.345340429687500000e+04 1.098370188191761696e-16 1.046589649647258851e-18
2.346357226562500000e+04 1.085818483402433050e-16 1.348819731983055646e-18
2.347374023437500000e+04 9.932376499186400145e-17 1.295778222769164714e-18
2.348390625000000000e+04 1.124632775593626299e-16 1.105804304375056459e-18
2.349407421875000000e+04 9.937761114101875334e-17 1.417051792761023517e-18
2.350424218750000000e+04 1.013080521673705072e-16 1.216565339359555402e-18
2.351440820312500000e+04 9.492514274910712107e-17 1.196357006802155228e-18
2.352457617187500000e+04 1.014899591102382686e-16 1.379640791799511165e-18
2.353474218750000000e+04 1.063767436458545434e-16 1.233281935756216107e-18
2.354491015625000000e+04 1.043584758907843593e-16 1.231155461196495411e-18
2.355507812500000000e+04 9.732934650821494621e-17 1.224486214110210056e-18
2.356524414062500000e+04 1.072959927693071733e-16 1.067372769332806809e-18
2.357541210937500000e+04 1.018134198169710046e-16 1.058232940551978699e-18
2.358558007812500000e+04 1.031071369124488403e-16 1.133095681120171639e-18
2.359574609375000000e+04 1.032083374973110279e-16 1.167567605967706515e-18
2.360591406250000000e+04 1.125433089379883605e-16 1.099445250018478490e-18
2.361608203125000000e+04 1.021312490780934795e-16 1.029034912494928790e-18
2.362624804687500000e+04 1.062009843092992761e-16 1.325114389988510979e-18
2.363641601562500000e+04 1.102592448910477371e-16 1.148686174510417967e-18
2.364658203125000000e+04 1.042374626758903015e-16 1.186901608617638138e-18
2.365675000000000000e+04 9.617593247951590485e-17 1.424873509235748377e-18
2.366691796875000000e+04 1.138767240854238411e-16 1.162614448459738985e-18
2.367708398437500000e+04 1.128851132019850724e-16 1.234237432761291423e-18
2.368725195312500000e+04 1.069415955076649541e-16 1.416814185130067659e-18
2.369741992187500000e+04 1.070915997486677703e-16 1.557808051117920349e-18
2.370758593750000000e+04 1.063250349314026285e-16 1.595949245765163886e-18
2.371775390625000000e+04 1.316740509775391659e-16 1.586430258071056781e-18
2.372792187500000000e+04 1.161445753923584252e-16 1.146055740162499339e-18
2.373808789062500000e+04 1.085036830810794941e-16 1.237863172181264482e-18
2.374825585937500000e+04 1.099046160188340030e-16 1.267728218004761839e-18
2.375842187500000000e+04 1.170361040391231780e-16 1.165669329859473885e-18
2.376858984375000000e+04 1.214400136203554973e-16 1.378642488197736230e-18
2.377875781250000000e+04 1.071841447156002031e-16 1.262982062445085704e-18
2.378892382812500000e+04 1.103093257140541476e-16 1.130066338921849314e-18
2.379909179687500000e+04 1.116177269197660246e-16 1.279536841634415723e-18
2.380925976562500000e+04 1.043135169701308771e-16 1.205966053785454043e-18
2.381942578125000000e+04 1.036686535820294372e-16 1.253117933640390849e-18
2.382959375000000000e+04 1.205196726184942974e-16 1.301131839091184479e-18
2.383976171875000000e+04 1.093809842213083348e-16 1.174806366905734629e-18
2.384992773437500000e+04 9.741814600133373884e-17 1.412482757250010299e-18
2.386009570312500000e+04 1.108753554810568338e-16 1.421437090778473393e-18
2.387026171875000000e+04 1.070244723875978670e-16 1.356272319109428718e-18
2.388042968750000000e+04 1.032132277890924414e-16 1.212355300234390198e-18
2.389059765625000000e+04 1.139772695432408867e-16 1.546979946706871509e-18
2.390076367187500000e+04 1.114237696097345907e-16 1.289865122160329396e-18
2.391093164062500000e+04 1.053980433974165023e-16 1.327590348357035329e-18
2.392109960937500000e+04 1.168978656151533160e-16 1.095488534955907651e-18
2.393126562500000000e+04 1.123631423831294106e-16 1.287206873864313673e-18
2.394143359375000000e+04 1.192285429439725276e-16 1.742491115518986301e-18
2.395159960937500000e+04 1.294191830974992141e-16 1.667892452361350915e-18
2.396176757812500000e+04 1.110768169736053488e-16 1.494951837140934605e-18
2.397193554687500000e+04 1.127723519408818436e-16 1.418594277808281775e-18
2.398210156250000000e+04 1.189049631232315840e-16 1.336630915464357076e-18
2.399226953125000000e+04 1.127416999361030786e-16 1.495389002094668880e-18
2.400243750000000000e+04 1.040014779732962734e-16 1.210814262753203908e-18
2.401260351562500000e+04 1.062179712903586651e-16 1.346727999009062178e-18
2.402277148437500000e+04 1.057046494719878578e-16 1.202409590741782301e-18
2.403293945312500000e+04 1.196486977555902623e-16 1.545854567483493115e-18
2.404310546875000000e+04 1.068334002835430181e-16 1.189720019759759442e-18
2.405327343750000000e+04 1.081425426430837426e-16 1.576796912657264221e-18
2.406343945312500000e+04 1.020244302825108317e-16 1.437340155042688196e-18
2.407360742187500000e+04 1.137499206062419122e-16 1.185617927704532408e-18
2.408377539062500000e+04 1.015532682056006272e-16 1.209806963562267458e-18
2.409394140625000000e+04 9.852230638763892273e-17 1.137139663737366823e-18
2.410410937500000000e+04 1.133488769754966027e-16 1.547266978379427410e-18
2.411427734375000000e+04 9.984460422764169065e-17 1.150811201504066695e-18
2.412444335937500000e+04 1.099239191056085405e-16 1.255227967985437053e-18
2.413461132812500000e+04 1.256124582138607782e-16 1.688060563261465697e-18
2.414477929687500000e+04 1.208712309962742346e-16 1.357296265310192797e-18
2.415494531250000000e+04 1.214336608732510901e-16 1.516274485381020276e-18
2.416511328125000000e+04 1.295939630522092187e-16 1.692698771751203662e-18
2.417527929687500000e+04 1.087883721781406445e-16 1.581151501594473066e-18
2.418544726562500000e+04 1.100821025085082811e-16 1.268528515247406893e-18
2.419561523437500000e+04 8.740043291794493806e-17 1.434253013599063727e-18
2.420578125000000000e+04 1.074872170745947320e-16 1.271702820848079137e-18
2.421594921875000000e+04 9.757773230255236937e-17 1.119639520505465262e-18
2.422611718750000000e+04 9.906334206525270665e-17 1.137973565192396844e-18
2.423628320312500000e+04 1.162890209796448851e-16 1.236018973005577507e-18
2.424645117187500000e+04 9.759489133717916937e-17 1.170743669327180434e-18
2.425661718750000000e+04 9.508818997400867346e-17 1.337633354969194777e-18
2.426678515625000000e+04 9.786811901967278505e-17 1.110245850674159941e-18
2.427695312500000000e+04 8.034533006414135993e-17 1.154923426521797503e-18
2.428711914062500000e+04 9.103642110570752863e-17 1.011210617860483012e-18
2.429728710937500000e+04 8.971038440933602103e-17 1.256209934770114066e-18
2.430745507812500000e+04 8.816900943845980883e-17 1.244692478716078847e-18
2.431762109375000000e+04 1.004553083651671408e-16 1.381501224394719493e-18
2.432778906250000000e+04 9.241675393748701698e-17 1.126510909853943263e-18
2.433795703125000000e+04 1.029013079062660453e-16 1.293438542406558476e-18
2.434812304687500000e+04 1.225648336696398056e-16 1.748781410487145800e-18
2.435829101562500000e+04 1.164352135723850570e-16 1.470937232994871675e-18
2.436845703125000000e+04 7.976794476168954577e-17 1.228716932750689086e-18
2.437862500000000000e+04 8.469767651470957374e-17 1.048258279737931446e-18
2.438879296875000000e+04 8.333608428688808680e-17 1.271273927700470392e-18
2.439895898437500000e+04 8.712270537291903392e-17 1.008566845225186966e-18
2.440912695312500000e+04 1.024994172425734815e-16 1.183253018333243302e-18
2.441929492187500000e+04 8.938570609274160703e-17 1.017453556738573850e-18
2.442946093750000000e+04 8.010700940349748203e-17 1.167390692714196736e-18
2.443962890625000000e+04 8.942498724567052521e-17 1.309048474541199799e-18
2.444979687500000000e+04 8.171440000470032625e-17 1.279141345904038807e-18
2.445996289062500000e+04 8.227893422915551658e-17 1.211994132499434233e-18
2.447013085937500000e+04 1.002875892241658889e-16 1.185660217313349182e-18
2.448029687500000000e+04 8.624128156451722890e-17 1.296179922354135778e-18
2.449046484375000000e+04 9.568446808165119877e-17 1.523892508629903954e-18
2.450063281250000000e+04 1.005937916345983184e-16 1.592059945922516119e-18
2.451079882812500000e+04 8.502218277773657671e-17 1.422421435707411496e-18
2.452096679687500000e+04 7.005824726863589080e-17 1.226010294388839010e-18
2.453113476562500000e+04 9.202644380237019555e-17 1.146877957691377048e-18
2.454130078125000000e+04 8.287901075017088540e-17 1.256516715379794671e-18
2.455146875000000000e+04 8.613419807113856415e-17 1.233254535398425288e-18
2.456163671875000000e+04 8.072337807385769528e-17 9.001760962859587242e-19
2.457180273437500000e+04 7.875081039326984082e-17 1.049786185726893457e-18
2.458197070312500000e+04 7.541392409756152463e-17 8.371493797052104879e-19
2.459213671875000000e+04 7.500253078299195164e-17 1.075223437128971026e-18
2.460230468750000000e+04 5.817508308526240244e-17 7.127254923504434798e-19
2.461247265625000000e+04 1.026124101142482251e-16 8.428497398002548244e-19
2.462263867187500000e+04 7.675696762732712249e-17 1.217498502488091786e-18
2.463280664062500000e+04 1.413155093787796463e-16 2.489180230230550820e-18
2.464297460937500000e+04 8.419802633750304291e-17 6.681606198612662682e-19
2.465314062500000000e+04 7.414256073095732195e-17 1.096014828620644515e-18
2.466330859375000000e+04 6.730797761101548057e-17 6.950283250363894447e-19
2.467347460937500000e+04 6.712453542093082073e-17 1.072002809413995813e-18
2.468364257812500000e+04 9.783190174373276328e-17 1.398742356697315387e-18
2.469381054687500000e+04 7.622182809311961655e-17 1.017117824807453890e-18
2.470397656250000000e+04 7.281865485184375094e-17 1.184418515816330518e-18
2.471414453125000000e+04 8.149643460457015325e-17 1.299900994339705573e-18
2.472431250000000000e+04 6.613121723670774255e-17 1.167308284845671141e-18
2.473447851562500000e+04 3.270425311339885603e-17 8.778017912945884477e-19
2.474464648437500000e+04 5.982343567039887259e-17 1.039093015153267330e-18
2.475481445312500000e+04 7.282376351930687844e-17 1.027612368636490721e-18
2.476498046875000000e+04 6.835420888466235082e-17 1.051882778386985675e-18
2.477514843750000000e+04 6.658864149800466643e-17 1.026311937315980792e-18
2.478531445312500000e+04 5.706401408648117566e-17 1.209022899739143757e-18
2.479548242187500000e+04 8.516285642142979481e-17 1.391818544777516838e-18
2.480565039062500000e+04 6.262508317022617648e-17 8.907832536352659567e-19
2.481581640625000000e+04 5.772369393371466545e-17 1.138700450155677817e-18
2.482598437500000000e+04 2.127791762128125336e-16 3.434545927163317430e-18
2.483615234375000000e+04 5.469805254145290209e-17 1.033498689272994635e-18
2.484631835937500000e+04 6.195201623195912850e-17 1.215288689481656373e-18
2.485648632812500000e+04 1.024574560244598915e-16 1.819553742926264018e-18
2.486665429687500000e+04 6.909385393607256690e-17 7.831930087338359074e-19
2.487682031250000000e+04 7.348084932813940193e-17 1.410491113130135747e-18
2.488698828125000000e+04 4.096707936619925711e-17 1.121069302194263170e-18
2.489715429687500000e+04 3.520029046411231831e-17 1.105276976734553904e-18
2.490732226562500000e+04 4.626746082553694615e-17 1.083518921299535633e-18
2.491749023437500000e+04 6.615128132964582879e-17 1.373659965778023067e-18
2.492765625000000000e+04 5.383573660520107201e-17 1.266470283088221822e-18
2.493782421875000000e+04 1.146629410596820177e-17 9.374899035254960952e-19
2.494799218750000000e+04 1.293077023119842175e-17 7.023704318521984029e-19
2.495815820312500000e+04 5.736368507879688653e-17 1.127252270477943914e-18
2.496832617187500000e+04 4.891548103327845152e-17 1.168471714377226974e-18
2.497849414062500000e+04 6.264742366421000865e-17 1.151146416447303809e-18
2.498866015625000000e+04 8.696613662657499684e-17 1.217593835053688522e-18
2.499882812500000000e+04 4.276742473453112100e-17 7.003045482723472162e-19
2.500899414062500000e+04 3.314165629514954643e-17 7.001530708226734431e-19
2.501916210937500000e+04 3.974529720551148290e-17 6.867803003534700675e-19
2.502933007812500000e+04 3.444532271903516995e-17 7.894853716535267890e-19
2.503949609375000000e+04 7.147412901442045806e-17 1.191569182019121735e-18
2.504966406250000000e+04 4.314558524081076355e-17 1.032862277189211649e-18
2.505983203125000000e+04 1.564163135007558064e-17 6.863549744222529575e-19
2.506999804687500000e+04 6.033890815836231774e-17 9.553276398448958605e-19
2.508016601562500000e+04 3.398199238816461745e-17 6.155620658653974827e-19
2.509033203125000000e+04 3.466786408231398631e-17 9.332628038001969855e-19
2.510050000000000000e+04 7.812509127326532814e-17 1.441843843285309724e-18
2.511066796875000000e+04 1.593350368357614156e-17 6.851648166171540044e-19
2.512083398437500000e+04 6.626495579814531607e-17 1.242434896029268497e-18
2.513100195312500000e+04 3.776390516214891274e-17 8.871125362694853273e-19
2.514116992187500000e+04 5.866050575593302120e-17 1.417595767411353701e-18
2.515133593750000000e+04 3.460705968984643835e-17 1.210195635052590812e-18
2.516150390625000000e+04 4.966722939141154350e-17 1.731539037413631076e-18
2.517167187500000000e+04 5.097826764891623961e-17 1.089404621550580132e-18
2.518183789062500000e+04 7.888489306184223639e-17 1.942204361842870473e-18
2.519200585937500000e+04 4.277827817134842927e-18 5.231081404991338640e-19
2.520217187500000000e+04 4.287826031916832628e-17 1.035951796777097208e-18
2.521233984375000000e+04 1.605274176887566050e-17 8.014412334322151127e-19
2.522250781250000000e+04 3.410293942860967095e-17 1.301353213302618983e-18
2.523267382812500000e+04 5.081854238135470017e-17 1.336507148565203829e-18
2.524284179687500000e+04 5.832288371711337742e-17 1.524092169350258941e-18
2.525300976562500000e+04 3.603887955167367734e-17 6.919383918581976098e-19
2.526317578125000000e+04 -8.189315538943426064e-18 9.521856976856897540e-19
2.527334375000000000e+04 1.942673869558555572e-17 1.232802687988818197e-18
2.528351171875000000e+04 1.060190508966519130e-16 3.453498909743591815e-18
2.529367773437500000e+04 1.059391320145894896e-16 2.781185119424273364e-18
2.530384570312500000e+04 4.064154739921268839e-17 2.650781750216513657e-18
2.531401171875000000e+04 -2.553580170025713652e-17 4.706161894047078499e-19
2.532417968750000000e+04 4.628505992024962437e-17 1.625641721033367367e-18
2.533434765625000000e+04 3.905829392828414151e-17 2.352016313876395218e-18
2.534451367187500000e+04 2.863956037520718270e-17 4.983819852503951623e-18
2.535468164062500000e+04 2.254320948218931683e-17 5.339936409049362269e-18
2.536484960937500000e+04 2.244930132160739670e-17 5.341165185849309791e-18
2.537501562500000000e+04 2.235398033653923601e-17 5.342529620269716010e-18
