9.352875976562500000e+03 6.268059056274873087e-15 2.640443564202764662e-17
9.359822265625000000e+03 6.172949961792423973e-15 2.590623303089308358e-17
9.366768554687500000e+03 6.266555149277023076e-15 2.613090190270738632e-17
9.373714843750000000e+03 6.303838151483368360e-15 2.596830797278151299e-17
9.380661132812500000e+03 6.260265506127186269e-15 2.501374485461776927e-17
9.387607421875000000e+03 6.200585682246016403e-15 2.441199577440381822e-17
9.394553710937500000e+03 6.269166975369881711e-15 2.464493976106610145e-17
9.401500000000000000e+03 6.375394647834464398e-15 2.538503479872954638e-17
9.408446289062500000e+03 6.176363081053385176e-15 2.483830811850139763e-17
9.415392578125000000e+03 6.012018360495316807e-15 2.465166970252983289e-17
9.422338867187500000e+03 6.052552698669697723e-15 2.522378586447968427e-17
9.429285156250000000e+03 6.061216575170688334e-15 2.544494087305186175e-17
9.436231445312500000e+03 6.051716253634284101e-15 2.543139496334069336e-17
9.443177734375000000e+03 5.949556033382416564e-15 2.477300717222401141e-17
9.450124023437500000e+03 5.907434778981354717e-15 2.477413048349585842e-17
9.457070312500000000e+03 5.843821334093135880e-15 2.490683176044529044e-17
9.464016601562500000e+03 5.637543823964769746e-15 2.343821394188801746e-17
9.470962890625000000e+03 5.606510230843266690e-15 2.354960208317440816e-17
9.477909179687500000e+03 5.549729377224074667e-15 2.370277608028452761e-17
9.484855468750000000e+03 5.421238290773859950e-15 2.293127299476244423e-17
9.491801757812500000e+03 5.559842527097817386e-15 2.386277266308698444e-17
9.498748046875000000e+03 5.485971513218348972e-15 2.285360735268861536e-17
9.505694335937500000e+03 5.446939387975923558e-15 2.270025633892740956e-17
9.512640625000000000e+03 5.538241069360464591e-15 2.339358093039588119e-17
9.519586914062500000e+03 5.485547149711774567e-15 2.309022236690940892e-17
9.526533203125000000e+03 5.429801793870600926e-15 2.256689497184916022e-17
9.533479492187500000e+03 5.434563813100064603e-15 2.283694462642934717e-17
9.540425781250000000e+03 5.690150075703418950e-15 2.385868142777729716e-17
9.547372070312500000e+03 5.454704986036350983e-15 2.296552654392826511e-17
9.554318359375000000e+03 5.377121850265540598e-15 2.261816858929887220e-17
9.561264648437500000e+03 5.283136344987624314e-15 2.221349198130322979e-17
9.568210937500000000e+03 5.224906641512153810e-15 2.166228363651626873e-17
9.575157226562500000e+03 5.214557592962600768e-15 2.160462087601519717e-17
9.582102539062500000e+03 5.205276229443061772e-15 2.220895241410153877e-17
9.589048828125000000e+03 5.145751836107713070e-15 2.151519272563086425e-17
9.595995117187500000e+03 5.112344433151529838e-15 2.124236208983127402e-17
9.602941406250000000e+03 5.019870458167988853e-15 2.079981715339295400e-17
9.609887695312500000e+03 5.016090573640866537e-15 2.076911055469376051e-17
9.616833984375000000e+03 5.096963161862338998e-15 2.342829770070473176e-17
9.623780273437500000e+03 4.947288204917767857e-15 2.047255968764859967e-17
9.630726562500000000e+03 4.948484215439290929e-15 2.035515628894772334e-17
9.637672851562500000e+03 4.976351175887483783e-15 2.033566956807719912e-17
9.644619140625000000e+03 4.947717650622025787e-15 2.019259379188512702e-17
9.651565429687500000e+03 4.935585174202028816e-15 2.007307611953856516e-17
9.658511718750000000e+03 4.852324376585772855e-15 1.973196006981149740e-17
9.665458007812500000e+03 4.800679930758730909e-15 1.940444617807725162e-17
9.672404296875000000e+03 4.822847630021323204e-15 1.931821259921859848e-17
9.679350585937500000e+03 4.856625186375456565e-15 1.937861994499212099e-17
9.686296875000000000e+03 4.733604662215083747e-15 1.886956472422086223e-17
9.693243164062500000e+03 4.732331148178886907e-15 1.893796098035042187e-17
9.700189453125000000e+03 4.730615482944223321e-15 1.878562409002020609e-17
9.707135742187500000e+03 4.613263726783349908e-15 1.847795922426478276e-17
9.714082031250000000e+03 4.626931026903771671e-15 1.845563858261565186e-17
9.721028320312500000e+03 4.611540014735687407e-15 1.847984519606140366e-17
9.727974609375000000e+03 4.671524770477868821e-15 1.902989383362956537e-17
9.734920898437500000e+03 4.635352651981847552e-15 1.859022252263925457e-17
9.741867187500000000e+03 4.554212824865516360e-15 1.821793499870873851e-17
9.748813476562500000e+03 4.560159843188188802e-15 1.819335615398733785e-17
9.755759765625000000e+03 4.471814306789565277e-15 1.815336031700917385e-17
9.762706054687500000e+03 4.298361017433197789e-15 1.957254251343782769e-17
9.769652343750000000e+03 4.246157953377441632e-15 1.841111475896437259e-17
9.776598632812500000e+03 4.497394701796645147e-15 1.792708175172284292e-17
9.783544921875000000e+03 4.467643516557285102e-15 1.791007657268997778e-17
9.790491210937500000e+03 4.407253032033368878e-15 1.761335696079985611e-17
9.797437500000000000e+03 4.368193378220157699e-15 1.745796942837054476e-17
9.804383789062500000e+03 4.367904116468670356e-15 1.734818105438883161e-17
9.811330078125000000e+03 4.298807827312874433e-15 1.703883866635115074e-17
9.818276367187500000e+03 4.270512691709844530e-15 1.700466618088536006e-17
9.825222656250000000e+03 4.238289440813922809e-15 1.693200001843380169e-17
9.832168945312500000e+03 4.203020259439674625e-15 1.680636617263802274e-17
9.839115234375000000e+03 4.155245907148637577e-15 1.665104977774139094e-17
9.846061523437500000e+03 4.138109160076262200e-15 1.716244922836862499e-17
9.853007812500000000e+03 4.169670031207431057e-15 1.667934100905192960e-17
9.859954101562500000e+03 4.144378474435364904e-15 1.655460713576260834e-17
9.866900390625000000e+03 4.125613730038366761e-15 1.659407523150996350e-17
9.873846679687500000e+03 4.123179780864431529e-15 1.651653201216679248e-17
9.880792968750000000e+03 4.093461206393540774e-15 1.642739337499685311e-17
9.887739257812500000e+03 4.070393534624490786e-15 1.630039302682913656e-17
9.894685546875000000e+03 4.009190745504157688e-15 1.607432787414084431e-17
9.901631835937500000e+03 3.946221892688799374e-15 1.591341146649722851e-17
9.908578125000000000e+03 3.984793655524392075e-15 1.656445720249688979e-17
9.915524414062500000e+03 3.971796781981722091e-15 1.595765239437901465e-17
9.922470703125000000e+03 3.946461603012872341e-15 1.595276872004250157e-17
9.929416992187500000e+03 3.945050022606273049e-15 1.604744781295532112e-17
9.936363281250000000e+03 4.026764561577316284e-15 2.045318380898015755e-17
9.943309570312500000e+03 3.905629109241057911e-15 1.588428478276801130e-17
9.950255859375000000e+03 3.872476663201998223e-15 1.606961294464929205e-17
9.957202148437500000e+03 3.898752472258773874e-15 1.577629800816043865e-17
9.964148437500000000e+03 3.843833397057646803e-15 1.584933309316519567e-17
9.971094726562500000e+03 3.806673214628653393e-15 1.580594912439801448e-17
9.978041015625000000e+03 3.847999952125190706e-15 1.574829298134184334e-17
9.984987304687500000e+03 3.871135386530021039e-15 1.583056601942759258e-17
9.991933593750000000e+03 3.847580670816299828e-15 1.573502665867771788e-17
9.998879882812500000e+03 3.761666966009243399e-15 1.549186202836672945e-17
1.000582617187500000e+04 3.808243613712862866e-15 1.560688149254222794e-17
1.001277246093750000e+04 3.695235866021983132e-15 1.528721258173743508e-17
1.001971875000000000e+04 3.736017961333435930e-15 1.537608321238890727e-17
1.002666503906250000e+04 3.777788967610808124e-15 1.555043468754160933e-17
1.003361132812500000e+04 3.728409064368250550e-15 1.539778015985617318e-17
1.004055761718750000e+04 3.830977978017168287e-15 1.584322519152210412e-17
1.004750390625000000e+04 3.797473166272050810e-15 1.579021118606358057e-17
1.005444921875000000e+04 3.667499348647667440e-15 1.511632203026765488e-17
1.006139550781250000e+04 3.618192713755047363e-15 1.489036771978144474e-17
1.006834179687500000e+04 3.599340301448008400e-15 1.510338492548732553e-17
1.007528808593750000e+04 3.597227801277556175e-15 1.477865036061125792e-17
1.008223437500000000e+04 3.669293364429952048e-15 1.533219466344806873e-17
1.008918066406250000e+04 3.590606968245342936e-15 1.483600540992445976e-17
1.009612695312500000e+04 3.563850467991000470e-15 1.491146578848522226e-17
1.010307324218750000e+04 3.630611487311216287e-15 1.489839964352933463e-17
1.011001953125000000e+04 3.647113383189624566e-15 1.467448350607245515e-17
1.011696582031250000e+04 3.690745320852114458e-15 1.485562117097054225e-17
1.012391210937500000e+04 3.533856396054015254e-15 1.465056640584109691e-17
1.013085839843750000e+04 3.528314682996603995e-15 1.436185555664171366e-17
1.013780468750000000e+04 3.590332529570432543e-15 1.457128776157278963e-17
1.014475097656250000e+04 3.495267057284767026e-15 1.446157217948498114e-17
1.015169726562500000e+04 3.457434542453890515e-15 1.439490969391933264e-17
1.015864355468750000e+04 3.413815733802083065e-15 1.419438787854667789e-17
1.016558984375000000e+04 3.428697255652393867e-15 1.417883522866945586e-17
1.017253613281250000e+04 3.429202934321904685e-15 1.421706751658165680e-17
1.017948242187500000e+04 3.426801807674675557e-15 1.425956474773218115e-17
1.018642871093750000e+04 3.426441183397382038e-15 1.463937465215325444e-17
1.019337500000000000e+04 3.381199883135108976e-15 1.403214136447807683e-17
1.020032128906250000e+04 3.365117903840302016e-15 1.391651309537173930e-17
1.020726757812500000e+04 3.420140317060994112e-15 1.409663829120006150e-17
1.021421386718750000e+04 3.399411515017550060e-15 1.412546057246385920e-17
1.022116015625000000e+04 3.369137075175023671e-15 1.407640214469456423e-17
1.022810644531250000e+04 3.374802243284497245e-15 1.420488645488120091e-17
1.023505273437500000e+04 3.375046188773306484e-15 1.399756521487336027e-17
1.024199902343750000e+04 3.336461720443504968e-15 1.387014714049630444e-17
1.024894531250000000e+04 3.350669851100748602e-15 1.394910897459000391e-17
1.025589160156250000e+04 3.297530815638276443e-15 1.374937132643804942e-17
1.026283789062500000e+04 3.285387116031728352e-15 1.367880785710360084e-17
1.026978417968750000e+04 3.377528630583472025e-15 1.395782414952386261e-17
1.027673046875000000e+04 3.259211680379202336e-15 1.359438414942521373e-17
1.028367675781250000e+04 3.275595203403231827e-15 1.365379308819938473e-17
1.029062304687500000e+04 3.293550607819128485e-15 1.450518445010122697e-17
1.029756933593750000e+04 3.248270767557755352e-15 1.359472577501819813e-17
1.030451562500000000e+04 3.265007503320789886e-15 1.356863898004011330e-17
1.031146191406250000e+04 3.224107458671431926e-15 1.346980992199411521e-17
1.031840820312500000e+04 3.241563537164922175e-15 1.354800330529875292e-17
1.032535449218750000e+04 3.218303377158608647e-15 1.346741854284322441e-17
1.033230078125000000e+04 3.210799512278882800e-15 1.345276503829184752e-17
1.033924707031250000e+04 3.164871691812860127e-15 1.330612990392395975e-17
1.034619335937500000e+04 3.151503606081055946e-15 1.315815804568618629e-17
1.035313964843750000e+04 3.081435558376522527e-15 1.315748141194511792e-17
1.036008593750000000e+04 3.197622855993158091e-15 1.353062506780962636e-17
1.036703222656250000e+04 3.182167892837556127e-15 1.338433734929901086e-17
1.037397851562500000e+04 3.193961767836888191e-15 1.338625558113952133e-17
1.038092480468750000e+04 3.120149410989017137e-15 1.315646397979167769e-17
1.038787109375000000e+04 3.113519895869094542e-15 1.306295286590378302e-17
1.039481738281250000e+04 3.087181829890695700e-15 1.303229837958318037e-17
1.040176367187500000e+04 3.116340515583451362e-15 1.313157163361811943e-17
1.040870996093750000e+04 3.129236380447161271e-15 1.310029014439320158e-17
1.041565625000000000e+04 3.046014334588242195e-15 1.287154906242330029e-17
1.042260253906250000e+04 3.072922030223669554e-15 1.299908790516978886e-17
1.042954882812500000e+04 3.065264217105780238e-15 1.302433345746490726e-17
1.043649511718750000e+04 3.004519884568148530e-15 1.282202575914975052e-17
1.044344140625000000e+04 3.028547456424674454e-15 1.309820895797201816e-17
1.045038769531250000e+04 3.107934137098426058e-15 1.313296212422782107e-17
1.045733398437500000e+04 3.085181561585754670e-15 1.307192529400814571e-17
1.046428027343750000e+04 2.958556700476577990e-15 1.265562927994797092e-17
1.047122656250000000e+04 3.042056784900433290e-15 1.289044352197523654e-17
1.047817285156250000e+04 2.997759926374348773e-15 1.265811909359175553e-17
1.048511914062500000e+04 3.026115624833107358e-15 1.281763260291648139e-17
1.049206542968750000e+04 2.992669258361350428e-15 1.271201487358326060e-17
1.049901171875000000e+04 3.011781286266722833e-15 1.287495787372763131e-17
1.050595800781250000e+04 2.980365893044244902e-15 1.266519727809337179e-17
1.051290429687500000e+04 2.971934315329038782e-15 1.269829112004039332e-17
1.051985058593750000e+04 2.972510933007882147e-15 1.262751920119158138e-17
1.052679687500000000e+04 3.019181813126883655e-15 1.278713197218981360e-17
1.053374218750000000e+04 2.995216074675507295e-15 1.266459509060743319e-17
1.054068847656250000e+04 2.948315225111326245e-15 1.251659345386760781e-17
1.054763476562500000e+04 2.966768684900208432e-15 1.261205836836235274e-17
1.055458105468750000e+04 3.000893948279189684e-15 1.272488580391458571e-17
1.056152734375000000e+04 2.967341067414315525e-15 1.258308802176890805e-17
1.056847363281250000e+04 2.924798202363757850e-15 1.243429394600225688e-17
1.057541992187500000e+04 3.019188377632224876e-15 1.273348600074329954e-17
1.058236621093750000e+04 3.026144423953314004e-15 1.282201583298239988e-17
1.058931250000000000e+04 2.953225263348322610e-15 1.247838846291562113e-17
1.059625878906250000e+04 2.937167848008986025e-15 1.243515338665869948e-17
1.060320507812500000e+04 3.011896694505786232e-15 1.268015270356833053e-17
1.061015136718750000e+04 2.918300612625370112e-15 1.236021826778690815e-17
1.061709765625000000e+04 2.917394287371808011e-15 1.236923701800557381e-17
1.062404394531250000e+04 2.949149976080845358e-15 1.242776252788553817e-17
1.063099023437500000e+04 2.974282714175301330e-15 1.246529171227706904e-17
1.063793652343750000e+04 2.880748677458271588e-15 1.219632980020238932e-17
1.064488281250000000e+04 2.921647875074682293e-15 1.222942695087186107e-17
1.065182910156250000e+04 2.963751341783851800e-15 1.231880133451637805e-17
1.065877539062500000e+04 3.006519517598379120e-15 1.253925737547094822e-17
1.066572167968750000e+04 2.979265173729287938e-15 1.236622029031159291e-17
1.067266796875000000e+04 2.972317385979434540e-15 1.236937681152909527e-17
1.067961425781250000e+04 3.049824924059702479e-15 1.274695994574117581e-17
1.068656054687500000e+04 3.123532672338587626e-15 1.296328670107788127e-17
1.069350683593750000e+04 3.021549905489169865e-15 1.251067828530724111e-17
1.070045312500000000e+04 2.926054775741009605e-15 1.213183287348040465e-17
1.070739941406250000e+04 2.925164332355208521e-15 1.209398439737242832e-17
1.071434570312500000e+04 2.903090230233287827e-15 1.200899655251628004e-17
1.072129199218750000e+04 2.979857249759418694e-15 1.227137824281810042e-17
1.072823828125000000e+04 3.003740402498437760e-15 1.238988013737244716e-17
1.073518457031250000e+04 2.908314305935478725e-15 1.191545317858449580e-17
1.074213085937500000e+04 2.945508581440599120e-15 1.215389543477841901e-17
1.074907714843750000e+04 2.959017274641647516e-15 1.218154477393361651e-17
1.075602343750000000e+04 2.914850859189440160e-15 1.211789736170072379e-17
1.076296972656250000e+04 2.904561526462668547e-15 1.184261661692675150e-17
1.076991601562500000e+04 2.857614513602862137e-15 1.194421921156663989e-17
1.077686230468750000e+04 2.999148848649609012e-15 1.223902059161625108e-17
1.078380859375000000e+04 2.978421740672059469e-15 1.221515229504103347e-17
1.079075488281250000e+04 2.939306606200803133e-15 1.210982077019975603e-17
1.079770117187500000e+04 2.907756746497948581e-15 1.190390325569141788e-17
1.080464746093750000e+04 2.930252247511128290e-15 1.196332046627171441e-17
1.081159375000000000e+04 2.957242317100676129e-15 1.203905381443461941e-17
1.081854003906250000e+04 2.947488944471279675e-15 1.200827442384152125e-17
1.082548632812500000e+04 2.965357104493609140e-15 1.211017480350192873e-17
1.083243261718750000e+04 2.878052571587161150e-15 1.179362436360646078e-17
1.083937890625000000e+04 2.882284983466354075e-15 1.177076357301733275e-17
1.084632519531250000e+04 2.875735936476420639e-15 1.174327387972035798e-17
1.085327148437500000e+04 2.877883164997710290e-15 1.179691075218013396e-17
1.086021777343750000e+04 2.961219348546271883e-15 1.208992873082908082e-17
1.086716406250000000e+04 2.941867186800352883e-15 1.200598065200291170e-17
1.087411035156250000e+04 2.838544413828378819e-15 1.158263292322072235e-17
1.088105664062500000e+04 2.840843684763700618e-15 1.164641599307407376e-17
1.088800292968750000e+04 2.847307604942434997e-15 1.157449677471565077e-17
1.089494921875000000e+04 2.830529152806748189e-15 1.152565424108623215e-17
1.090189550781250000e+04 2.834593640404147949e-15 1.159140021053317189e-17
1.090884179687500000e+04 2.864266051579413344e-15 1.173014652339914143e-17
1.091578808593750000e+04 2.871911370961330659e-15 1.179226282431819850e-17
1.092273437500000000e+04 2.857002532298470905e-15 1.170953731843738275e-17
1.092968066406250000e+04 2.883828912770961851e-15 1.189772421651564676e-17
1.093662695312500000e+04 2.895832428424739355e-15 1.193851166534002400e-17
1.094357324218750000e+04 2.852101811423894337e-15 1.170946948962715340e-17
1.095051953125000000e+04 2.828215905827796695e-15 1.162539319780603856e-17
1.095746582031250000e+04 2.847340215710904288e-15 1.162315319270724496e-17
1.096441210937500000e+04 2.820776203693825361e-15 1.155409932799070566e-17
1.097135839843750000e+04 2.798424274765205257e-15 1.159017184732353064e-17
1.097830468750000000e+04 2.802381612694777348e-15 1.154543378389360014e-17
1.098525097656250000e+04 2.784208944327909961e-15 1.148554756190598605e-17
1.099219726562500000e+04 2.770916244528411412e-15 1.145005076027949797e-17
1.099914355468750000e+04 2.776497132859633184e-15 1.141053965114029005e-17
1.100608886718750000e+04 2.818832474838113555e-15 1.178489429942157612e-17
1.101303515625000000e+04 2.876287990199793629e-15 1.201785565687672297e-17
1.101998144531250000e+04 2.813580023532189639e-15 1.158791364425126088e-17
1.102692773437500000e+04 2.789437255194837130e-15 1.148712995841779999e-17
1.103387402343750000e+04 2.782053880751858208e-15 1.143805085113319120e-17
1.104082031250000000e+04 2.778074731723894318e-15 1.144685288003136796e-17
1.104776660156250000e+04 2.739468664053937817e-15 1.133254313682143996e-17
1.105471289062500000e+04 2.747470796064886006e-15 1.139409364620151075e-17
1.106165917968750000e+04 2.768807344247985018e-15 1.161871867744334818e-17
1.106860546875000000e+04 2.738213572984343758e-15 1.138681611117226922e-17
1.107555175781250000e+04 2.725262862737299133e-15 1.140164828673595755e-17
1.108249804687500000e+04 2.781256187473781470e-15 1.157314764313657678e-17
1.108944433593750000e+04 2.708866210702587200e-15 1.129335545530174028e-17
1.109639062500000000e+04 2.705777081543950767e-15 1.138653321540277608e-17
1.110333691406250000e+04 2.698708379840876817e-15 1.149538025784740389e-17
1.111028320312500000e+04 2.650687329203951954e-15 1.126861696472211688e-17
1.111722949218750000e+04 2.704250939931235331e-15 1.155995411236635599e-17
1.112417578125000000e+04 2.751478108938346101e-15 1.190912111099540237e-17
1.113112207031250000e+04 2.732010538953363703e-15 1.196475645181510646e-17
1.113806835937500000e+04 2.655325893381353317e-15 1.165953176886671457e-17
1.114501464843750000e+04 2.652764889265329940e-15 1.193642799737700292e-17
1.115196093750000000e+04 2.635812160100745559e-15 1.216088180223204188e-17
1.115890722656250000e+04 2.732408432680336410e-15 1.300631994526533998e-17
1.116585351562500000e+04 2.743844436259453533e-15 1.275510932913604824e-17
1.117279980468750000e+04 2.661330721702675865e-15 1.209584638093128518e-17
1.117974609375000000e+04 2.656957278837765099e-15 1.237883975773670190e-17
1.118669238281250000e+04 2.735702120295734757e-15 1.293558359518286782e-17
1.119363867187500000e+04 2.706312194608378671e-15 1.267809798692674881e-17
1.120058496093750000e+04 2.602454943846687144e-15 1.206489741831261365e-17
1.120753125000000000e+04 2.526799443305590732e-15 1.256801513664696678e-17
1.121447753906250000e+04 2.668813834275193982e-15 1.360073193344594567e-17
1.122142382812500000e+04 2.660853206878661253e-15 1.322984896219554465e-17
1.122837011718750000e+04 2.687778478447744139e-15 1.292146693084903785e-17
1.123531640625000000e+04 2.580963600392477408e-15 1.224722705047338967e-17
1.124226269531250000e+04 2.517271169681927108e-15 1.239391181567803062e-17
1.124920898437500000e+04 2.741445850711066168e-15 1.372044895632013281e-17
1.125615527343750000e+04 2.660463571722924275e-15 1.272786034539732640e-17
1.126310156250000000e+04 2.484216767706512105e-15 1.176287888741847729e-17
1.127004785156250000e+04 2.562803849278055650e-15 1.237059773011322354e-17
1.127699414062500000e+04 2.585611058415824941e-15 1.228708309392803220e-17
1.128394042968750000e+04 2.585345301828623904e-15 1.227736289454992158e-17
1.129088671875000000e+04 2.686950291983566247e-15 1.334824663199270971e-17
1.129783300781250000e+04 2.644752592859014699e-15 1.192050228904351948e-17
1.130477929687500000e+04 2.555962575921319480e-15 1.111032768270396950e-17
1.131172558593750000e+04 2.550239174296722172e-15 1.166965563238375107e-17
1.131867187500000000e+04 2.495963632377271556e-15 1.206894315868861051e-17
1.132561816406250000e+04 2.446326019360511861e-15 1.183561536022210268e-17
1.133256445312500000e+04 2.523724925465294436e-15 1.485127681839341375e-17
1.133951074218750000e+04 2.717351998526417595e-15 1.613886781425468174e-17
1.134645703125000000e+04 2.674749629411315305e-15 1.899889441299352811e-17
1.135340332031250000e+04 2.763529693711880286e-15 1.646275700054472015e-17
1.136034960937500000e+04 2.549127655311687717e-15 1.221789688031348442e-17
1.136729589843750000e+04 2.516352138934156192e-15 1.099295902558882041e-17
1.137424218750000000e+04 2.496986424661081123e-15 1.114079688056736028e-17
1.138118847656250000e+04 2.492688367728475990e-15 1.095014167554123803e-17
1.138813476562500000e+04 2.504287213391702752e-15 1.095951694060391405e-17
1.139508105468750000e+04 2.502563713102277064e-15 1.114385000420829350e-17
1.140202734375000000e+04 2.495768391282929440e-15 1.121809525444921561e-17
1.140897363281250000e+04 2.470279899350626661e-15 1.131936945838592044e-17
1.141591992187500000e+04 2.458323182267184957e-15 1.084586976906464102e-17
1.142286621093750000e+04 2.359981386541539806e-15 1.041270588795328489e-17
1.142981250000000000e+04 2.358233110538406931e-15 1.079948892493818021e-17
1.143675878906250000e+04 2.483357664539759431e-15 1.158217549234198053e-17
1.144370507812500000e+04 2.468773451253934888e-15 1.152223384925332538e-17
1.145065136718750000e+04 2.397132886882823860e-15 1.132140266833157579e-17
1.145759765625000000e+04 2.460843317043503314e-15 1.154935627435832660e-17
1.146454394531250000e+04 2.516432183547671723e-15 1.184088119200161525e-17
1.147149023437500000e+04 2.418637782864189664e-15 1.119815275706117466e-17
1.147843554687500000e+04 2.385334141444045084e-15 1.081383389112107482e-17
1.148538183593750000e+04 2.409135343745417296e-15 1.119940262696674229e-17
1.149232812500000000e+04 2.469530698708780232e-15 1.162302994279597456e-17
1.149927441406250000e+04 2.458954645329363038e-15 1.116919316381569316e-17
1.150622070312500000e+04 2.364604915884127405e-15 1.078734177764283900e-17
1.151316699218750000e+04 2.367928249652679652e-15 1.088114488628696489e-17
1.152011328125000000e+04 2.407509252244925853e-15 1.122025667738981667e-17
1.152705957031250000e+04 2.353126984174121195e-15 1.060348351571006498e-17
1.153400585937500000e+04 2.400373634939018813e-15 1.082054563461133008e-17
1.154095214843750000e+04 2.355899111252247706e-15 1.057100675050000801e-17
1.154789843750000000e+04 2.369824332905108404e-15 1.054226470575562796e-17
1.155484472656250000e+04 2.331191795455550206e-15 1.037237338846581182e-17
1.156179101562500000e+04 2.329899223178040144e-15 1.025624715663071737e-17
1.156873730468750000e+04 2.347486803536591622e-15 1.038120850458849071e-17
1.157568359375000000e+04 2.352099533209101728e-15 1.029699572796630462e-17
1.158262988281250000e+04 2.399416064192147827e-15 1.059098068075132597e-17
1.158957617187500000e+04 2.373814493361386599e-15 1.053665476684129333e-17
1.159652246093750000e+04 2.351764108161989025e-15 1.025284992585496208e-17
1.160346875000000000e+04 2.346255641147757497e-15 1.030532460955410105e-17
1.161041503906250000e+04 2.295352772666036691e-15 9.932405946816207033e-18
1.161736132812500000e+04 2.260229492716953059e-15 9.698752239188353306e-18
1.162430761718750000e+04 2.305861910442620795e-15 9.819701761175244459e-18
1.163125390625000000e+04 2.294788013448454886e-15 9.796502653715582245e-18
1.163820019531250000e+04 2.301118949454470340e-15 9.984976583466402154e-18
1.164514648437500000e+04 2.321158478437086205e-15 1.000235151223307850e-17
1.165209277343750000e+04 2.298151581282001713e-15 1.005710425133918851e-17
1.165903906250000000e+04 2.356633277059280371e-15 1.004755445116726380e-17
1.166598535156250000e+04 2.291737212530681710e-15 9.818453545630901941e-18
1.167293164062500000e+04 2.286410857600109856e-15 9.760538495043001708e-18
1.167987792968750000e+04 2.292347499769178433e-15 9.733484725928842385e-18
1.168682421875000000e+04 2.305606953525497251e-15 9.834800288896174874e-18
1.169377050781250000e+04 2.261253343791946695e-15 9.614010894154745833e-18
1.170071679687500000e+04 2.298344493035738879e-15 9.833719991016180619e-18
1.170766308593750000e+04 2.298865418298300274e-15 9.706463216858572630e-18
1.171460937500000000e+04 2.257288382565849315e-15 9.592190696776209516e-18
1.172155566406250000e+04 2.238912849808114523e-15 9.542705443810837188e-18
1.172850195312500000e+04 2.249886161639793984e-15 9.658632325118306358e-18
1.173544824218750000e+04 2.299342086089367632e-15 9.837587060379866024e-18
1.174239453125000000e+04 2.327243139613687471e-15 9.860069002248444763e-18
1.174934082031250000e+04 2.365595732674178123e-15 9.987459779665286343e-18
1.175628710937500000e+04 2.288283859204725927e-15 9.793925986107479564e-18
1.176323339843750000e+04 2.245596575036661394e-15 9.580425706923867803e-18
1.177017968750000000e+04 2.279398060071554689e-15 9.631341982348956869e-18
1.177712597656250000e+04 2.224666602668244446e-15 9.482916001954891795e-18
1.178407226562500000e+04 2.252812872230794405e-15 9.501253768954579865e-18
1.179101855468750000e+04 2.256138111823477975e-15 9.501889043665020590e-18
1.179796484375000000e+04 2.240525388781449898e-15 9.490461543502600513e-18
1.180491113281250000e+04 2.215082213111825224e-15 9.450162958420242111e-18
1.181185742187500000e+04 2.220662254410099741e-15 9.493833958859979207e-18
1.181880371093750000e+04 2.282406932858438778e-15 9.714776382014730558e-18
1.182575000000000000e+04 2.329505141099330080e-15 9.804837325567666552e-18
1.183269628906250000e+04 2.263818159556232716e-15 9.596619421775818426e-18
1.183964257812500000e+04 2.221877958447646476e-15 9.494955615770601112e-18
1.184658886718750000e+04 2.240866954817430194e-15 9.437200211040923614e-18
1.185353515625000000e+04 2.208544177550206093e-15 9.313956090034810362e-18
1.186048144531250000e+04 2.203112578775937892e-15 9.310359508731429797e-18
1.186742773437500000e+04 2.213738395341006276e-15 9.411133268397540053e-18
1.187437402343750000e+04 2.232393872487808614e-15 9.557262995411157922e-18
1.188132031250000000e+04 2.259272133728318886e-15 9.560661053367525760e-18
1.188826660156250000e+04 2.278630224704868666e-15 9.773990933344951597e-18
1.189521289062500000e+04 2.210307700146389547e-15 9.396550074198230175e-18
1.190215917968750000e+04 2.204537499951456439e-15 9.259915553436108511e-18
1.190910546875000000e+04 2.190113587650899772e-15 9.297052654217289241e-18
1.191605175781250000e+04 2.197352119459898209e-15 9.329227498503764359e-18
1.192299804687500000e+04 2.202352366705777158e-15 9.322075694927630881e-18
1.192994433593750000e+04 2.219043362689659959e-15 9.370228359926180281e-18
1.193689062500000000e+04 2.197164078145607755e-15 9.336658061946328206e-18
1.194383691406250000e+04 2.215943433860946034e-15 9.375791149545599393e-18
1.195078222656250000e+04 2.216895287135423054e-15 9.380474646173874635e-18
1.195772851562500000e+04 2.149521015961395123e-15 9.103446068765577796e-18
1.196467480468750000e+04 2.169007644187690743e-15 9.179903199964466697e-18
1.197162109375000000e+04 2.164960520765709696e-15 9.205698827366932865e-18
1.197856738281250000e+04 2.197049516939491610e-15 9.362517382255960957e-18
1.198551367187500000e+04 2.231005585487258816e-15 9.543060304293622437e-18
1.199245996093750000e+04 2.194179345797720414e-15 9.337221371943476818e-18
1.199940625000000000e+04 2.139358738176711655e-15 9.150947742622047963e-18
1.200635253906250000e+04 2.135483138926549604e-15 9.162263573401773382e-18
1.201329882812500000e+04 2.148221667420307027e-15 9.183703267698535306e-18
1.202024511718750000e+04 2.126507977817443037e-15 9.147647291977961383e-18
1.202719140625000000e+04 2.219537182897909217e-15 9.595512654116222475e-18
1.203413769531250000e+04 2.218204588313641389e-15 9.777972980813781872e-18
1.204108398437500000e+04 2.112462901002545856e-15 9.135157691909023218e-18
1.204803027343750000e+04 2.144664552558312592e-15 9.167569109850688501e-18
1.205497656250000000e+04 2.087306234227329950e-15 8.951602178080443612e-18
1.206192285156250000e+04 2.128611160625475465e-15 9.103583380747261598e-18
1.206886914062500000e+04 2.102433607390581313e-15 8.979258961861154092e-18
1.207581542968750000e+04 2.127191321647640444e-15 9.136549009699337410e-18
1.208276171875000000e+04 2.177786717169507939e-15 9.317545226712677949e-18
1.208970800781250000e+04 2.116409439262040455e-15 9.049982904234437958e-18
1.209665429687500000e+04 2.129299586653356398e-15 9.130888612767637042e-18
1.210360058593750000e+04 2.202438552308160283e-15 9.365677212195913523e-18
1.211054687500000000e+04 2.230233726714073335e-15 9.400372475808837716e-18
1.211749316406250000e+04 2.171594906325079004e-15 9.222267255036370009e-18
1.212443945312500000e+04 2.173576116388706812e-15 9.188238698997163557e-18
1.213138574218750000e+04 2.183719124173840245e-15 9.209020784706945824e-18
1.213833203125000000e+04 2.197233111330808980e-15 9.278011783696931097e-18
1.214527832031250000e+04 2.182302249811320614e-15 9.205802224943501993e-18
1.215222460937500000e+04 2.167770340809989024e-15 9.141009994742835889e-18
1.215917089843750000e+04 2.211579943633165506e-15 9.254252674962570483e-18
1.216611718750000000e+04 2.217547290746572052e-15 9.253337813205086835e-18
1.217306347656250000e+04 2.204683401376620992e-15 9.225524692288603832e-18
1.218000976562500000e+04 2.218218776115507898e-15 9.346164021545787600e-18
1.218695605468750000e+04 2.234354330244228692e-15 9.389664622779338773e-18
1.219390234375000000e+04 2.243765713321171223e-15 9.372387301324943684e-18
1.220084863281250000e+04 2.207397718456097398e-15 9.179229874945848532e-18
1.220779492187500000e+04 2.234157183325755254e-15 9.252914296731459685e-18
1.221474121093750000e+04 2.231405808554836473e-15 9.227526469370982159e-18
1.222168750000000000e+04 2.240656678888274314e-15 9.307672826101857564e-18
1.222863378906250000e+04 2.251051255458742274e-15 9.353530064900572312e-18
1.223558007812500000e+04 2.235855484385000126e-15 9.205573095913824805e-18
1.224252636718750000e+04 2.237108881388699677e-15 9.217310788805952267e-18
1.224947265625000000e+04 2.242088588085607709e-15 9.741296619633793178e-18
1.225641894531250000e+04 2.220990056160687155e-15 9.344064637151128016e-18
1.226336523437500000e+04 2.255179270527186107e-15 9.265121001030904714e-18
1.227031152343750000e+04 2.272947692419976379e-15 9.308939239619676249e-18
1.227725781250000000e+04 2.264865727553749472e-15 9.436435896154924617e-18
1.228420410156250000e+04 2.270030087433158941e-15 9.266605790230437399e-18
1.229115039062500000e+04 2.279690286438357423e-15 9.268493416388283408e-18
1.229809667968750000e+04 2.247832953775649560e-15 9.217601129200958380e-18
1.230504296875000000e+04 2.234471009032712972e-15 9.083243009484582648e-18
1.231198925781250000e+04 2.275951906525650568e-15 9.222479840453796137e-18
1.231893554687500000e+04 2.257823495630277219e-15 9.226652966644126162e-18
1.232588183593750000e+04 2.272296535841774635e-15 9.175858286769082391e-18
1.233282812500000000e+04 2.280287444666171705e-15 9.233339894716004838e-18
1.233977441406250000e+04 2.299529492128947646e-15 9.248397890586920153e-18
1.234672070312500000e+04 2.282340652530316129e-15 9.170246693493522652e-18
1.235366699218750000e+04 2.285007959281219921e-15 9.221143943764522998e-18
1.236061328125000000e+04 2.296392505608791344e-15 9.209240814749884929e-18
1.236755957031250000e+04 2.298215955785993039e-15 9.221735377902498412e-18
1.237450585937500000e+04 2.297667925469119507e-15 9.193212536020444912e-18
1.238145214843750000e+04 2.305465710781542596e-15 9.215366914366452652e-18
1.238839843750000000e+04 2.296712895821090283e-15 9.201323041926527348e-18
1.239534472656250000e+04 2.319750286162275930e-15 9.300219928782754784e-18
1.240229101562500000e+04 2.333723788693130123e-15 9.307016044695490460e-18
1.240923730468750000e+04 2.307804580507148533e-15 9.218123080167479341e-18
1.241618359375000000e+04 2.318213980154193443e-15 9.822872344463160215e-18
1.242312890625000000e+04 2.378726013906040659e-15 9.482068141827024941e-18
1.243007519531250000e+04 2.371540845172719243e-15 9.437314361965455932e-18
1.243702148437500000e+04 2.369298537203100297e-15 9.407616923613577132e-18
1.244396777343750000e+04 2.358997557773303937e-15 9.368867647818530551e-18
1.245091406250000000e+04 2.333709177374789986e-15 9.247696441427475186e-18
1.245786035156250000e+04 2.361064529922841243e-15 9.352912160982995200e-18
1.246480664062500000e+04 2.332286162023402762e-15 9.266670310318216535e-18
1.247175292968750000e+04 2.354281278322991992e-15 9.303239138018573335e-18
1.247869921875000000e+04 2.360870347619683195e-15 9.366889031793303709e-18
1.248564550781250000e+04 2.316275545254401977e-15 9.248727935651328811e-18
1.249259179687500000e+04 2.346693768939724783e-15 9.331413736862742011e-18
1.249953808593750000e+04 2.320271211424837325e-15 9.236155617521135344e-18
1.250648437500000000e+04 2.314935750890082487e-15 9.227945022760933991e-18
1.251343066406250000e+04 2.331147326225819355e-15 9.272304237470315206e-18
1.252037695312500000e+04 2.149998530785409735e-15 1.063901340456105518e-17
1.252732324218750000e+04 2.272994702748548992e-15 9.135745817324548420e-18
1.253426953125000000e+04 2.314766979575342068e-15 9.238625578830218684e-18
1.254121582031250000e+04 2.287010345168529087e-15 9.193395342935819131e-18
1.254816210937500000e+04 2.288474653376094958e-15 9.190638349954179890e-18
1.255510839843750000e+04 2.327830133446134701e-15 9.276938103261837267e-18
1.256205468750000000e+04 2.345198967546057757e-15 9.409210073473354264e-18
1.256900097656250000e+04 2.286077550135365288e-15 9.212500733543956411e-18
1.257594726562500000e+04 2.271848031896203483e-15 9.180098414589029211e-18
1.258289355468750000e+04 2.299258865102299897e-15 9.299207459712989878e-18
1.258983984375000000e+04 2.290763336399576078e-15 9.297525801527669573e-18
1.259678613281250000e+04 2.275093650391845149e-15 9.297256967828589839e-18
1.260373242187500000e+04 2.306448480758594398e-15 9.647574574689697484e-18
1.261067871093750000e+04 2.285569542125249522e-15 9.490965296495645307e-18
1.261762500000000000e+04 2.226126463952837232e-15 9.316341678921413294e-18
1.262457128906250000e+04 2.223912108070477678e-15 9.316290393723435006e-18
1.263151757812500000e+04 2.294663711363445317e-15 9.648319037240995209e-18
1.263846386718750000e+04 2.180226807332310765e-15 9.236781793244837986e-18
1.264541015625000000e+04 2.226415513946087762e-15 9.581965090043828988e-18
1.265235644531250000e+04 2.264477574705670189e-15 9.605079825081010793e-18
1.265930273437500000e+04 2.257179327073890324e-15 9.843410411892239339e-18
1.266624902343750000e+04 2.192301685511894443e-15 9.391326428629957805e-18
1.267319531250000000e+04 2.015898392158477041e-15 1.031595553478663256e-17
1.268014160156250000e+04 2.160363037686250168e-15 9.789000125559726284e-18
1.268708789062500000e+04 2.277977162302535601e-15 1.036597266488587649e-17
1.269403417968750000e+04 2.218324866992151499e-15 9.501343931641348145e-18
1.270098046875000000e+04 2.231595755693258250e-15 9.429920194469844418e-18
1.270792675781250000e+04 2.285024476423691379e-15 9.865649162660727488e-18
1.271487304687500000e+04 2.196869310679963258e-15 9.310563822342730395e-18
1.272181933593750000e+04 2.303685459284650870e-15 9.749067981488728873e-18
1.272876562500000000e+04 2.277446284402843968e-15 9.811708714916144553e-18
1.273571191406250000e+04 2.300571130895833621e-15 9.734555097641486003e-18
1.274265820312500000e+04 2.072622071053729399e-15 8.759298402093503185e-18
1.274960449218750000e+04 2.040119087526976946e-15 8.913117600081413999e-18
1.275655078125000000e+04 1.970094662019227123e-15 8.330162063384667745e-18
1.276349707031250000e+04 1.973654106221826507e-15 8.523762858572091319e-18
1.277044335937500000e+04 1.979031283129233619e-15 8.595601013230484114e-18
1.277738964843750000e+04 1.952855212201997162e-15 8.278149773647945918e-18
1.278433593750000000e+04 1.945593598745186045e-15 8.412078586626406629e-18
1.279128222656250000e+04 2.044721652804120000e-15 8.654223303242117185e-18
1.279822851562500000e+04 1.929185723523922993e-15 8.240481622913506144e-18
1.280517480468750000e+04 1.998021761806675033e-15 8.503593713696210846e-18
1.281212109375000000e+04 2.012049050929679873e-15 8.667274558946978856e-18
1.281906738281250000e+04 1.997912282798242414e-15 8.786327355789285917e-18
1.282601367187500000e+04 1.880468411804355096e-15 8.268171493918718745e-18
1.283295996093750000e+04 1.894630379165973370e-15 8.061564937960123917e-18
1.283990625000000000e+04 1.850413565253404384e-15 8.152051052347912167e-18
1.284685253906250000e+04 1.844757290989876980e-15 8.146199576694712049e-18
1.285379882812500000e+04 1.865102175349978020e-15 8.204228778207144600e-18
1.286074511718750000e+04 1.840518526363579647e-15 7.971996994052269527e-18
1.286769140625000000e+04 1.869122617234120556e-15 7.938475499728558081e-18
1.287463769531250000e+04 1.854470006037805228e-15 8.003655677636511555e-18
1.288158398437500000e+04 1.827390362714085247e-15 8.240525463485971454e-18
1.288853027343750000e+04 1.823504810826792957e-15 7.921057557570028977e-18
1.289547656250000000e+04 1.840303168236740242e-15 8.490533359004611092e-18
1.290242187500000000e+04 1.819058311370181508e-15 8.396756720140086897e-18
1.290936816406250000e+04 1.804183989299922367e-15 8.033746853959965596e-18
1.291631445312500000e+04 1.804539954896005986e-15 8.011452682090436394e-18
1.292326074218750000e+04 1.815368847610178589e-15 8.129149729908769043e-18
1.293020703125000000e+04 1.801584868701272546e-15 8.217088128009893968e-18
1.293715332031250000e+04 1.782518792333288686e-15 7.955584903518604905e-18
1.294409960937500000e+04 1.759758911161447229e-15 7.849208649563672993e-18
1.295104589843750000e+04 1.724145410894140171e-15 9.009084613207978611e-18
1.295799218750000000e+04 1.743026834079622594e-15 9.569851029972989897e-18
1.296493847656250000e+04 1.710898133236438134e-15 7.753360750445316017e-18
1.297188476562500000e+04 1.753349201091337125e-15 7.924251301915096217e-18
1.297883105468750000e+04 1.726242346834186599e-15 7.910130501678203481e-18
1.298577734375000000e+04 1.704961385188251150e-15 7.642352285060087150e-18
1.299272363281250000e+04 1.723471596184599375e-15 7.796177273312285836e-18
1.299966992187500000e+04 1.710154967704340893e-15 7.744590154410416265e-18
1.300661621093750000e+04 1.705311950949296024e-15 7.846088524293122973e-18
1.301356250000000000e+04 1.699893798823065485e-15 7.726500541594494102e-18
1.302050878906250000e+04 1.687020592090694628e-15 7.667166876256065427e-18
1.302745507812500000e+04 1.687823791082928519e-15 7.723430047160697264e-18
1.303440136718750000e+04 1.687876307125658285e-15 7.876484930262609081e-18
1.304134765625000000e+04 1.653566284685057189e-15 7.857386157099372225e-18
1.304829394531250000e+04 1.641892476605998422e-15 7.740502227823179202e-18
1.305524023437500000e+04 1.624212463777077817e-15 7.527650458239809015e-18
1.306218652343750000e+04 1.621384644282669336e-15 7.571622552422515413e-18
1.306913281250000000e+04 1.651186651498864639e-15 7.655369626359834147e-18
1.307607910156250000e+04 1.653371467107188700e-15 7.613962619256654687e-18
1.308302539062500000e+04 1.621180932858854676e-15 7.560546604020430372e-18
1.308997167968750000e+04 1.600115646977113854e-15 7.535327521504913664e-18
1.309691796875000000e+04 1.627346168044563508e-15 7.638353693979005814e-18
1.310386425781250000e+04 1.601774772762548215e-15 7.508863532167504650e-18
1.311081054687500000e+04 1.567376658895432671e-15 7.344871667006416701e-18
1.311775683593750000e+04 1.589972215675506794e-15 7.491033654063924139e-18
1.312470312500000000e+04 1.616356550828649402e-15 7.688318711699658898e-18
1.313164941406250000e+04 1.626709411026465088e-15 7.681568090720613639e-18
1.313859570312500000e+04 1.605726922615318374e-15 7.560218213317246820e-18
1.314554199218750000e+04 1.630177375670761007e-15 7.654453110241125392e-18
1.315248828125000000e+04 1.614545488508301301e-15 7.552857133046137427e-18
1.315943457031250000e+04 1.544077323615308632e-15 7.321919886549907842e-18
1.316638085937500000e+04 1.551387535587468464e-15 7.329056800875015365e-18
1.317332714843750000e+04 1.565243300538654309e-15 7.440473066302232875e-18
1.318027343750000000e+04 1.557976604884159667e-15 7.485527112726158633e-18
1.318721972656250000e+04 1.556437440139880196e-15 7.489347032794928515e-18
1.319416601562500000e+04 1.577175771303980858e-15 7.544038560535709599e-18
1.320111230468750000e+04 1.554482170460262051e-15 7.456254845209132090e-18
1.320805859375000000e+04 1.534652599769446846e-15 7.343849271769301159e-18
1.321500488281250000e+04 1.544019937133132153e-15 7.388138176126615367e-18
1.322195117187500000e+04 1.559848018301999636e-15 7.597715964845500671e-18
1.322889746093750000e+04 1.566239834801098994e-15 7.496133222540313554e-18
1.323584375000000000e+04 1.533266006834791556e-15 7.723740239890404649e-18
1.324279003906250000e+04 1.542104795639390180e-15 7.358493677333939961e-18
1.324973632812500000e+04 1.529025759900836529e-15 7.287689498441238451e-18
1.325668261718750000e+04 1.561337843377101544e-15 7.404757061813418246e-18
1.326362890625000000e+04 1.530993205679071455e-15 7.374632798265462084e-18
1.327057519531250000e+04 1.532468631194070039e-15 7.433169888674002194e-18
1.327752148437500000e+04 1.548824413889076951e-15 7.548813047031365675e-18
1.328446777343750000e+04 1.569395879562568517e-15 7.672000092575212768e-18
1.329141406250000000e+04 1.550082575453104808e-15 7.540970547643750419e-18
1.329836035156250000e+04 1.543563704011917306e-15 7.529203076249571048e-18
1.330530664062500000e+04 1.521548047163357158e-15 7.515104609889217244e-18
1.331225292968750000e+04 1.562121878248903806e-15 7.790439948583618036e-18
1.331919921875000000e+04 1.557062444575835463e-15 7.723581421212794468e-18
1.332614550781250000e+04 1.538690617587244909e-15 7.619725586584311631e-18
1.333309179687500000e+04 1.565034189279800904e-15 7.618662659497180991e-18
1.334003808593750000e+04 1.528868847047357669e-15 7.450282601186499230e-18
1.334698437500000000e+04 1.533081671289645339e-15 7.492440688285876839e-18
1.335393066406250000e+04 1.545811094179219778e-15 7.807796679376818215e-18
1.336087695312500000e+04 1.528400861343999668e-15 7.860135705455498489e-18
1.336782324218750000e+04 1.536504107913026339e-15 7.833977772944734094e-18
1.337476855468750000e+04 1.536693949172329710e-15 7.571159331279485717e-18
1.338171484375000000e+04 1.538654089291394567e-15 7.522119101483666919e-18
1.338866113281250000e+04 1.539950579096285681e-15 7.563301115460231954e-18
1.339560742187500000e+04 1.545961230769120603e-15 7.722861774079873334e-18
1.340255371093750000e+04 1.553074931097517437e-15 7.710220799958837965e-18
1.340950000000000000e+04 1.532989132940157807e-15 7.538976215186885070e-18
1.341644628906250000e+04 1.535282051128375198e-15 7.516203932923300218e-18
1.342339257812500000e+04 1.521663878918894184e-15 7.538304544529492011e-18
1.343033886718750000e+04 1.528270735907477727e-15 7.821584953007464634e-18
1.343728515625000000e+04 1.580811977867425163e-15 8.317746909570859353e-18
1.344423144531250000e+04 1.536164024184703738e-15 8.101431734762729639e-18
1.345117773437500000e+04 1.519742702315403024e-15 7.957602397032621739e-18
1.345812402343750000e+04 1.500785469681141342e-15 7.981029806341348589e-18
1.346507031250000000e+04 1.495618780461126923e-15 9.974102467133780052e-18
1.347201660156250000e+04 1.522010527152558006e-15 8.999423970833971801e-18
1.347896289062500000e+04 1.620408650569195568e-15 1.032549458161059408e-17
1.348590917968750000e+04 1.522452784230143158e-15 8.885287108372067383e-18
1.349285546875000000e+04 1.451941208898603706e-15 9.973941166914332212e-18
1.349980175781250000e+04 1.497042431087224588e-15 9.547897656515832543e-18
1.350674804687500000e+04 1.534333797743924008e-15 1.016951478786269476e-17
1.351369433593750000e+04 1.513297946257100273e-15 1.005665178354412200e-17
1.352064062500000000e+04 1.523913280789446385e-15 1.022757955814146709e-17
1.352758691406250000e+04 1.460766762813401481e-15 1.102423555173006294e-17
1.353453320312500000e+04 1.461917986467838482e-15 1.325271554304896054e-17
1.354147949218750000e+04 1.553822014156995730e-15 1.372111897261630076e-17
1.354842578125000000e+04 1.670769947360265656e-15 1.568276042449294228e-17
1.355537207031250000e+04 1.551745195249446593e-15 1.264651871268131187e-17
1.356231835937500000e+04 1.484505602314032096e-15 1.466631096162043123e-17
1.356926464843750000e+04 1.441835788200504682e-15 1.349614817987841616e-17
1.357621093750000000e+04 1.435379914834769219e-15 1.372917984768563002e-17
1.358315722656250000e+04 1.426257793509314031e-15 1.432001179817510620e-17
1.359010351562500000e+04 1.500882560832720366e-15 1.579161904746614583e-17
1.359704980468750000e+04 1.319713965997168677e-15 1.508469891544975263e-17
1.360399609375000000e+04 1.459819144703660733e-15 2.277272066930950499e-17
1.361094238281250000e+04 1.813085246784380995e-15 2.805582563437341150e-17
1.361788867187500000e+04 2.397989448950734771e-15 4.669235041898093434e-17
1.362483496093750000e+04 1.679375907983487754e-15 2.209340851741768165e-17
1.363178125000000000e+04 1.269845748260518999e-15 1.637961707717701534e-17
1.363872753906250000e+04 1.472832535388802176e-15 1.796790973239723526e-17
1.364567382812500000e+04 1.984004425320800430e-15 3.053097832898113493e-17
1.365262011718750000e+04 1.785520041823647486e-15 2.466891310957911330e-17
1.365956640625000000e+04 1.358862240632486337e-15 1.280533904465271829e-17
1.366651269531250000e+04 1.196930399303790249e-15 1.694320997009512032e-17
1.367345898437500000e+04 1.786161669281192618e-15 2.339563233831501270e-17
1.368040527343750000e+04 1.646289001118721868e-15 3.257173547054541078e-17
1.368735156250000000e+04 1.458957182800711076e-15 1.457064421505622337e-17
1.369429785156250000e+04 1.347547362764826579e-15 1.363367771006332021e-17
1.370124414062500000e+04 1.359275486831628028e-15 1.644051411387316923e-17
1.370819042968750000e+04 1.525833292722635071e-15 1.928392761718950059e-17
1.371513671875000000e+04 1.566927202037795858e-15 1.781796339403729772e-17
1.372208300781250000e+04 1.479972176101208674e-15 1.792988920272184790e-17
1.372902929687500000e+04 1.447820605368448348e-15 1.247627749799238580e-17
1.373597558593750000e+04 1.419941786458993934e-15 1.180719343437478064e-17
1.374292187500000000e+04 1.441100563602287950e-15 1.165307893290818840e-17
1.374986816406250000e+04 1.347334651615947343e-15 1.044454241536922582e-17
1.375681445312500000e+04 1.371898712965440460e-15 1.110854262694208007e-17
1.376376074218750000e+04 1.516501848380089664e-15 1.302501257274781330e-17
1.377070703125000000e+04 1.329011529021823911e-15 9.991772699379137829e-18
1.377765332031250000e+04 1.236376829536541423e-15 1.038712450032946996e-17
1.378459960937500000e+04 1.422371818105548115e-15 1.274237074770273161e-17
1.379154589843750000e+04 1.216528835879123437e-15 1.098246706669919780e-17
1.379849218750000000e+04 1.114606420127197545e-15 1.364965139487233172e-17
1.380543847656250000e+04 1.655739559469474910e-15 1.765523711521341590e-17
1.381238476562500000e+04 1.202562215490965685e-15 1.397066364699191070e-17
1.381933105468750000e+04 1.333881756710299325e-15 1.848691759029873205e-17
1.382627734375000000e+04 1.766154645187927637e-15 2.714416175713789289e-17
1.383322363281250000e+04 1.456605184064422697e-15 1.596311178642186463e-17
1.384016992187500000e+04 1.320273960654422176e-15 1.413386307312617285e-17
1.384711523437500000e+04 1.435208390662950223e-15 1.691150744593841298e-17
1.385406152343750000e+04 1.422825933644394827e-15 1.813900211593647840e-17
1.386100781250000000e+04 1.433443915154701109e-15 1.251275285428352411e-17
1.386795410156250000e+04 1.300625443256082578e-15 1.365301057533990957e-17
1.387490039062500000e+04 1.531705454508593914e-15 1.396299899143599435e-17
1.388184667968750000e+04 1.818658935335551105e-15 2.023574615008079337e-17
1.388879296875000000e+04 1.309489431290862017e-15 9.916297431567349372e-18
1.389573925781250000e+04 1.373045701455141189e-15 9.672545503021448283e-18
1.390268554687500000e+04 1.286945437641452000e-15 9.173279964799754604e-18
1.390963183593750000e+04 1.225716919895346053e-15 1.153881551181256337e-17
1.391657812500000000e+04 1.304885701343416488e-15 1.197449402198608070e-17
1.392352441406250000e+04 1.319339683313600683e-15 1.543398254654516899e-17
1.393047070312500000e+04 1.212783573823720141e-15 9.620424025443869456e-18
1.393741699218750000e+04 1.144882024640026408e-15 1.285561590946430387e-17
1.394436328125000000e+04 1.009464114505402837e-15 1.472176514988598621e-17
1.395130957031250000e+04 1.688281400632682654e-15 2.219435763937365315e-17
1.395825585937500000e+04 1.682663984005610541e-15 2.166123477149955150e-17
1.396520214843750000e+04 1.163503091073346540e-15 1.996654849153153605e-17
1.397214843750000000e+04 1.230728178569539307e-15 8.937689000177301686e-18
1.397909472656250000e+04 1.044559230608990263e-15 1.141711656419069917e-17
1.398604101562500000e+04 1.135620989911221516e-15 1.100814854317713165e-17
1.399298730468750000e+04 1.187206355190192474e-15 1.450144228501003708e-17
1.399993359375000000e+04 1.388810678669438227e-15 2.108866366021279595e-17
1.400687988281250000e+04 1.552930617859128986e-15 2.536348178068886469e-17
1.401382617187500000e+04 1.382445543708177380e-15 1.966114513757083270e-17
1.402077246093750000e+04 1.123888313042328575e-15 8.736633653309550226e-18
1.402771875000000000e+04 1.097085649492360749e-15 9.245127218444885482e-18
1.403466503906250000e+04 1.083416337668689257e-15 1.225911859895945200e-17
1.404161132812500000e+04 1.200333565927621214e-15 1.383621371022754158e-17
1.404855761718750000e+04 1.332739215143571680e-15 1.664156201611540772e-17
1.405550390625000000e+04 1.062355816347276740e-15 8.443307963472733636e-18
1.406245019531250000e+04 1.230820928677263653e-15 1.385720176390984956e-17
1.406939648437500000e+04 1.248252866731757154e-15 1.425818170174799249e-17
1.407634277343750000e+04 1.100832182097184926e-15 8.957820094745004721e-18
1.408328906250000000e+04 1.083718622551740635e-15 1.120889369731517573e-17
1.409023535156250000e+04 1.243529281622275141e-15 1.783505625421509349e-17
1.409718164062500000e+04 1.172670634540598240e-15 1.405458277449664047e-17
1.410412792968750000e+04 1.178504362206575420e-15 9.038251828787210920e-18
1.411107421875000000e+04 1.142087768826152878e-15 9.446675564957718546e-18
1.411802050781250000e+04 1.152826558410561305e-15 8.457445307321877432e-18
1.412496679687500000e+04 1.073008843845775669e-15 8.404891214283933371e-18
1.413191308593750000e+04 1.037036731004424821e-15 1.021945250862313359e-17
1.413885937500000000e+04 1.130760926618113154e-15 1.037965423221750357e-17
1.414580566406250000e+04 1.361695248203696751e-15 1.546270060305178501e-17
1.415275195312500000e+04 1.169357041650939417e-15 1.087833495374612226e-17
1.415969824218750000e+04 1.060022769973183177e-15 7.181548163780271599e-18
1.416664453125000000e+04 1.043105086796791443e-15 7.770652961150737061e-18
1.417359082031250000e+04 1.047512728616947601e-15 7.727187928683525668e-18
1.418053710937500000e+04 9.722291814188142346e-16 1.082641861696045658e-17
1.418748339843750000e+04 1.136490575110696462e-15 9.966642125189164296e-18
1.419442968750000000e+04 1.123578828379225535e-15 1.205247978295696760e-17
1.420137597656250000e+04 1.272378800289282984e-15 1.097255992450265019e-17
1.420832226562500000e+04 1.098891311977670104e-15 8.296924292011061987e-18
1.421526855468750000e+04 1.010283195365397745e-15 6.854889576799405652e-18
1.422221484375000000e+04 1.012898409590045398e-15 8.320527890790262632e-18
1.422916113281250000e+04 1.113045656042763090e-15 8.604282273759228139e-18
1.423610742187500000e+04 1.157380313414118830e-15 8.531817116196520150e-18
1.424305371093750000e+04 1.058183755565575684e-15 6.670106113351491076e-18
1.425000000000000000e+04 1.078095170814919335e-15 7.424474566074844767e-18
1.425694628906250000e+04 1.077010227488604983e-15 7.280794948035608966e-18
1.426389257812500000e+04 1.004445338413802701e-15 6.674394217646965972e-18
1.427083886718750000e+04 1.034529936997025720e-15 6.604553290577582463e-18
1.427778515625000000e+04 1.120607330921139042e-15 7.467574811891920274e-18
1.428473144531250000e+04 1.102610421890826923e-15 7.852957432099763314e-18
1.429167773437500000e+04 1.079944773134367507e-15 7.150407295259487766e-18
1.429862402343750000e+04 9.629262185591202540e-16 7.093168878412655910e-18
1.430557031250000000e+04 1.003793123044416889e-15 9.579750727544024532e-18
1.431251660156250000e+04 1.031712387777102696e-15 8.557281044173352554e-18
1.431946191406250000e+04 1.120322304334387970e-15 1.262572173772050365e-17
1.432640820312500000e+04 1.057281241960276227e-15 7.960454515784704579e-18
1.433335449218750000e+04 1.023668751151739047e-15 7.080666043453916897e-18
1.434030078125000000e+04 1.083029561249149262e-15 8.300185865166358575e-18
1.434724707031250000e+04 1.068893640150659057e-15 7.009124019454818086e-18
1.435419335937500000e+04 1.028961330643539136e-15 6.981246378450555948e-18
1.436113964843750000e+04 9.568896265022756691e-16 8.776891706541893530e-18
1.436808593750000000e+04 1.064155020206363281e-15 8.261918008487817856e-18
1.437503222656250000e+04 1.111757954204699739e-15 8.924971925439911439e-18
1.438197851562500000e+04 1.054387248016863503e-15 6.936904534534038346e-18
1.438892480468750000e+04 1.035827803230456121e-15 6.826360944653064281e-18
1.439587109375000000e+04 1.077569904508503262e-15 7.196710384408368596e-18
1.440281738281250000e+04 1.049811999552269400e-15 6.748931462644119296e-18
1.440976367187500000e+04 1.056466290385899183e-15 6.904194090800935143e-18
1.441670996093750000e+04 1.054743107733828716e-15 6.798220673804316556e-18
1.442365625000000000e+04 1.097999280405092919e-15 7.196224829388799969e-18
1.443060253906250000e+04 1.049651380929646303e-15 6.539135298243519992e-18
1.443754882812500000e+04 1.015047755693703185e-15 6.615935709396618400e-18
1.444449511718750000e+04 9.033313097309126315e-16 8.269566120431483150e-18
1.445144140625000000e+04 1.087479237079312915e-15 7.625033604575064410e-18
1.445838769531250000e+04 1.081399446342158361e-15 8.578381594418967737e-18
1.446533398437500000e+04 1.067649242872024083e-15 6.889908268031838079e-18
1.447228027343750000e+04 1.053366255678066851e-15 6.301782852506635402e-18
1.447922656250000000e+04 1.017616065468896630e-15 5.981316126001035144e-18
1.448617285156250000e+04 1.000439719606237114e-15 6.916466555959078138e-18
1.449311914062500000e+04 1.057548904371608586e-15 9.566112173604250212e-18
1.450006542968750000e+04 1.032538562538030859e-15 7.458925811407065816e-18
1.450701171875000000e+04 1.172977895742214737e-15 1.001258373641035945e-17
1.451395800781250000e+04 1.076527948104262066e-15 6.570298500640842757e-18
1.452090429687500000e+04 1.054488997849652426e-15 6.344958785349759511e-18
1.452785058593750000e+04 1.057836577936319827e-15 6.238422471946298588e-18
1.453479687500000000e+04 1.003526519424268598e-15 5.695194352118942871e-18
1.454174316406250000e+04 1.015428179366138772e-15 5.840525022660834515e-18
1.454868945312500000e+04 1.094491505212276047e-15 6.469212480293493734e-18
1.455563574218750000e+04 1.082913517735375423e-15 6.267336156667783394e-18
1.456258203125000000e+04 1.012528467950332082e-15 5.902482091311975118e-18
1.456952832031250000e+04 1.060693620067408582e-15 6.123920409243952009e-18
1.457647460937500000e+04 1.026031337799868104e-15 5.775690606248928206e-18
1.458342089843750000e+04 1.011036948809335666e-15 5.732661084374225983e-18
1.459036718750000000e+04 9.876362872128963306e-16 5.561525687443130087e-18
1.459731347656250000e+04 1.020847284404434972e-15 5.889991250472118123e-18
1.460425976562500000e+04 1.035101472478185559e-15 6.166253858633190859e-18
1.461120605468750000e+04 1.030027745124132300e-15 6.211187136687683875e-18
1.461815234375000000e+04 9.870915391486934087e-16 5.675438383959032634e-18
1.462509863281250000e+04 9.988727086538166586e-16 5.918816013277753479e-18
1.463204492187500000e+04 1.020765545725024932e-15 6.056368290929502727e-18
1.463899121093750000e+04 9.628364330667112982e-16 5.621506208020575230e-18
1.464593750000000000e+04 9.790679136767086420e-16 6.228199760346061996e-18
1.465288378906250000e+04 1.035663584717807194e-15 6.310995990169251024e-18
1.465983007812500000e+04 1.030511083299659285e-15 6.303195263402569697e-18
1.466677636718750000e+04 1.001850241221652338e-15 6.379069232269608713e-18
1.467372265625000000e+04 9.983791002038042151e-16 6.163249538648398263e-18
1.468066894531250000e+04 9.698130199367713429e-16 5.774076363283530973e-18
1.468761523437500000e+04 9.226054385665658289e-16 6.598446629705409736e-18
1.469456152343750000e+04 9.837419473587762780e-16 6.721958343639683893e-18
1.470150781250000000e+04 9.959490685572500342e-16 6.385302038185195777e-18
1.470845410156250000e+04 9.993269300717817771e-16 6.627548084425944079e-18
1.471540039062500000e+04 9.756108545816086219e-16 6.287579334208487364e-18
1.472234667968750000e+04 1.025820638354238597e-15 6.536036266078590074e-18
1.472929296875000000e+04 9.904809414871314915e-16 6.027157648368111384e-18
1.473623925781250000e+04 9.750630360229719032e-16 5.913028644122026220e-18
1.474318554687500000e+04 9.383684040776131378e-16 5.443858418126849347e-18
1.475013183593750000e+04 9.379846981525069398e-16 5.486562030840205678e-18
1.475707812500000000e+04 9.503524379736037926e-16 6.030832811829684486e-18
1.476402441406250000e+04 9.612145767309561266e-16 5.752949343258314093e-18
1.477097070312500000e+04 9.823638247535935314e-16 6.061808244227957714e-18
1.477791699218750000e+04 9.735624112777925034e-16 6.583645473414692135e-18
1.478486328125000000e+04 9.595668858903096989e-16 5.852447176829561303e-18
1.479180859375000000e+04 9.496207073862944839e-16 5.802018937965878524e-18
1.479875488281250000e+04 9.914661466839066496e-16 5.950104119947571750e-18
1.480570117187500000e+04 9.514543219588632306e-16 5.825098104236720549e-18
1.481264746093750000e+04 9.424519499163261198e-16 5.683210986584887159e-18
1.481959375000000000e+04 1.008978552868389309e-15 6.028385597987446354e-18
1.482654003906250000e+04 9.560532873459804543e-16 5.650115076686334245e-18
1.483348632812500000e+04 9.409982296206009268e-16 5.392657592571042040e-18
1.484043261718750000e+04 9.247713018126950749e-16 5.398588477563047249e-18
1.484737890625000000e+04 9.286045494154944110e-16 5.554628241905356666e-18
1.485432519531250000e+04 9.143848779343444373e-16 5.488139464268344301e-18
1.486127148437500000e+04 9.273153652697733659e-16 5.664919955289808334e-18
1.486821777343750000e+04 9.240755701256440739e-16 5.595550934759886328e-18
1.487516406250000000e+04 9.658422353591615897e-16 5.587538863346697702e-18
1.488211035156250000e+04 9.625040785140323921e-16 5.507670025711333838e-18
1.488905664062500000e+04 9.165715993667998204e-16 5.182871354337793374e-18
1.489600292968750000e+04 9.125939326464936260e-16 5.512224895754357085e-18
1.490294921875000000e+04 8.874649532607410945e-16 5.159788465754194860e-18
1.490989550781250000e+04 9.233673447026210721e-16 5.202103717169957544e-18
1.491684179687500000e+04 9.224064917030794751e-16 5.591052312998516687e-18
1.492378808593750000e+04 8.981938431475784863e-16 5.237732040513841552e-18
1.493073437500000000e+04 8.833028980557294796e-16 5.101455275366649072e-18
1.493768066406250000e+04 8.917624278581949906e-16 5.141170284526851313e-18
1.494462695312500000e+04 8.954868317272721492e-16 5.018978750850211788e-18
1.495157324218750000e+04 8.927192574512371297e-16 5.369226874539864979e-18
1.495851953125000000e+04 8.727345209123967777e-16 5.318259313916797625e-18
1.496546582031250000e+04 8.644436036059940758e-16 5.043787551781902194e-18
1.497241210937500000e+04 8.614899997189183305e-16 5.173176383968365613e-18
1.497935839843750000e+04 8.759161884205207433e-16 5.070180403586631648e-18
1.498630468750000000e+04 8.656731248684928961e-16 5.026214513258519398e-18
1.499325097656250000e+04 8.679211503105058092e-16 4.985578024895933084e-18
1.500019726562500000e+04 8.553637809883423999e-16 5.054130204570958976e-18
1.500714355468750000e+04 8.600792663452662933e-16 4.765471881340472844e-18
1.501408984375000000e+04 8.577882010416210210e-16 4.940093844553479751e-18
1.502103613281250000e+04 8.497854866955215948e-16 5.099762863833365577e-18
1.502798242187500000e+04 8.758125857031597017e-16 5.277385424718408592e-18
1.503492871093750000e+04 8.674331534537689254e-16 5.002884297671767529e-18
1.504187500000000000e+04 9.273406703790725882e-16 6.427676846605062278e-18
1.504882128906250000e+04 8.681068093446321111e-16 5.373250281039322905e-18
1.505576757812500000e+04 8.636433692290755755e-16 4.949658120386124134e-18
1.506271386718750000e+04 8.193396285602946166e-16 4.822608968562266954e-18
1.506966015625000000e+04 8.123221723505295519e-16 4.794613867911022285e-18
1.507660644531250000e+04 8.013708304359194994e-16 4.833595581458196267e-18
1.508355273437500000e+04 8.301910205871286617e-16 5.032097421774996531e-18
1.509049902343750000e+04 8.434406275854356479e-16 4.964610650728938938e-18
1.509744531250000000e+04 8.333410831784082012e-16 4.907851998637387838e-18
1.510439160156250000e+04 8.509169638943757299e-16 4.883165206846049004e-18
1.511133789062500000e+04 8.171181258374426038e-16 4.783122261251129348e-18
1.511828417968750000e+04 7.996105371528474531e-16 4.702931236767176080e-18
1.512523046875000000e+04 8.170737095472709564e-16 4.784508615957768223e-18
1.513217675781250000e+04 8.107161449429761951e-16 4.624811472537055594e-18
1.513912304687500000e+04 8.056946689338566857e-16 4.745906578311756080e-18
1.514606933593750000e+04 8.035390230226536947e-16 4.875906283380589910e-18
1.515301562500000000e+04 8.001742375792451900e-16 4.620537016721687823e-18
1.515996191406250000e+04 8.008476817118715622e-16 4.900382557706033998e-18
1.516690820312500000e+04 8.157740963083868427e-16 4.837731484520961406e-18
1.517385449218750000e+04 7.940149316241671383e-16 4.649174836708886194e-18
1.518080078125000000e+04 7.979637462847074831e-16 4.543287032905666845e-18
1.518774707031250000e+04 7.957404436168425549e-16 4.667588704324929143e-18
1.519469335937500000e+04 7.947631793539479059e-16 4.758023119924432830e-18
1.520163964843750000e+04 7.816605855115487441e-16 4.793474013026924213e-18
1.520858593750000000e+04 7.942075257405490848e-16 4.849961763467864197e-18
1.521553222656250000e+04 7.919752762871787831e-16 4.576794051568658614e-18
1.522247851562500000e+04 7.788900995597575379e-16 4.800995979927175170e-18
1.522942480468750000e+04 7.676075148232118506e-16 4.794849614385599898e-18
1.523637109375000000e+04 7.695152447786653485e-16 4.607510162844896467e-18
1.524331738281250000e+04 7.817527532841218527e-16 4.820882642623868785e-18
1.525026367187500000e+04 7.799037862393841218e-16 4.611573274013756939e-18
1.525720996093750000e+04 7.716129218725406233e-16 4.797803062762720483e-18
1.526415625000000000e+04 7.739630677242568830e-16 4.820868166963149107e-18
1.527110156250000000e+04 7.794419944644529179e-16 4.588051152524892767e-18
1.527804785156250000e+04 7.624375962900860251e-16 4.536598864062869340e-18
1.528499414062500000e+04 7.502455628659852362e-16 4.551231275508626123e-18
1.529194042968750000e+04 7.674129090035801751e-16 4.708143301806872708e-18
1.529888671875000000e+04 7.793508325435046739e-16 4.698727504894181594e-18
1.530583300781250000e+04 7.611194542054807236e-16 4.599762789227724810e-18
1.531277929687500000e+04 7.542831042277504689e-16 4.645903750976545246e-18
1.531972558593750000e+04 7.486819400453537977e-16 4.601164033185389639e-18
1.532667187500000000e+04 7.418770891053495624e-16 4.093118386351751847e-18
1.533361816406250000e+04 7.521581103213262429e-16 4.604546374710118969e-18
1.534056445312500000e+04 7.397297017653823008e-16 4.106114634545878742e-18
1.534751074218750000e+04 7.205633049327080097e-16 4.567451460140178443e-18
1.535445703125000000e+04 7.426757352954919608e-16 4.234764794445332306e-18
1.536140332031250000e+04 7.334820396859937849e-16 4.553648297258506070e-18
1.536834960937500000e+04 7.271666679103841284e-16 4.225753488852179623e-18
1.537529589843750000e+04 7.355604467803190244e-16 4.558122930782111673e-18
1.538224218750000000e+04 7.302173629490388979e-16 4.576639368794111198e-18
1.538918847656250000e+04 7.400465450272146126e-16 4.587271948387867815e-18
1.539613476562500000e+04 7.335393202890518570e-16 4.566532048889325752e-18
1.540308105468750000e+04 7.076199532843926564e-16 4.463749894695936746e-18
1.541002734375000000e+04 7.143420596933619873e-16 4.515958639828139917e-18
1.541697363281250000e+04 7.208236087453110969e-16 4.510720932189454146e-18
1.542391992187500000e+04 7.330156951089710892e-16 4.070186871820250538e-18
1.543086621093750000e+04 7.228366354840201451e-16 4.544156399729460077e-18
1.543781250000000000e+04 7.291444369026637163e-16 3.981680614228607959e-18
1.544475878906250000e+04 7.005021236703779571e-16 4.546269019013920510e-18
1.545170507812500000e+04 6.881759414032557684e-16 4.582190991475260843e-18
1.545865136718750000e+04 7.045387121200775288e-16 4.188820701682299490e-18
1.546559765625000000e+04 6.986375394556752251e-16 4.471492305229433085e-18
1.547254394531250000e+04 7.101270119895877753e-16 3.875017742191426423e-18
1.547949023437500000e+04 7.107698041174353824e-16 4.621162365264777912e-18
1.548643652343750000e+04 7.048624904641654851e-16 4.946128127122054088e-18
1.549338281250000000e+04 6.857766676405987593e-16 4.384759522871104197e-18
1.550032910156250000e+04 6.868283649237333800e-16 4.609936697171820774e-18
1.550727539062500000e+04 6.943120068918435302e-16 4.655887820970060290e-18
1.551422167968750000e+04 6.824376108229631040e-16 4.487118574181172330e-18
1.552116796875000000e+04 6.790865896649474816e-16 4.463942627778661601e-18
1.552811425781250000e+04 6.828137463911032167e-16 4.558065028139232961e-18
1.553506054687500000e+04 6.840938778722004815e-16 4.489254768113090524e-18
1.554200683593750000e+04 6.703401803911587797e-16 4.411434856855020510e-18
1.554895312500000000e+04 6.531095185407565819e-16 2.148131388928252989e-18
1.555589941406250000e+04 7.002170441440676817e-16 4.496338742878994653e-18
1.556284570312500000e+04 6.782202867181431460e-16 4.437622154277530537e-18
1.556979199218750000e+04 6.734302624618608742e-16 4.476866911259496382e-18
1.557673828125000000e+04 6.470452390944486220e-16 2.211803823374675433e-18
1.558368457031250000e+04 6.663994654831765542e-16 4.371626789875906053e-18
1.559063085937500000e+04 6.697789681240436024e-16 5.060099553461447900e-18
1.559757714843750000e+04 6.825941001599683360e-16 4.632352878181701547e-18
1.560452343750000000e+04 5.896878207359724372e-16 2.483843054123205548e-18
1.561146972656250000e+04 6.897832922997892101e-16 2.208666947696721214e-18
1.561841601562500000e+04 6.861271275225252261e-16 2.373124515542676517e-18
1.562536230468750000e+04 6.619236904503256278e-16 5.074199260592720533e-18
1.563230859375000000e+04 6.395271864128562658e-16 2.172725329695832746e-18
1.563925488281250000e+04 6.572899437728117744e-16 4.002305949212311428e-18
1.564620117187500000e+04 6.439244520794085592e-16 3.992129973316684081e-18
1.565314746093750000e+04 6.314015464102865592e-16 3.762407441549988618e-18
1.566009375000000000e+04 6.408946681666391303e-16 4.482436731914122194e-18
1.566704003906250000e+04 6.400976631028320370e-16 3.664150792487877226e-18
1.567398632812500000e+04 6.509672663380320495e-16 3.498498362247089074e-18
1.568093261718750000e+04 6.496422950502895102e-16 4.505473298383417738e-18
1.568787890625000000e+04 6.470272925838786715e-16 4.507223198969273668e-18
1.569482519531250000e+04 6.541056822262868425e-16 4.492387714683135117e-18
1.570177148437500000e+04 6.374345385771053134e-16 4.057504125078281241e-18
1.570871777343750000e+04 6.123831685851449571e-16 3.884565474411819745e-18
1.571566406250000000e+04 6.192012014753908375e-16 4.554342301792438060e-18
1.572261035156250000e+04 6.192533469412061804e-16 3.907995365262384254e-18
1.572955664062500000e+04 5.903299246495504003e-16 2.337918467901500829e-18
1.573650292968750000e+04 6.252959741077999522e-16 3.899932835831829893e-18
1.574344824218750000e+04 6.394950521004198057e-16 3.968877926297818473e-18
1.575039453125000000e+04 6.279463931393178613e-16 3.854086350381078334e-18
1.575734082031250000e+04 5.916959240956755697e-16 2.316661166929806848e-18
1.576428710937500000e+04 6.252538871582332541e-16 4.058883035159407138e-18
1.577123339843750000e+04 6.396131602570025772e-16 4.035079672262274937e-18
1.577817968750000000e+04 6.142657522499768430e-16 4.107740871630157994e-18
1.578512597656250000e+04 5.915163531108576581e-16 3.775850367274894147e-18
1.579207226562500000e+04 5.854886019604000399e-16 3.900112747615060177e-18
1.579901855468750000e+04 4.862017821634151069e-16 2.504536631507444641e-18
1.580596484375000000e+04 6.019490991035112652e-16 4.051189428282051428e-18
1.581291113281250000e+04 5.906978016464547836e-16 4.008853083760668642e-18
1.581985742187500000e+04 5.892535045922677947e-16 3.869772589927227674e-18
1.582680371093750000e+04 5.958743376244810333e-16 4.795884830922210012e-18
1.583375000000000000e+04 6.144500348555638567e-16 4.321157605571901899e-18
1.584069628906250000e+04 7.006081086679031514e-16 1.996023420832561251e-18
1.584764257812500000e+04 5.835254972260197921e-16 4.221401278059231868e-18
1.585458886718750000e+04 5.910025217492295181e-16 4.321272583677046770e-18
1.586153515625000000e+04 5.735115031466650297e-16 3.751353827024442509e-18
1.586848144531250000e+04 6.096488932918488722e-16 4.679603916312568147e-18
1.587542773437500000e+04 5.940531109087658808e-16 4.035611962986452810e-18
1.588237402343750000e+04 5.851260718589751993e-16 3.943418134224048834e-18
1.588932031250000000e+04 6.024201553013030629e-16 4.111232814586050600e-18
1.589626660156250000e+04 6.020318965741053730e-16 4.075494062630390763e-18
1.590321289062500000e+04 5.774186543741123036e-16 3.921633919202158574e-18
1.591015917968750000e+04 5.671986724698971361e-16 3.892162714747813028e-18
1.591710546875000000e+04 5.786154060494642232e-16 3.910472771196980572e-18
1.592405175781250000e+04 5.747584944637009700e-16 3.854971020046203797e-18
1.593099804687500000e+04 5.627132624372711920e-16 3.798072160840824959e-18
1.593794433593750000e+04 5.658732247261217662e-16 3.858618059366950096e-18
1.594489062500000000e+04 5.703901337964737295e-16 3.904160969532894694e-18
1.595183691406250000e+04 5.757703811983146385e-16 3.870108011665617927e-18
1.595878320312500000e+04 5.776894931589968661e-16 4.246537642513493273e-18
1.596572949218750000e+04 5.813595810403313427e-16 3.899319481407621823e-18
1.597267578125000000e+04 5.824158311255574552e-16 3.983497930034386961e-18
1.597962207031250000e+04 5.758718133937483410e-16 3.964761048389142054e-18
1.598656835937500000e+04 5.632392169579569091e-16 3.912800043850398515e-18
1.599351464843750000e+04 5.303738092088980220e-16 3.762407027959682341e-18
1.600046093750000000e+04 5.597085718755641717e-16 3.946449751169055681e-18
1.600740722656250000e+04 5.692889909650431391e-16 3.976225358088820742e-18
1.601435351562500000e+04 5.849327365887644053e-16 4.078180331669656721e-18
1.602129980468750000e+04 5.844517806934015729e-16 4.406083825472414974e-18
1.602824609375000000e+04 5.843129731691702744e-16 3.904987322964835169e-18
1.603519238281250000e+04 5.761652044308535493e-16 4.298674836522710607e-18
1.604213867187500000e+04 5.671211689552233676e-16 3.847729880963914593e-18
1.604908496093750000e+04 5.654650077851043968e-16 3.832755843925173410e-18
1.605603125000000000e+04 5.533486779306644610e-16 3.881217874472817642e-18
1.606297753906250000e+04 5.517433387373807483e-16 4.113838847105898914e-18
1.606992382812500000e+04 5.778665759845322183e-16 4.299868044556318350e-18
1.607687011718750000e+04 5.595421299014287017e-16 3.908917671645380880e-18
1.608381640625000000e+04 5.644491505835504738e-16 4.066468281376518402e-18
1.609076269531250000e+04 5.584548572345094004e-16 4.243043218015763007e-18
1.609770898437500000e+04 5.735876831723587133e-16 3.893984166456654795e-18
1.610465527343750000e+04 5.686904033691303657e-16 3.869448748717413164e-18
1.611160156250000000e+04 5.647406887360835633e-16 3.962109107345297048e-18
1.611854785156250000e+04 5.864968888049878776e-16 4.456004589030296471e-18
1.612549414062500000e+04 5.651015777111730986e-16 3.926716944066296929e-18
1.613244042968750000e+04 5.572365062190024962e-16 4.339272033806200652e-18
1.613938671875000000e+04 5.547688345458547023e-16 3.886689260634549643e-18
1.614633300781250000e+04 5.592299453208062886e-16 4.481230288990713603e-18
1.615327929687500000e+04 5.507141407669075700e-16 3.863601822557582088e-18
1.616022558593750000e+04 5.510853000164825637e-16 3.721143123102474556e-18
1.616717187500000000e+04 5.548925013561538302e-16 3.871590319323312953e-18
1.617411816406250000e+04 5.623141511004368064e-16 3.944499259284655642e-18
1.618106445312500000e+04 5.815682687827111209e-16 3.996541741113735654e-18
1.618801074218750000e+04 5.782774928430689607e-16 3.933182601324317670e-18
1.619495703125000000e+04 5.541455241757939441e-16 3.914708763113864626e-18
1.620190332031250000e+04 5.586166405274349718e-16 3.929030154649301471e-18
1.620884960937500000e+04 5.627376675740639565e-16 4.100007560083399738e-18
1.621579492187500000e+04 5.570306772128197012e-16 5.392296114643356367e-18
1.622274121093750000e+04 5.678962041019610524e-16 4.161962560783008958e-18
1.622968750000000000e+04 5.701043660558938100e-16 4.174294996535562048e-18
1.623663378906250000e+04 5.568465534259102977e-16 3.710415004147968063e-18
1.624358007812500000e+04 5.722130016385241873e-16 3.845245857584417851e-18
1.625052636718750000e+04 5.831816547889937495e-16 4.032850006921138251e-18
1.625747265625000000e+04 5.702189802015691575e-16 4.000493596490207744e-18
1.626441894531250000e+04 5.570606939428880255e-16 4.326116139753851024e-18
1.627136523437500000e+04 5.629043213064362401e-16 3.743316940192877292e-18
1.627831152343750000e+04 5.696488740885078100e-16 4.019191600646662658e-18
1.628525781250000000e+04 5.712071500136597056e-16 3.858339713090826002e-18
1.629220410156250000e+04 5.694781440100768651e-16 3.842190252401646967e-18
1.629915039062500000e+04 5.749683998159424263e-16 4.032295382320421446e-18
1.630609667968750000e+04 5.848697914528715701e-16 4.063731967910192986e-18
1.631304296875000000e+04 5.818183552603879531e-16 3.886912185809632684e-18
1.631998925781250000e+04 5.797451891824238496e-16 3.890905400216732426e-18
1.632693554687500000e+04 5.944272877132154680e-16 4.121927432725748695e-18
1.633388183593750000e+04 5.955156721108780405e-16 4.091170789599495744e-18
1.634082812500000000e+04 5.920759771911967336e-16 3.891046020920866440e-18
1.634777441406250000e+04 5.785698250889901011e-16 3.826009358849190916e-18
1.635472070312500000e+04 5.822361013220619334e-16 4.193541421438139619e-18
1.636166699218750000e+04 5.978988522475372179e-16 3.902861468790573888e-18
1.636861328125000000e+04 5.983798081429000503e-16 4.104248515083959111e-18
1.637555957031250000e+04 5.912700253418842668e-16 3.924232507096493911e-18
1.638250585937500000e+04 5.992992624071445933e-16 3.988219063380533366e-18
1.638945312500000000e+04 5.785642134957145414e-16 4.436319758403065795e-18
1.639639843750000000e+04 5.929855846974294454e-16 3.918240824329466055e-18
1.640334570312500000e+04 6.102308049266125765e-16 4.047820321647122946e-18
1.641029101562500000e+04 6.058813436820209477e-16 4.023442895404878944e-18
1.641723828125000000e+04 6.066318678128474612e-16 4.166710163908757061e-18
1.642418359375000000e+04 5.844216580842148418e-16 3.928828322579838532e-18
1.643113085937500000e+04 5.790030824415106758e-16 3.878121737440031659e-18
1.643807617187500000e+04 5.714914354465819302e-16 3.984371846351549235e-18
1.644502343750000000e+04 5.803971398540136439e-16 3.886719039136601552e-18
1.645196875000000000e+04 5.838705572729075127e-16 3.909489253448655022e-18
1.645891406250000000e+04 5.873195695550086168e-16 3.931652317191094569e-18
