1.495708984375000000e+04 1.504313308966896299e-16 3.164413761317028321e-18
1.496726171875000000e+04 1.612828023328624800e-16 3.124946079159979435e-18
1.497743457031250000e+04 1.686145739405078945e-16 3.177710689663818241e-18
1.498760742187500000e+04 1.834181952294509032e-16 3.426421979572281007e-18
1.499778027343750000e+04 1.857416198386592499e-16 3.461061201698704733e-18
1.500795312500000000e+04 1.894507771146858310e-16 3.476149596457131372e-18
1.501812500000000000e+04 2.006810575667385653e-16 3.778073001580824132e-18
1.502829785156250000e+04 1.673186532358782175e-16 3.555227649426894541e-18
1.503847070312500000e+04 1.677776789188410440e-16 3.119427957293638187e-18
1.504864355468750000e+04 2.041330079943754578e-16 3.711911373876076490e-18
1.505881640625000000e+04 1.714687043958404628e-16 3.193608687446781156e-18
1.506898828125000000e+04 1.901652891103642359e-16 3.343640432204964795e-18
1.507916113281250000e+04 1.858329405782851041e-16 3.366072536441637214e-18
1.508933398437500000e+04 1.928990747127376894e-16 3.400221240464816994e-18
1.509950683593750000e+04 1.926956941611680514e-16 3.468771972573770918e-18
1.510967968750000000e+04 1.880424524909775482e-16 3.255270866209546604e-18
1.511985156250000000e+04 2.080882018717998116e-16 3.418256672950616933e-18
1.513002441406250000e+04 2.043390619936848672e-16 3.345714587590941512e-18
1.514019726562500000e+04 1.961129427077471193e-16 3.261189343492363517e-18
1.515037011718750000e+04 2.035115108042174158e-16 3.808728728672345615e-18
1.516054199218750000e+04 2.154188220440325522e-16 3.502510188217971258e-18
1.517071484375000000e+04 2.275547660051573454e-16 3.504654240365708706e-18
1.518088769531250000e+04 2.209774228208296947e-16 3.391588163206754182e-18
1.519106054687500000e+04 2.138762162284048611e-16 3.381859692022518024e-18
1.520123339843750000e+04 2.331398630313357865e-16 3.490019347378114264e-18
1.521140527343750000e+04 2.167229219105591535e-16 4.086346258676780210e-18
1.522157812500000000e+04 2.503988475459118001e-16 3.708996389397439621e-18
1.523175097656250000e+04 2.671241748339380027e-16 3.823820638948375605e-18
1.524192382812500000e+04 2.650047925207893364e-16 3.995700084840462949e-18
1.525209667968750000e+04 2.777190217568724015e-16 4.126785050872966350e-18
1.526226855468750000e+04 3.097142619713051052e-16 4.027714869678409055e-18
1.527244140625000000e+04 2.655835277820008371e-16 4.639502200215997365e-18
1.528261425781250000e+04 2.839490814328257890e-16 3.797800432009601290e-18
1.529278710937500000e+04 2.964596521846533982e-16 4.137331603683017453e-18
1.530295898437500000e+04 3.122598342058206930e-16 4.998649960116108580e-18
1.531313183593750000e+04 2.998282228065449456e-16 3.902759725575229865e-18
1.532330468750000000e+04 3.163064282322097060e-16 3.976419745532770703e-18
1.533347753906250000e+04 3.168675346202064766e-16 4.102373710225607674e-18
1.534365039062500000e+04 3.366071609999351155e-16 3.998513739694062072e-18
1.535382226562500000e+04 3.573353012988891245e-16 4.334951255876529912e-18
1.536399511718750000e+04 3.481099478329873192e-16 4.141314064742154005e-18
1.537416796875000000e+04 3.642379845443012316e-16 4.145130262498167398e-18
1.538434082031250000e+04 3.682777758373326086e-16 4.299295635572431654e-18
1.539451367187500000e+04 3.593574336417811564e-16 4.163186374499281163e-18
1.540468554687500000e+04 3.646922853716051552e-16 4.113268092483237325e-18
1.541485839843750000e+04 3.922747750984185728e-16 4.252461910060598057e-18
1.542503125000000000e+04 3.873114267253043898e-16 4.262940634060419812e-18
1.543520410156250000e+04 3.956855120792156233e-16 4.369139871364265376e-18
1.544537695312500000e+04 4.043301979899950041e-16 4.552236713543184328e-18
1.545554882812500000e+04 3.990589002009946795e-16 4.377245827776978770e-18
1.546572167968750000e+04 3.911663266078179140e-16 4.310647035118496853e-18
1.547589453125000000e+04 3.978970092253781947e-16 4.301945508664745279e-18
1.548606738281250000e+04 4.133332847165813607e-16 4.411117633090106424e-18
1.549623925781250000e+04 4.064321367183861521e-16 4.353485891862005603e-18
1.550641210937500000e+04 3.897788866402153701e-16 4.321644401362389356e-18
1.551658496093750000e+04 4.149290153798696574e-16 4.466523017699520771e-18
1.552675781250000000e+04 3.968151099237180379e-16 4.781560544254629232e-18
1.553693066406250000e+04 4.293145729697834655e-16 4.862661467412390830e-18
1.554710253906250000e+04 4.347889204381084069e-16 4.455746095088873650e-18
1.555727539062500000e+04 4.333232093322236453e-16 4.567857605820941979e-18
1.556744824218750000e+04 4.414090652560520014e-16 4.481472652910191640e-18
1.557762109375000000e+04 4.417794304122389442e-16 4.543740741471652181e-18
1.558779394531250000e+04 4.633851497841076118e-16 4.662027569066735138e-18
1.559796582031250000e+04 4.616425912533687025e-16 5.130182844450309446e-18
1.560813867187500000e+04 4.726802246494802868e-16 4.958295953932709125e-18
1.561831152343750000e+04 4.844918344011454880e-16 5.317416003282299814e-18
1.562848437500000000e+04 4.748463525934055497e-16 4.644274618760122058e-18
1.563865625000000000e+04 5.058614168691874177e-16 4.901577006510560570e-18
1.564882910156250000e+04 5.062800099638086523e-16 5.001784561047378279e-18
1.565900195312500000e+04 5.132145098843019990e-16 4.921338351344452402e-18
1.566917480468750000e+04 5.128387978326355134e-16 4.944752525763378403e-18
1.567934765625000000e+04 5.026881138114175883e-16 5.057319399422657174e-18
1.568951953125000000e+04 4.837703740883216377e-16 4.924216526285830661e-18
1.569969238281250000e+04 4.932456022736634617e-16 4.977607312513372109e-18
1.570986523437500000e+04 4.932112974392996625e-16 5.064745826962158257e-18
1.572003808593750000e+04 5.025119838979478972e-16 5.012535841059036256e-18
1.573021093750000000e+04 5.183486412754063303e-16 5.169897853610511688e-18
1.574038281250000000e+04 5.104117837409559259e-16 5.062626176642491123e-18
1.575055566406250000e+04 4.691534441549093971e-16 4.802501035051715404e-18
1.576072851562500000e+04 4.737923259696659797e-16 4.715202047564093969e-18
1.577090136718750000e+04 4.515325118740597804e-16 4.568118167713896183e-18
1.578107421875000000e+04 4.619189886919696213e-16 4.602223651550070067e-18
1.579124609375000000e+04 4.750895569283859407e-16 5.029505864915867895e-18
1.580141894531250000e+04 4.754412344201740855e-16 4.565364897045013430e-18
1.581159179687500000e+04 4.718125982136958663e-16 5.344806848496074495e-18
1.582176464843750000e+04 4.662654323816866567e-16 5.175691013030526817e-18
1.583193652343750000e+04 4.982920128151677695e-16 5.555262689435184838e-18
1.584210937500000000e+04 4.419450782929863633e-16 5.001343260190581238e-18
1.585228222656250000e+04 4.545226969965450708e-16 4.985794746216421977e-18
1.586245507812500000e+04 5.030473087206126150e-16 5.396004365329431590e-18
1.587262792968750000e+04 4.991909265304413958e-16 5.192102276383578886e-18
1.588279980468750000e+04 4.653725008366030140e-16 4.613257827331221180e-18
1.589297265625000000e+04 4.542983920842002914e-16 4.452489071426946103e-18
1.590314550781250000e+04 4.643277915752832413e-16 4.531814037809556351e-18
1.591331835937500000e+04 4.683618918657002535e-16 4.586075018041503584e-18
1.592349121093750000e+04 5.011326966224626759e-16 4.788149451423920374e-18
1.593366308593750000e+04 5.045445982735622011e-16 4.843072589736216306e-18
1.594383593750000000e+04 4.809749006645864296e-16 4.776235982651625393e-18
1.595400878906250000e+04 4.781538044941967790e-16 4.728580866791526639e-18
1.596418164062500000e+04 5.045145286039346734e-16 5.251716355949663037e-18
1.597435351562500000e+04 5.113726367404975229e-16 5.139675569159967992e-18
1.598452636718750000e+04 4.963198554161637414e-16 5.052966361449096866e-18
1.599469921875000000e+04 5.144932649368599755e-16 5.132299599637832644e-18
1.600487207031250000e+04 4.651488311989686753e-16 5.060818373413756481e-18
1.601504492187500000e+04 4.898859519674976862e-16 5.021609185198130416e-18
1.602521679687500000e+04 4.820484619856720519e-16 5.232165942171972228e-18
1.603538964843750000e+04 5.206302833375133984e-16 5.950498271509453268e-18
1.604556250000000000e+04 4.868169398413585425e-16 4.991106900110237521e-18
1.605573535156250000e+04 4.978542556001149064e-16 5.338117438882358161e-18
1.606590820312500000e+04 5.165859127726109279e-16 5.183273364115494145e-18
1.607608007812500000e+04 4.992684829846743676e-16 5.040671562414414939e-18
1.608625292968750000e+04 5.126577974797191101e-16 5.661384585351756694e-18
1.609642578125000000e+04 4.963387548387993529e-16 5.003312777229069997e-18
1.610659863281250000e+04 4.861619186753349513e-16 5.080911831263588353e-18
1.611677148437500000e+04 4.848915810126903144e-16 5.078350052906511626e-18
1.612694335937500000e+04 4.810979322001751168e-16 4.904209922400316857e-18
1.613711621093750000e+04 4.954419587058938625e-16 5.030771037662767751e-18
1.614728906250000000e+04 5.212738695587490565e-16 4.914214671909145727e-18
1.615746191406250000e+04 5.041934501773660902e-16 4.791597140217041393e-18
1.616763378906250000e+04 4.984861421787666145e-16 5.077889313305319590e-18
1.617780664062500000e+04 5.060860923584466209e-16 5.161783211801366486e-18
1.618797949218750000e+04 5.222319697012120770e-16 5.168385767450764753e-18
1.619815234375000000e+04 5.180199924918716618e-16 5.001117853473660538e-18
1.620832519531250000e+04 5.015688127111802338e-16 4.821108876521402038e-18
1.621849707031250000e+04 5.359157340245460956e-16 5.222861814641975773e-18
1.622866992187500000e+04 5.241440407005202532e-16 4.915149386001330648e-18
1.623884277343750000e+04 5.085832513660707051e-16 5.226600671010715458e-18
1.624901562500000000e+04 5.138912362695989815e-16 4.933508246106638821e-18
1.625918847656250000e+04 5.128336097558335808e-16 5.082921466561785934e-18
1.626936035156250000e+04 5.245727452509493360e-16 5.018873698912417554e-18
1.627953320312500000e+04 5.374814214879864663e-16 5.121975558412558306e-18
1.628970605468750000e+04 5.407772796253121524e-16 5.161352250702226359e-18
1.629987890625000000e+04 5.231539650642983829e-16 5.172657328133988588e-18
1.631005078125000000e+04 5.234165982175064194e-16 5.088107475412187141e-18
1.632022363281250000e+04 5.366173949422278766e-16 5.155017701571295273e-18
1.633039648437500000e+04 5.427513428484475027e-16 5.208666568149953265e-18
1.634056933593750000e+04 5.243493403111110143e-16 5.234646656829018758e-18
1.635074218750000000e+04 5.211917073628653894e-16 5.091544410857344971e-18
1.636091406250000000e+04 5.470347884627124995e-16 5.486609593725427477e-18
1.637108691406250000e+04 5.512638122101164075e-16 5.347793384097697202e-18
1.638125976562500000e+04 5.341302944508524372e-16 5.289349765098375585e-18
1.639143164062500000e+04 5.116173763226948123e-16 5.249689763448908120e-18
1.640160546875000000e+04 5.155275980445758830e-16 5.014569878185304151e-18
1.641177734375000000e+04 5.252565655371795733e-16 5.167115631620189579e-18
1.642195117187500000e+04 4.973372478649345629e-16 4.964996116894388649e-18
1.643212304687500000e+04 4.830212793255936159e-16 4.883048160789372750e-18
1.644229492187500000e+04 4.923945459199097034e-16 4.981903688614972535e-18
1.645246875000000000e+04 5.235590056317635486e-16 5.226419932046872622e-18
1.646264062500000000e+04 5.131506118363435027e-16 5.171084857789525282e-18
1.647281445312500000e+04 5.101769438563296712e-16 5.541152228955949016e-18
1.648298632812500000e+04 5.142107265093914630e-16 5.083005425393960066e-18
1.649315820312500000e+04 4.885411812846130776e-16 5.446316385317050669e-18
1.650333203125000000e+04 4.963051382187051979e-16 5.037475750117816317e-18
1.651350390625000000e+04 5.224064584883464629e-16 5.212661023327971836e-18
1.652367773437500000e+04 4.999922726381031673e-16 4.989793750887809589e-18
1.653384960937500000e+04 5.171825416048331757e-16 5.118704059089911081e-18
1.654402148437500000e+04 4.893318336013157636e-16 5.014160423782090402e-18
1.655419531250000000e+04 4.771429765507671783e-16 4.985431200337204921e-18
1.656436718750000000e+04 4.745421089466636457e-16 5.202920144434547382e-18
1.657453906250000000e+04 4.819409417409299592e-16 4.908791262222941801e-18
1.658471289062500000e+04 4.801199797230108236e-16 4.961378856075694259e-18
1.659488476562500000e+04 4.668133038798825789e-16 4.884719892807342419e-18
1.660505859375000000e+04 4.615175480145302864e-16 5.002649791968108745e-18
1.661523046875000000e+04 4.635254396159966053e-16 4.890191278969074421e-18
1.662540234375000000e+04 4.508018400779345396e-16 4.921067449693841285e-18
1.663557617187500000e+04 4.440785954684423357e-16 4.979233963187957638e-18
1.664574804687500000e+04 4.367651541831710964e-16 4.840459939771467568e-18
1.665592187500000000e+04 4.199643350837208543e-16 4.624473982847133958e-18
1.666609375000000000e+04 4.033296403210508618e-16 4.726941394817446538e-18
1.667626562500000000e+04 4.132283849800198359e-16 4.843573861187423440e-18
1.668643945312500000e+04 4.293614244796784690e-16 5.462288415764837081e-18
1.669661132812500000e+04 4.078717486215836406e-16 5.371656303998933221e-18
1.670678515625000000e+04 3.925864038136693502e-16 4.777061922493259591e-18
1.671695703125000000e+04 4.167486274390291064e-16 4.666464979462775855e-18
1.672712890625000000e+04 4.272366158617114549e-16 4.750707948177320129e-18
1.673730273437500000e+04 4.198922314040858320e-16 4.776052348555638621e-18
1.674747460937500000e+04 4.333611140566132752e-16 4.690143024497106272e-18
1.675764843750000000e+04 4.060843767539790584e-16 4.972544553574241303e-18
1.676782031250000000e+04 4.122638262113340014e-16 4.674695012967372204e-18
1.677799218750000000e+04 3.932124141012494816e-16 4.675465945298271626e-18
1.678816601562500000e+04 4.089376601763643725e-16 4.711494624058631299e-18
1.679833789062500000e+04 4.057141174769105223e-16 4.713040211033186632e-18
1.680851171875000000e+04 3.943711287033137627e-16 5.192816133252212149e-18
1.681868359375000000e+04 3.846858892866120757e-16 4.523784182013197835e-18
1.682885546875000000e+04 3.939120897854611354e-16 4.404972921909756258e-18
1.683902929687500000e+04 3.729533182968375413e-16 4.446304655577193392e-18
1.684920117187500000e+04 3.803523363795610667e-16 4.554227323687293189e-18
1.685937500000000000e+04 3.727994494680128773e-16 4.456977767020965108e-18
1.686954687500000000e+04 3.814765079192451334e-16 4.459673135046969149e-18
1.687971875000000000e+04 3.452385590813544444e-16 4.394537624892093537e-18
1.688989257812500000e+04 3.918542761796660161e-16 5.516082038950691853e-18
1.690006445312500000e+04 3.464424311274192205e-16 4.480898589565079839e-18
1.691023632812500000e+04 3.778944849946455024e-16 4.653342586225234624e-18
1.692041015625000000e+04 3.898130326559015590e-16 4.914161732349942333e-18
1.693058203125000000e+04 4.094586383784849706e-16 4.700965855631750087e-18
1.694075585937500000e+04 4.001001154514070282e-16 4.714825266795076065e-18
1.695092773437500000e+04 4.073417706943984655e-16 4.746251926217496969e-18
1.696109960937500000e+04 4.034179435058021226e-16 4.692190296513175016e-18
1.697127343750000000e+04 4.204717607586853836e-16 4.782368286122787264e-18
1.698144531250000000e+04 4.176033895619271023e-16 4.728878651812045729e-18
1.699161914062500000e+04 3.970095569246721032e-16 4.739308158565420578e-18
1.700179101562500000e+04 4.426755118610951889e-16 5.150088532301091781e-18
1.701196289062500000e+04 4.278242714386487275e-16 4.832854841219655031e-18
1.702213671875000000e+04 4.353709114822109164e-16 5.036763134020101883e-18
1.703230859375000000e+04 4.435317033520916764e-16 4.813040143236253530e-18
1.704248242187500000e+04 4.303370211464582111e-16 4.863451011307072695e-18
1.705265429687500000e+04 4.548605572633811298e-16 4.958971346902858672e-18
1.706282617187500000e+04 4.549645305576565952e-16 4.953161643870592482e-18
1.707300000000000000e+04 4.648146767012768538e-16 4.964778981983593479e-18
1.708317187500000000e+04 4.792592354299228443e-16 5.075789515320353729e-18
1.709334570312500000e+04 4.980649550457444136e-16 5.200310803192248856e-18
1.710351757812500000e+04 4.992185080407863639e-16 5.313678387684478958e-18
1.711368945312500000e+04 4.630172198476440251e-16 5.008428889317710473e-18
1.712386328125000000e+04 4.456625206100282757e-16 4.989211829326878534e-18
1.713403515625000000e+04 4.410401559377431519e-16 4.886627371299889701e-18
1.714420898437500000e+04 4.452358807024081253e-16 4.936885624547692833e-18
1.715438085937500000e+04 4.441135091077369739e-16 4.833199775535089644e-18
1.716455273437500000e+04 4.547591780075066308e-16 4.869168483701039223e-18
1.717472656250000000e+04 4.643496556132342429e-16 5.000128959051353394e-18
1.718489843750000000e+04 4.473848032895922852e-16 5.040294368055090758e-18
1.719507226562500000e+04 4.545216382053610029e-16 4.992634289111316686e-18
1.720524414062500000e+04 4.877866337472871062e-16 5.194880362470838229e-18
1.721541601562500000e+04 4.726455492382020639e-16 5.130399565770798340e-18
1.722558984375000000e+04 4.716171983006761399e-16 5.078733864710736231e-18
1.723576171875000000e+04 5.309826670792962538e-16 5.806237145499592689e-18
1.724593359375000000e+04 4.965989527722840333e-16 5.159609794741883406e-18
1.725610742187500000e+04 5.108534055438306368e-16 5.500567439381647266e-18
1.726627929687500000e+04 5.382979083095804085e-16 5.290953254715809629e-18
1.727645312500000000e+04 5.828577705657873864e-16 5.516994832756644119e-18
1.728662500000000000e+04 5.743243900782331410e-16 5.773997781125338435e-18
1.729679687500000000e+04 5.912073978433466520e-16 5.877995890819180392e-18
1.730697070312500000e+04 6.008549972334547261e-16 5.887048969033267004e-18
1.731714257812500000e+04 6.348662288019118680e-16 5.909272416960422922e-18
1.732731640625000000e+04 6.531091479638421581e-16 6.095642826413520481e-18
1.733748828125000000e+04 6.270401208253149634e-16 5.960692445378556781e-18
1.734766015625000000e+04 6.310857619396383154e-16 5.830654276411239236e-18
1.735783398437500000e+04 6.196991509692579593e-16 5.639918421275393073e-18
1.736800585937500000e+04 6.429830808376538111e-16 5.893388481247873408e-18
1.737817968750000000e+04 6.810890814313750544e-16 6.570287333702573291e-18
1.738835156250000000e+04 6.595742857524382156e-16 6.342018571862439774e-18
1.739852343750000000e+04 6.702606651732352823e-16 6.075693711580579113e-18
1.740869726562500000e+04 7.218803882261292434e-16 6.273874192229402525e-18
1.741886914062500000e+04 6.906297429118922731e-16 6.416140985782397754e-18
1.742904296875000000e+04 7.325887375639957184e-16 7.012588251860190166e-18
1.743921484375000000e+04 7.539463556916576811e-16 6.782447580293849147e-18
1.744938671875000000e+04 7.047113480226397959e-16 6.490837463047467536e-18
1.745956054687500000e+04 6.975912420075793506e-16 6.231150727181344922e-18
1.746973242187500000e+04 7.490054007520865337e-16 6.321925941193220455e-18
1.747990625000000000e+04 7.967984407075223794e-16 6.651016025584686027e-18
1.749007812500000000e+04 8.059561374167622475e-16 6.664382023512624125e-18
1.750025000000000000e+04 7.800946862898715597e-16 6.517110787253683078e-18
1.751042382812500000e+04 8.143229171115034127e-16 6.821808142561572416e-18
1.752059570312500000e+04 8.383430244901816583e-16 6.890286289571774812e-18
1.753076953125000000e+04 8.609715096760802919e-16 7.175206997204440089e-18
1.754094140625000000e+04 8.625254445573775092e-16 7.205571143130036629e-18
1.755111328125000000e+04 8.334000049078015785e-16 6.869711412605437079e-18
1.756128710937500000e+04 8.393052009787033401e-16 6.822396681567403896e-18
1.757145898437500000e+04 9.043355731690010113e-16 7.023952886296056213e-18
1.758163085937500000e+04 8.991605194986324566e-16 7.246787071511716339e-18
1.759180468750000000e+04 9.596941525906346575e-16 7.527815067181707067e-18
1.760197656250000000e+04 9.320583262579238207e-16 7.415354072640835084e-18
1.761215039062500000e+04 9.315681059397003944e-16 7.328465366737039950e-18
1.762232226562500000e+04 1.030014086717857824e-15 8.257978974410840338e-18
1.763249414062500000e+04 9.502572526461560906e-16 8.074773357981370663e-18
1.764266796875000000e+04 8.920720184004164374e-16 7.584055077029187419e-18
1.765283984375000000e+04 9.895511110692830833e-16 9.006402893662081695e-18
1.766301367187500000e+04 9.492761767349987972e-16 7.659956342856440685e-18
1.767318554687500000e+04 1.028795629823232513e-15 8.030871574150731272e-18
1.768335742187500000e+04 9.973721897877556655e-16 7.639374434854896251e-18
1.769353125000000000e+04 1.016280718027550226e-15 7.742484979751468809e-18
1.770370312500000000e+04 1.070868920983656086e-15 8.206678060000914115e-18
1.771387695312500000e+04 1.073960697120252689e-15 8.401434426504074269e-18
1.772404882812500000e+04 1.103789174116049689e-15 8.679500288400512605e-18
1.773422070312500000e+04 1.086570794243382678e-15 8.662347044038000470e-18
1.774439453125000000e+04 1.094849906028083023e-15 8.659957319248334773e-18
1.775456640625000000e+04 1.123028892238220680e-15 9.036851412010158644e-18
1.776474023437500000e+04 1.033771842509233121e-15 8.558692214298368019e-18
1.777491210937500000e+04 1.074590148479181041e-15 8.830207632923998929e-18
1.778508398437500000e+04 1.065680950060841903e-15 8.932514158265169945e-18
1.779525781250000000e+04 1.022865975675978784e-15 8.566965674785123402e-18
1.780542968750000000e+04 1.153183688676947399e-15 9.108570452660343802e-18
1.781560351562500000e+04 1.164278655615676259e-15 9.835275917748392865e-18
1.782577539062500000e+04 1.111675156734105632e-15 9.945732653665048862e-18
1.783594726562500000e+04 1.038916191235263707e-15 9.401020985409079290e-18
1.784612109375000000e+04 9.977780244486088822e-16 8.617453470652909999e-18
1.785629296875000000e+04 1.043028430315064928e-15 8.321084583342510819e-18
1.786646679687500000e+04 1.097035780427591152e-15 8.780067252913484604e-18
1.787663867187500000e+04 1.174936341795385086e-15 9.836843425009180852e-18
1.788681054687500000e+04 1.190653673406399070e-15 1.020361696297641843e-17
1.789698437500000000e+04 1.178941960602950673e-15 1.061640738560059349e-17
1.790715625000000000e+04 1.085442440478521543e-15 1.040744336489622253e-17
1.791732812500000000e+04 1.074396707329851840e-15 1.028953042293801354e-17
1.792750195312500000e+04 1.115428994998099877e-15 1.039831625401731242e-17
1.793767382812500000e+04 1.067184327663099879e-15 1.014718008414315046e-17
1.794784765625000000e+04 1.031848336565137012e-15 9.769073344603323848e-18
1.795801953125000000e+04 1.112037580956412065e-15 1.046567108975566781e-17
1.796819140625000000e+04 1.501827849601856165e-15 1.501517107624222044e-17
1.797836523437500000e+04 1.462755913810909799e-15 1.898640894882765271e-17
1.798853710937500000e+04 1.138174900126311638e-15 1.703296568400202425e-17
1.799871093750000000e+04 9.205533953727238795e-16 1.616294373316365016e-17
1.800888281250000000e+04 8.502454255858806799e-16 1.135635601229561652e-17
1.801905468750000000e+04 1.076741506286088557e-15 1.240236477435771001e-17
1.802922851562500000e+04 1.214396218676173922e-15 1.438538884506884729e-17
1.803940039062500000e+04 1.002581760050724833e-15 1.559900177002704780e-17
1.804957421875000000e+04 9.591645452403639062e-16 1.377557888978556700e-17
1.805974609375000000e+04 9.701123402045073313e-16 1.244984576869886635e-17
1.806991796875000000e+04 1.191240667238846300e-15 1.493895465460158447e-17
1.808009179687500000e+04 1.188527197192317149e-15 1.777501948535599474e-17
1.809026367187500000e+04 1.144159505536018490e-15 2.015956777874833484e-17
1.810043750000000000e+04 8.548496319893590396e-16 1.708770353385710830e-17
1.811060937500000000e+04 8.255186809709555342e-16 1.462856671026963658e-17
1.812078125000000000e+04 1.261689244494933713e-15 2.072189508532923369e-17
1.813095507812500000e+04 1.162057523469738670e-15 2.070588252303143218e-17
1.814112695312500000e+04 6.808026784160846941e-16 1.608636335205349086e-17
1.815130078125000000e+04 9.400224476653639728e-16 1.803139419004945503e-17
1.816147265625000000e+04 1.055942929903614432e-15 2.031594461919025962e-17
1.817164453125000000e+04 1.230904890818160236e-15 3.008409565741058684e-17
1.818181835937500000e+04 1.041420444143821046e-15 3.575821386111198484e-17
1.819199023437500000e+04 3.611153711144686517e-16 2.074173914822438083e-17
1.820216406250000000e+04 3.545666947014496388e-16 1.134685501577983245e-17
1.821233593750000000e+04 7.023391263747357210e-16 1.366933333036741846e-17
1.822250781250000000e+04 1.013812675777488008e-15 2.021665978462674481e-17
1.823268164062500000e+04 1.145123534909112291e-15 2.868325536388468384e-17
1.824285351562500000e+04 1.115554673511648734e-15 3.724930286818987338e-17
1.825302539062500000e+04 9.411923060446405684e-16 4.083729803681213728e-17
1.826319921875000000e+04 6.785402534139684579e-16 5.066494817649340378e-17
1.827337109375000000e+04 2.028154714059785452e-17 6.957574950861125955e-17
1.828354492187500000e+04 8.226692522102247172e-18 5.886982877302324017e-17
1.829371679687500000e+04 2.986186068183066013e-16 5.015842247403533218e-17
1.830388867187500000e+04 4.403049578093060209e-16 4.424453769797931358e-17
1.831406250000000000e+04 6.742465904647772061e-16 6.436066691404003872e-17
1.832423437500000000e+04 1.768452539694710147e-15 1.155484891906180121e-16
1.833440820312500000e+04 -1.553024453227817001e-16 1.926020043762678453e-16
1.834458007812500000e+04 -1.670739798281299323e-16 1.634675650016273376e-16
1.835475195312500000e+04 1.449626797249349737e-15 1.667804696770165164e-16
1.836492578125000000e+04 6.852133907306746496e-16 1.408042455857728709e-16
1.837509765625000000e+04 1.020724782264438319e-15 1.788787736115476966e-16
1.838527148437500000e+04 4.537315152842503509e-16 1.784190464794254251e-16
1.839544335937500000e+04 1.099945126843172860e-15 1.302312362310098720e-16
1.840561523437500000e+04 3.411661305500741752e-16 4.513245321982843475e-17
1.841578906250000000e+04 2.315127921489990807e-16 3.219006440974609318e-17
1.842596093750000000e+04 6.201436844478888568e-16 4.169521668092763546e-17
1.843613476562500000e+04 9.313865232516327537e-16 7.459234184339425585e-17
1.844630664062500000e+04 1.226621445203895239e-15 1.183151634941465740e-16
1.845647851562500000e+04 9.821456078905571423e-16 1.273587489835235269e-16
1.846665234375000000e+04 3.581322534231370144e-16 9.923306629205878708e-17
1.847682421875000000e+04 1.364643928711766581e-16 4.554637439834996980e-17
1.848699804687500000e+04 4.496159410122193157e-16 4.216655081140525106e-17
1.849716992187500000e+04 7.545945476545440345e-16 6.420980902264506775e-17
1.850734179687500000e+04 1.066134536204096581e-15 9.006017592932754495e-17
1.851751562500000000e+04 3.360568013424566338e-16 7.557535004846247309e-17
1.852768750000000000e+04 2.394844839134053181e-16 7.859217700411687138e-17
1.853786132812500000e+04 5.720289837307331905e-16 8.486661326557250369e-17
1.854803320312500000e+04 2.336072663995425501e-16 7.945289482742524901e-17
1.855820507812500000e+04 4.846027427776765980e-16 8.238748679530207551e-17
1.856837890625000000e+04 6.746437430379210662e-16 8.767542084078206658e-17
1.857855078125000000e+04 4.612646954448850769e-17 4.074769783286039332e-17
1.858872265625000000e+04 1.965029219706189195e-16 2.475529227222557577e-17
1.859889648437500000e+04 4.402117577153284462e-16 3.094801963277322000e-17
1.860906835937500000e+04 5.890991857771899019e-16 4.600549603426385250e-17
1.861924218750000000e+04 2.629376086130152165e-16 4.269923858227714982e-17
1.862941406250000000e+04 2.792443957459793879e-16 3.361585247054659550e-17
1.863958593750000000e+04 3.377391940641608862e-16 5.379134016736412591e-17
1.864975976562500000e+04 1.012420577128675565e-15 8.746184280662087484e-17
1.865993164062500000e+04 1.997008710401758889e-15 2.048620651339449952e-16
1.867010546875000000e+04 2.565614622234400639e-16 2.585687185501959421e-16
1.868027734375000000e+04 1.717733689120780338e-15 2.428114175719833963e-16
1.869044921875000000e+04 1.263508565386517544e-15 3.266355450377226698e-16
1.870062304687500000e+04 2.474493041230269551e-15 2.803773287827116163e-16
1.871079492187500000e+04 1.575451635739844730e-15 5.325876356956655427e-16
1.872096875000000000e+04 -5.442519675936269025e-16 2.269169766656544589e-16
1.873114062500000000e+04 3.648657947768942783e-16 1.631706799536147053e-16
1.874131250000000000e+04 -9.743645647137321266e-17 1.242736829360559540e-16
1.875148632812500000e+04 3.896000038696671025e-16 3.955112482852078518e-17
1.876165820312500000e+04 4.358526879407414014e-16 3.172430547659708499e-17
1.877183203125000000e+04 4.877767869892752749e-16 2.816906666023192098e-17
1.878200390625000000e+04 4.526026321237971821e-16 3.011329513303370872e-17
1.879217578125000000e+04 4.531192163425038985e-16 2.682733173019538202e-17
1.880234960937500000e+04 6.924175118261908807e-16 3.240264651844977108e-17
1.881252148437500000e+04 6.738516613531198886e-16 4.857413337297986891e-17
1.882269531250000000e+04 3.998531788775027979e-16 3.613775741337581606e-17
1.883286718750000000e+04 1.261070195759388828e-16 2.455239810285611893e-17
1.884303906250000000e+04 2.438830465991580947e-16 2.040268939566747052e-17
1.885321289062500000e+04 4.448245403273977557e-16 1.774889381288911991e-17
1.886338476562500000e+04 8.884262827163155220e-16 3.025959691361473762e-17
1.887355859375000000e+04 7.765724056578329586e-16 4.285690251575220711e-17
1.888373046875000000e+04 8.255789261893289963e-16 5.556493120596357467e-17
1.889390234375000000e+04 8.271462547791046723e-16 1.023112700491646200e-16
1.890407617187500000e+04 3.421924433145707685e-16 4.704875938387288248e-17
1.891424804687500000e+04 2.225223579770623352e-16 2.133127077079092365e-17
1.892441992187500000e+04 3.807805644739573189e-16 1.833550383353212544e-17
1.893459375000000000e+04 5.809534816816821091e-16 2.522356583443674516e-17
1.894476562500000000e+04 5.059635372788907643e-16 3.082438260097614406e-17
1.895493945312500000e+04 5.795503716045553606e-16 6.642310611382055453e-17
1.896511132812500000e+04 -4.063537332312059259e-16 1.968334898131747111e-16
1.897528320312500000e+04 1.389166194279268618e-16 1.805235263066583360e-16
1.898545703125000000e+04 9.531976216434309875e-16 1.258228003174656625e-16
1.899562890625000000e+04 4.205466172953989824e-16 8.807219621956660248e-17
1.900580273437500000e+04 3.114888224655824661e-16 8.635827799035672913e-17
1.901597460937500000e+04 1.115162179619714772e-15 1.122839448025611335e-16
1.902614648437500000e+04 8.374872565156587980e-16 1.439920408478746294e-16
1.903632031250000000e+04 8.432705327817151437e-16 7.341646158925827425e-17
1.904649218750000000e+04 4.553565479935577261e-16 3.596347045831089313e-17
1.905666601562500000e+04 6.836174747789291409e-16 3.829390294166878906e-17
1.906683789062500000e+04 3.318952225934778495e-16 3.523591547873375211e-17
1.907700976562500000e+04 9.057489535206132182e-16 6.121256308645102472e-17
1.908718359375000000e+04 1.312545737922792347e-15 1.126373825346927912e-16
1.909735546875000000e+04 -4.938213663021146719e-17 1.009161339931428827e-16
1.910752929687500000e+04 -3.430722458489719696e-16 9.402581213480476811e-17
1.911770117187500000e+04 3.664011743426907062e-16 6.193487704966702976e-17
1.912787304687500000e+04 1.770908458785714788e-16 4.435155170818652387e-17
1.913804687500000000e+04 2.794587480211939293e-16 2.258679362866473586e-17
1.914821875000000000e+04 2.343317707370205956e-16 2.329666348674549315e-17
1.915839257812500000e+04 5.344949950742046169e-16 2.227130032559211068e-17
1.916856445312500000e+04 1.290721616399430078e-15 4.331031991416192412e-17
1.917873632812500000e+04 2.819512218778285131e-16 3.275540596247913526e-17
1.918891015625000000e+04 1.919422980592547538e-16 1.645520153282966079e-17
1.919908203125000000e+04 4.862819326560490450e-16 1.962357955723234950e-17
1.920925585937500000e+04 4.710972788897396096e-16 1.983690778284855023e-17
1.921942773437500000e+04 3.988371893270508664e-16 1.581939411807445139e-17
1.922959960937500000e+04 5.258910990937914511e-16 1.766216558002416006e-17
1.923977343750000000e+04 5.331942171650180286e-16 2.156453570353087745e-17
1.924994531250000000e+04 6.121215412835617851e-16 3.101709252264384803e-17
1.926011718750000000e+04 3.534310352774184356e-16 2.265722640346240106e-17
1.927029101562500000e+04 7.664273332298905932e-16 3.264670450382231679e-17
1.928046289062500000e+04 5.516981283538210500e-16 2.800869288307013998e-17
1.929063671875000000e+04 3.675511274477068257e-16 1.828592759069937228e-17
1.930080859375000000e+04 4.731126879086128105e-16 1.807203191918296017e-17
1.931098046875000000e+04 4.620802425893031588e-16 1.484251201262280187e-17
1.932115429687500000e+04 4.736628358078544786e-16 1.568012006397767301e-17
1.933132617187500000e+04 6.468175989898740288e-16 1.935117740099006174e-17
1.934150000000000000e+04 6.585046948982928479e-16 1.878311111531926999e-17
1.935167187500000000e+04 6.290219661636532126e-16 2.185624590963137798e-17
1.936184375000000000e+04 6.798712598114601841e-16 2.617252563113105468e-17
1.937201757812500000e+04 4.504463509378837504e-16 1.661827357314958978e-17
1.938218945312500000e+04 3.282828653014546738e-16 1.352447249841345694e-17
1.939236328125000000e+04 4.356658112967534214e-16 1.048929536805018228e-17
1.940253515625000000e+04 5.662078027402872148e-16 1.500752958174345557e-17
1.941270703125000000e+04 1.028735914000451085e-15 2.673215302019258044e-17
1.942288085937500000e+04 6.204747684511468814e-16 1.663509346372524304e-17
1.943305273437500000e+04 5.186068804452004851e-16 1.337823110201714441e-17
1.944322656250000000e+04 5.635120674460912006e-16 1.318386351040188418e-17
1.945339843750000000e+04 5.913683870428841725e-16 1.355020443290875652e-17
1.946357031250000000e+04 5.183430826216899739e-16 1.274962429449420911e-17
1.947374414062500000e+04 5.166797746110785450e-16 1.229307353592414123e-17
1.948391601562500000e+04 5.635383254674560839e-16 1.142329477618585774e-17
1.949408984375000000e+04 7.002517724949051080e-16 1.366006229006192413e-17
1.950426171875000000e+04 6.980805094137371158e-16 1.610434956729284389e-17
1.951443359375000000e+04 6.897775748273952436e-16 1.683959236348305275e-17
1.952460742187500000e+04 7.409739402253396647e-16 1.771234731906530204e-17
1.953477929687500000e+04 6.405744367730178013e-16 1.881400300247567536e-17
1.954495312500000000e+04 5.194128322945129519e-16 1.937602590659115470e-17
1.955512500000000000e+04 6.040636639167724226e-16 1.837014119450217092e-17
1.956529687500000000e+04 5.801819934854110516e-16 1.381417348280606616e-17
1.957547070312500000e+04 5.152011727225277570e-16 1.155678270189782768e-17
1.958564257812500000e+04 6.577291832955223325e-16 1.208951265898096665e-17
1.959581445312500000e+04 7.548576572637849015e-16 1.361832523789433601e-17
1.960598828125000000e+04 7.253055777065888204e-16 1.469765945247496588e-17
1.961616015625000000e+04 6.266662616582205966e-16 1.349897217448967220e-17
1.962633398437500000e+04 6.090192831142429101e-16 1.115730988713575637e-17
1.963650585937500000e+04 6.894431026923482017e-16 1.153372173360046182e-17
1.964667773437500000e+04 7.073316973845301774e-16 1.064827369151858633e-17
1.965685156250000000e+04 6.365553183778553496e-16 1.006116653532743643e-17
1.966702343750000000e+04 6.519752884848238703e-16 9.945353804944499575e-18
1.967719726562500000e+04 6.949118650371771851e-16 1.036129082261882635e-17
1.968736914062500000e+04 7.270473950834988822e-16 1.115678545462739775e-17
1.969754101562500000e+04 7.683601035968472964e-16 1.173208295321312807e-17
1.970771484375000000e+04 7.367075940886973640e-16 1.111926288768076731e-17
1.971788671875000000e+04 7.213184877447444219e-16 9.848040968961311188e-18
1.972806054687500000e+04 7.082509398905379068e-16 9.112674095679219373e-18
1.973823242187500000e+04 6.624673267837852784e-16 8.678085809553046928e-18
1.974840429687500000e+04 6.576418330228367328e-16 9.545709763795629785e-18
1.975857812500000000e+04 8.932197480439460144e-16 1.097233658573726087e-17
1.976875000000000000e+04 8.672718995564353880e-16 1.101822939330231540e-17
1.977892382812500000e+04 7.171838552314001650e-16 1.335653911763355381e-17
1.978909570312500000e+04 7.496763567254303463e-16 9.116029140243734453e-18
1.979926757812500000e+04 7.799108801403173766e-16 1.015944055518241143e-17
1.980944140625000000e+04 7.569549637807457525e-16 8.884829677493325559e-18
1.981961328125000000e+04 8.123802999865348783e-16 9.094076593967189651e-18
1.982978710937500000e+04 8.352113848655048998e-16 9.621320689227876938e-18
1.983995898437500000e+04 8.370742220747539198e-16 9.698970614870067305e-18
1.985013085937500000e+04 7.731802504623162993e-16 9.151506089535521257e-18
1.986030468750000000e+04 7.776265911002501387e-16 9.180698947713742709e-18
1.987047656250000000e+04 8.657821803604518873e-16 9.978412905305793879e-18
1.988065039062500000e+04 7.709968112825315266e-16 9.369689038166795707e-18
1.989082226562500000e+04 8.396490434157293827e-16 1.034366029504287112e-17
1.990099414062500000e+04 8.684465224960402890e-16 9.601498960209268736e-18
1.991116796875000000e+04 8.945111556511536020e-16 1.051066061609181443e-17
1.992133984375000000e+04 8.721154457070722909e-16 1.013901994740031484e-17
1.993151171875000000e+04 9.170814073219285024e-16 1.061208867562245413e-17
1.994168554687500000e+04 9.420309745415407325e-16 1.151628228474600634e-17
1.995185742187500000e+04 9.271922278550662720e-16 1.277370021340317754e-17
1.996203125000000000e+04 1.014313801644907333e-15 1.483880128039488899e-17
1.997220312500000000e+04 1.107804851439863920e-15 1.704894185035287342e-17
1.998237500000000000e+04 8.540336216237979280e-16 1.742210784009392080e-17
1.999254882812500000e+04 7.244090462714793469e-16 2.715663564077519255e-17
2.000272070312500000e+04 1.201609197546186190e-15 3.428089906559432932e-17
2.001289453125000000e+04 6.910093724909398098e-16 1.859219617558080609e-17
2.002306640625000000e+04 3.913745908337240651e-16 1.987493492996883802e-17
2.003323828125000000e+04 4.799541200840265909e-16 1.265259683582235152e-17
2.004341210937500000e+04 4.455683940737646415e-16 1.113786866119892256e-17
2.005358398437500000e+04 4.536708465494032616e-16 1.085972173560245403e-17
2.006375781250000000e+04 6.018463434190974778e-16 1.008384121027874002e-17
2.007392968750000000e+04 5.761523401179671246e-16 1.192197632489508898e-17
2.008410156250000000e+04 6.382258261685184401e-16 1.154583413931007581e-17
2.009427539062500000e+04 5.595463650661649732e-16 1.397874189285410357e-17
2.010444726562500000e+04 5.504542075312189066e-16 1.143670833699901763e-17
2.011462109375000000e+04 6.149279731960520957e-16 1.161655973604458478e-17
2.012479296875000000e+04 4.714984019298237242e-16 1.426435081475641297e-17
2.013496484375000000e+04 5.498599609791608115e-16 1.307888022859849157e-17
2.014513867187500000e+04 5.541507122525958767e-16 1.079640023253090720e-17
2.015531054687500000e+04 5.243661750909376935e-16 9.948054549644485211e-18
2.016548437500000000e+04 5.468049778362105671e-16 9.662120545761442475e-18
2.017565625000000000e+04 5.587411014311221506e-16 9.329893378896869546e-18
2.018582812500000000e+04 5.465141278979471218e-16 8.761754301332173124e-18
2.019600195312500000e+04 5.535064378170905745e-16 8.122865638795203692e-18
2.020617382812500000e+04 5.636747507115232297e-16 9.507059749674089566e-18
2.021634765625000000e+04 5.630686456982035744e-16 7.669130603030266315e-18
2.022651953125000000e+04 5.015077204598595174e-16 6.909088104895105131e-18
2.023669140625000000e+04 5.454112910006220227e-16 6.915442092770431214e-18
2.024686523437500000e+04 5.472978980719533666e-16 7.398342276163069516e-18
2.025703710937500000e+04 5.828461238627626398e-16 7.172160491008407288e-18
2.026720898437500000e+04 5.745967641103346020e-16 7.504854187738460125e-18
2.027738281250000000e+04 5.362445945663175777e-16 7.339485894038083938e-18
2.028755468750000000e+04 5.530271230480630473e-16 6.744386518768446685e-18
2.029772851562500000e+04 5.522814693566832460e-16 6.821097594415389366e-18
2.030790039062500000e+04 5.025424241444898486e-16 7.329404216732287637e-18
2.031807226562500000e+04 5.700425326507442460e-16 7.220002963277249303e-18
2.032824609375000000e+04 5.591618121081115209e-16 6.722610989142988231e-18
2.033841796875000000e+04 5.483803532389851590e-16 6.479497230439671803e-18
2.034859179687500000e+04 5.200300546152653199e-16 6.418888052596686359e-18
2.035876367187500000e+04 5.396553315471146282e-16 6.650767457810613842e-18
2.036893554687500000e+04 5.373371611891572183e-16 6.665190592561394709e-18
2.037910937500000000e+04 5.449064064244992563e-16 6.641356210391291770e-18
2.038928125000000000e+04 5.051967607033888089e-16 7.183504445928959510e-18
2.039945507812500000e+04 4.848067718388464776e-16 6.575916297770996645e-18
2.040962695312500000e+04 5.125136959995674722e-16 8.204988130009468279e-18
2.041979882812500000e+04 5.106499058782527911e-16 6.885628849132794990e-18
2.042997265625000000e+04 5.245385462957039436e-16 7.354832575942780261e-18
2.044014453125000000e+04 4.938766418193679154e-16 6.725432088622100332e-18
2.045031835937500000e+04 4.800434820599619196e-16 6.681873171155364172e-18
2.046049023437500000e+04 4.539323150323088234e-16 7.319943752066518659e-18
2.047066210937500000e+04 4.581603858676470704e-16 7.563282090306143235e-18
2.048083593750000000e+04 4.573230937992861945e-16 7.815413358457206494e-18
2.049100781250000000e+04 4.334461614584735273e-16 7.419979666626231614e-18
2.050118164062500000e+04 4.533060929864918785e-16 7.867466180043943420e-18
2.051135351562500000e+04 4.671785868383859959e-16 7.833212630878122544e-18
2.052152539062500000e+04 4.077512052452775130e-16 7.535442499610058535e-18
2.053169921875000000e+04 3.844129064495797757e-16 7.837533822398099560e-18
2.054187109375000000e+04 4.283306383224291889e-16 8.834039960701957106e-18
2.055204492187500000e+04 4.205106713346998780e-16 8.035134863027829576e-18
2.056221679687500000e+04 3.998852867201596563e-16 6.871211091055995718e-18
2.057238867187500000e+04 3.654211042831582773e-16 6.368460227323309857e-18
2.058256250000000000e+04 3.928826800567511435e-16 6.697437401561161940e-18
2.059273437500000000e+04 4.311835776376796809e-16 7.020447294860056482e-18
2.060290625000000000e+04 4.079341643618844418e-16 7.170745184980329058e-18
2.061308007812500000e+04 3.986025612006614252e-16 7.806186985904790024e-18
2.062325195312500000e+04 3.643725833735758602e-16 6.742195317325793715e-18
2.063342578125000000e+04 4.020103865057022890e-16 8.046905643144459160e-18
2.064359765625000000e+04 3.793499258260448056e-16 6.830792978375123403e-18
2.065376953125000000e+04 3.824616601764610881e-16 7.190106174397745223e-18
2.066394335937500000e+04 3.975914685594358075e-16 7.365394018003857318e-18
2.067411523437500000e+04 3.644308168886995934e-16 8.218973272625902318e-18
2.068428906250000000e+04 3.682882843398344822e-16 6.774849099186937035e-18
2.069446093750000000e+04 3.888969929932256349e-16 6.825456422653237545e-18
2.070463281250000000e+04 4.112736446959937243e-16 7.227262300333014674e-18
2.071480664062500000e+04 3.865651112894345461e-16 7.019390985217826266e-18
2.072497851562500000e+04 3.441488511947117870e-16 6.447421234236396773e-18
2.073515234375000000e+04 4.157715484645916693e-16 7.185393726448030625e-18
2.074532421875000000e+04 4.003791333981885150e-16 6.494000188119564037e-18
2.075549609375000000e+04 3.781796439302945829e-16 6.745172753940678338e-18
2.076566992187500000e+04 4.148560911370669825e-16 6.773638106770159403e-18
2.077584179687500000e+04 4.332338738260679183e-16 6.257144050750211263e-18
2.078601562500000000e+04 4.020851901028566844e-16 6.250383917194121645e-18
2.079618750000000000e+04 4.457725290140529279e-16 6.430847016302671757e-18
2.080635937500000000e+04 4.245917554839099021e-16 6.500728061631764088e-18
2.081653320312500000e+04 4.376405097945992124e-16 6.570276993944916378e-18
2.082670507812500000e+04 3.971370883227930788e-16 6.370863600593082679e-18
2.083687890625000000e+04 4.127179946897399166e-16 7.144374667052138535e-18
2.084705078125000000e+04 4.475466395220770600e-16 6.927442829097350539e-18
2.085722265625000000e+04 4.793042869948049324e-16 6.767419362924985741e-18
2.086739648437500000e+04 4.222460036156075241e-16 7.429673396224740546e-18
2.087756835937500000e+04 4.549233435805963548e-16 7.911476324534827257e-18
2.088774218750000000e+04 4.845590147017745947e-16 7.238591366002540941e-18
2.089791406250000000e+04 5.173915999241273777e-16 8.124081594295656642e-18
2.090808593750000000e+04 5.024791613712417931e-16 7.341580315349068204e-18
2.091825976562500000e+04 4.995116343800955552e-16 6.697540799137731069e-18
2.092843164062500000e+04 5.083896513980638941e-16 7.052355786989289525e-18
2.093860351562500000e+04 4.807696539935548720e-16 6.734029803908976502e-18
2.094877734375000000e+04 5.144685421627119906e-16 6.986072150144190311e-18
2.095894921875000000e+04 5.177548182398218624e-16 7.095312103379780805e-18
2.096912304687500000e+04 5.082861016202620558e-16 6.915348207770906445e-18
2.097929492187500000e+04 5.167139206267647340e-16 7.293167915638177154e-18
2.098946679687500000e+04 4.853357439144067881e-16 6.897757384864353758e-18
2.099964062500000000e+04 5.119229963979760045e-16 7.496591480599667931e-18
2.100981250000000000e+04 5.384678442946233025e-16 7.284784440129952218e-18
2.101998632812500000e+04 5.740281932444901529e-16 8.234930413822662775e-18
2.103015820312500000e+04 6.026956527673975241e-16 8.044499374742542403e-18
2.104033007812500000e+04 6.461978355702798979e-16 8.028284980375277954e-18
2.105050390625000000e+04 5.892903505254733568e-16 8.776962016893960538e-18
2.106067578125000000e+04 5.775506326952063643e-16 8.885463297842541178e-18
2.107084960937500000e+04 6.049725832087354902e-16 8.622361960407799665e-18
2.108102148437500000e+04 6.228950592188076379e-16 7.888242475489437816e-18
2.109119335937500000e+04 5.984792286350840238e-16 7.844607870996653053e-18
2.110136718750000000e+04 5.971149761944125663e-16 8.778286333054657935e-18
2.111153906250000000e+04 6.394236366350544275e-16 9.425691647178473340e-18
2.112171289062500000e+04 6.420944903364248467e-16 8.687746451927053738e-18
2.113188476562500000e+04 6.491659448965773731e-16 8.332882660419354653e-18
2.114205664062500000e+04 6.891145597879319400e-16 8.743553019133556303e-18
2.115223046875000000e+04 6.758604529270926652e-16 8.573035526120037519e-18
2.116240234375000000e+04 6.440733710594477059e-16 8.325483529840067821e-18
2.117257617187500000e+04 6.263574652093872007e-16 8.608294926910722877e-18
2.118274804687500000e+04 6.665076210026290877e-16 8.462391847384944537e-18
2.119291992187500000e+04 6.513879770150214198e-16 9.299688878829495740e-18
2.120309375000000000e+04 7.398428336033999533e-16 1.174972506131765905e-17
2.121326562500000000e+04 6.510545107315992425e-16 1.097051347966719400e-17
2.122343945312500000e+04 7.267976262431772704e-16 8.606996253349014623e-18
2.123361132812500000e+04 7.352748378584167150e-16 8.915719910288505824e-18
2.124378320312500000e+04 7.437827014784349246e-16 1.012312070884643309e-17
2.125395703125000000e+04 6.791378880978155702e-16 8.694095063128398225e-18
2.126412890625000000e+04 6.875249965832908386e-16 9.203901363895855136e-18
2.127430078125000000e+04 6.453452439693092412e-16 8.983437051135159435e-18
2.128447460937500000e+04 6.711343796583280931e-16 9.282171674997460273e-18
2.129464648437500000e+04 6.726528979745182400e-16 8.878372705631736625e-18
2.130482031250000000e+04 6.527010369019431955e-16 8.471976389142596469e-18
2.131499218750000000e+04 6.518268989003767576e-16 8.860934911138506248e-18
2.132516406250000000e+04 7.114650064088943494e-16 8.863646409186455073e-18
2.133533789062500000e+04 7.196426330586017887e-16 8.985261811566451414e-18
2.134550976562500000e+04 6.884301042269912619e-16 8.773007266385344512e-18
2.135568359375000000e+04 6.825698538418531816e-16 8.838023662532012488e-18
2.136585546875000000e+04 6.884215809579595155e-16 9.332508923993762220e-18
2.137602734375000000e+04 6.873413492524142656e-16 9.110649984720302114e-18
2.138620117187500000e+04 6.831828939374284815e-16 8.978288679002629390e-18
2.139637304687500000e+04 6.756192073558027998e-16 8.892833477100388654e-18
2.140654687500000000e+04 5.564585064569494213e-16 1.188820750356822418e-17
2.141671875000000000e+04 6.616674100442219986e-16 9.349247750869385288e-18
2.142689062500000000e+04 6.372344270433164849e-16 8.878960831047261827e-18
2.143706445312500000e+04 5.986989278057781080e-16 9.032850339387239649e-18
2.144723632812500000e+04 5.679411497877247337e-16 8.961187547018708096e-18
2.145741015625000000e+04 6.118132742303204231e-16 9.871123443954603425e-18
2.146758203125000000e+04 5.655371114647394191e-16 9.065773782128075256e-18
2.147775390625000000e+04 5.516033136032877718e-16 8.644279765098617240e-18
2.148792773437500000e+04 6.292420359112617205e-16 9.248794110100333054e-18
2.149809960937500000e+04 6.765454378836253772e-16 1.042902947016140634e-17
2.150827343750000000e+04 6.267495885244067384e-16 1.061573736930442554e-17
2.151844531250000000e+04 6.730475623883795406e-16 1.048210965006893413e-17
2.152861718750000000e+04 6.396066486912205598e-16 1.004442770845181336e-17
2.153879101562500000e+04 6.637810748849766983e-16 9.372360004364729434e-18
2.154896289062500000e+04 6.830058111118931293e-16 1.057362725868057600e-17
2.155913671875000000e+04 7.094333449453457067e-16 1.028477992468012150e-17
2.156930859375000000e+04 7.080396051701979589e-16 1.098082345882205494e-17
2.157948046875000000e+04 7.068304126984332417e-16 9.706746112628065765e-18
2.158965429687500000e+04 6.809407977260463485e-16 1.004818145407157900e-17
2.159982617187500000e+04 6.689401937480250315e-16 1.070748410694574460e-17
2.160999804687500000e+04 7.251153129308118232e-16 1.255383229786413257e-17
2.162017187500000000e+04 6.991361242242527876e-16 1.043802340496169541e-17
2.163034375000000000e+04 8.129748641759481937e-16 1.359733056676712762e-17
2.164051757812500000e+04 7.793672967464169293e-16 1.089777038941866819e-17
2.165068945312500000e+04 6.697760564482874157e-16 1.143433846454405321e-17
2.166086132812500000e+04 7.386413173677197283e-16 9.996351971250231391e-18
2.167103515625000000e+04 6.839296593595515540e-16 1.013246950412950741e-17
2.168120703125000000e+04 7.216891175987273817e-16 1.157569205070078990e-17
2.169138085937500000e+04 6.515708302525099419e-16 1.003965322195615728e-17
2.170155273437500000e+04 6.492241784117011062e-16 1.061387207702311846e-17
2.171172460937500000e+04 7.088097169379297281e-16 1.027385783187197133e-17
2.172189843750000000e+04 7.741786376093331024e-16 1.062253844830083653e-17
2.173207031250000000e+04 7.132548399660018894e-16 1.055163831645707887e-17
2.174224414062500000e+04 6.689591990497790498e-16 1.122050483157358258e-17
2.175241601562500000e+04 8.038932945528428058e-16 1.153876918969826040e-17
2.176258789062500000e+04 7.629318929543681127e-16 1.102456725115569670e-17
2.177276171875000000e+04 6.831762235529688539e-16 1.286869115340692958e-17
2.178293359375000000e+04 7.370434426522836941e-16 1.310464194159584306e-17
2.179310742187500000e+04 7.705574658807025617e-16 1.363732061348100374e-17
2.180327929687500000e+04 8.060257529371147103e-16 1.147091308250869788e-17
2.181345117187500000e+04 7.863771296596567054e-16 1.200954331890117759e-17
2.182362500000000000e+04 9.361461072613730741e-16 1.612988463280235586e-17
2.183379687500000000e+04 8.384769615749662446e-16 1.140800847846587778e-17
2.184397070312500000e+04 7.813333660961125672e-16 1.337688941506358340e-17
2.185414257812500000e+04 9.312300339146275217e-16 1.238324780322099699e-17
2.186431445312500000e+04 9.162277039902145745e-16 1.233280467510628826e-17
2.187448828125000000e+04 8.392508849909606581e-16 1.162719066127711629e-17
2.188466015625000000e+04 9.205975469650995099e-16 1.196077854024933895e-17
2.189483398437500000e+04 8.827396211458053699e-16 1.208590118842656013e-17
2.190500585937500000e+04 9.474139748004602180e-16 1.629436122580239988e-17
2.191517773437500000e+04 9.252615221309185012e-16 1.232991202450419032e-17
2.192535156250000000e+04 1.025088272492218847e-15 1.319102110424230553e-17
2.193552343750000000e+04 8.459120050277276794e-16 1.538770179127282709e-17
2.194569531250000000e+04 9.861026281827740131e-16 1.450786947836957410e-17
2.195586914062500000e+04 1.107130507334731090e-15 1.414241115757629584e-17
2.196604101562500000e+04 1.037247748087409549e-15 1.456023166550540586e-17
2.197621484375000000e+04 9.695640981293969854e-16 1.425279179287659696e-17
2.198638671875000000e+04 1.024687837666404377e-15 1.541660844495910520e-17
2.199655859375000000e+04 1.159729559293328632e-15 1.754242787763465910e-17
2.200673242187500000e+04 1.143330154401538123e-15 1.445984337200474532e-17
2.201690429687500000e+04 1.055396699531753815e-15 1.474078699525225563e-17
2.202707812500000000e+04 1.033278022300983864e-15 1.810014613384241248e-17
2.203725000000000000e+04 1.082734476146149545e-15 1.513899670521895848e-17
2.204742187500000000e+04 1.170219427070362701e-15 1.487633708223132028e-17
2.205759570312500000e+04 1.172714468495618650e-15 1.497809684118759374e-17
2.206776757812500000e+04 1.198683016350777803e-15 1.642176854683149252e-17
2.207794140625000000e+04 1.214926778938510334e-15 1.514057331146648455e-17
2.208811328125000000e+04 1.313541531031408183e-15 1.757668142680047997e-17
2.209828515625000000e+04 1.254391949775219509e-15 1.629572772817433748e-17
2.210845898437500000e+04 1.342608631286741974e-15 1.801844715910177504e-17
2.211863085937500000e+04 1.368326986785105889e-15 1.702371780475368140e-17
2.212880468750000000e+04 1.100745890615683394e-15 1.932895602101443721e-17
2.213897656250000000e+04 1.318993987992002521e-15 1.581670081799997873e-17
2.214914843750000000e+04 1.389249018219642327e-15 1.684263969685969811e-17
2.215932226562500000e+04 1.392222950897452176e-15 1.677499286636511150e-17
2.216949414062500000e+04 1.202047854733745511e-15 2.126699718283432829e-17
2.217966796875000000e+04 1.413660719517748077e-15 1.726339835032459648e-17
2.218983984375000000e+04 1.379096375434733877e-15 1.729146127978607050e-17
2.220001171875000000e+04 1.390663880878912229e-15 1.955573254902952506e-17
2.221018554687500000e+04 1.410956143317165096e-15 1.736183118885718167e-17
2.222035742187500000e+04 1.425356656332553863e-15 1.753617108348130800e-17
2.223053125000000000e+04 1.747726914024818300e-15 2.761201180287543513e-17
2.224070312500000000e+04 1.556121602729672749e-15 2.261633059397777937e-17
2.225087500000000000e+04 1.623803135105317177e-15 1.933105209668664658e-17
2.226104882812500000e+04 1.664220688612095406e-15 2.004054641476930480e-17
2.227122070312500000e+04 1.704286723445763100e-15 2.291048594596898665e-17
2.228139257812500000e+04 1.630327512260661832e-15 2.040918772655968711e-17
2.229156640625000000e+04 1.597411282534767687e-15 2.103328391820237075e-17
2.230173828125000000e+04 1.626312046695084414e-15 2.051081844534040230e-17
2.231191210937500000e+04 1.625018097989035064e-15 2.124664026795939828e-17
2.232208398437500000e+04 1.806835625941301954e-15 1.996682146113367855e-17
2.233225585937500000e+04 1.666519324272706763e-15 2.308231948333707730e-17
2.234242968750000000e+04 1.827168651840141433e-15 2.419113524212970962e-17
2.235260156250000000e+04 1.697079002460221038e-15 2.141044022721837393e-17
2.236277539062500000e+04 1.798830952831512002e-15 2.062412068256424071e-17
2.237294726562500000e+04 1.761829271442773553e-15 2.115001895496830423e-17
2.238311914062500000e+04 1.816499001320052639e-15 2.254495814200425393e-17
2.239329296875000000e+04 1.987967904239240115e-15 2.270501428181081457e-17
2.240346484375000000e+04 1.871047076090282327e-15 2.247166332228715525e-17
2.241363867187500000e+04 2.025541438746493624e-15 2.576855378101730745e-17
2.242381054687500000e+04 2.076305605583101538e-15 2.792891958479552599e-17
2.243398242187500000e+04 2.074425404198433805e-15 2.416712715203097055e-17
2.244415625000000000e+04 1.961192981018294867e-15 2.993168266646401617e-17
2.245432812500000000e+04 1.984538691352281080e-15 2.507823350953362841e-17
2.246450195312500000e+04 2.048934794683762890e-15 2.772606181137302148e-17
2.247467382812500000e+04 2.145236299797709245e-15 2.705485272076176760e-17
2.248484570312500000e+04 1.996830409966361859e-15 2.370104727280429179e-17
2.249501953125000000e+04 2.160238312084766972e-15 2.787982476107927869e-17
2.250519140625000000e+04 2.126585057815643179e-15 2.618169906412426775e-17
2.251536523437500000e+04 2.169979826252901867e-15 2.890247807854593744e-17
2.252553710937500000e+04 2.521500828704041457e-15 3.072014791762711194e-17
2.253570898437500000e+04 2.284241817980428406e-15 2.730592850645121320e-17
2.254588281250000000e+04 2.112585932538134544e-15 3.062696105853933805e-17
2.255605468750000000e+04 2.429763137109901272e-15 2.886489099151152786e-17
2.256622851562500000e+04 2.351518680365522092e-15 2.818140488624876195e-17
2.257640039062500000e+04 2.255439309641993177e-15 3.015346964102418416e-17
2.258657226562500000e+04 2.499928593603368936e-15 3.236429842525181272e-17
2.259674609375000000e+04 2.199187216340124651e-15 3.833367047679788842e-17
2.260691796875000000e+04 2.662314973987385362e-15 3.145843639283274105e-17
2.261708984375000000e+04 2.625576613966124594e-15 3.985014400251380426e-17
2.262726367187500000e+04 2.364752299616949653e-15 3.240614714680209549e-17
2.263743554687500000e+04 2.432438278915567166e-15 3.326550508518343594e-17
2.264760937500000000e+04 2.783742864448683282e-15 3.438312866313853291e-17
2.265778125000000000e+04 3.080190208185821892e-15 4.154789581383194123e-17
2.266795312500000000e+04 2.705309519357066393e-15 3.483415385521674657e-17
2.267812695312500000e+04 2.505214079194235770e-15 3.787468449850446442e-17
2.268829882812500000e+04 2.609749591588441178e-15 3.866942639615561256e-17
2.269847265625000000e+04 2.744644458878135219e-15 3.568640465777503140e-17
2.270864453125000000e+04 2.774583050157075279e-15 3.388054364911866393e-17
2.271881640625000000e+04 2.754190096677217557e-15 3.828193529256637185e-17
2.272899023437500000e+04 2.851305176937001667e-15 4.242531275934653939e-17
2.273916210937500000e+04 2.737258543336314534e-15 3.601070247128767101e-17
2.274933593750000000e+04 2.643984122217618235e-15 4.085612466755384419e-17
2.275950781250000000e+04 2.710425598358482367e-15 4.220863445224949889e-17
2.276967968750000000e+04 2.584882398322949429e-15 3.565010797249620455e-17
2.277985351562500000e+04 2.744059794386292939e-15 4.470776545845390950e-17
2.279002539062500000e+04 2.666337956970369662e-15 3.902514052933301616e-17
2.280019921875000000e+04 3.386294998071080406e-15 6.087018972219287636e-17
2.281037109375000000e+04 2.515177304236314478e-15 4.815260875026774643e-17
2.282054296875000000e+04 2.686411367270875698e-15 3.989625435857996024e-17
2.283071679687500000e+04 2.581335659614558860e-15 4.530307741914097288e-17
2.284088867187500000e+04 2.382379267007548457e-15 4.316823344598246545e-17
2.285106250000000000e+04 2.727184568736382327e-15 4.222509865516175436e-17
2.286123437500000000e+04 2.872652948306651799e-15 4.347485275544362175e-17
2.287140625000000000e+04 3.073402721421236369e-15 4.629556842275149803e-17
2.288158007812500000e+04 2.923236061850784107e-15 4.455388670346189487e-17
2.289175195312500000e+04 2.688770142270742111e-15 4.740459263105849372e-17
2.290192578125000000e+04 2.389226893111389034e-15 4.883179351634523661e-17
2.291209765625000000e+04 3.037362951823223585e-15 6.360197023876150131e-17
2.292226953125000000e+04 3.880289695107471890e-15 7.558599089986235524e-17
2.293244335937500000e+04 3.597561955775247997e-15 5.686917003883308489e-17
2.294261523437500000e+04 2.796521627007435284e-15 6.454848323520387897e-17
2.295278710937500000e+04 2.710089538036659224e-15 5.592092327182679608e-17
2.296296093750000000e+04 2.567272795107769338e-15 7.573303714299468186e-17
2.297313281250000000e+04 3.875991849933103570e-15 6.625536050303970094e-17
2.298330664062500000e+04 3.473209472305317791e-15 6.000129935443247482e-17
2.299347851562500000e+04 4.031591802343718542e-15 7.246200765893538753e-17
2.300365039062500000e+04 4.134661735980937197e-15 6.746966825971244600e-17
2.301382421875000000e+04 3.732923749977115971e-15 6.962600238518508108e-17
2.302399609375000000e+04 4.318500496303589661e-15 6.766765559368823828e-17
2.303416992187500000e+04 4.856133907266049071e-15 8.449242322623311567e-17
2.304434179687500000e+04 5.271841160635988219e-15 1.096827397087676793e-16
2.305451367187500000e+04 4.963490251132848113e-15 8.523486083939131076e-17
2.306468750000000000e+04 4.516660466181944208e-15 8.121377706309343305e-17
2.307485937500000000e+04 5.138425001113963372e-15 9.635013671651957248e-17
2.308503320312500000e+04 4.277826821209385413e-15 1.073902053323545129e-16
2.309520507812500000e+04 5.832737484461839733e-15 1.091093976651500244e-16
2.310537695312500000e+04 5.904355814218085335e-15 1.151456059101903847e-16
2.311555078125000000e+04 6.464519878061035507e-15 1.265498457537854709e-16
2.312572265625000000e+04 7.164388474026426451e-15 1.130922524622581513e-16
2.313589648437500000e+04 7.581786828675558809e-15 1.409479632541202842e-16
2.314606835937500000e+04 8.934257888083656229e-15 1.438659917574113488e-16
2.315624023437500000e+04 8.303635082589251593e-15 1.473944663178767471e-16
2.316641406250000000e+04 8.575581786568822751e-15 1.476469086059381303e-16
2.317658593750000000e+04 8.900287631734022514e-15 1.581950628376551358e-16
2.318675976562500000e+04 1.075546258094218013e-14 1.884448460804825443e-16
2.319693164062500000e+04 7.693222483216334562e-15 4.581864321307751401e-16
2.320710351562500000e+04 1.135019405936257830e-14 2.564335073088454611e-16
2.321727734375000000e+04 1.029880848435254723e-14 3.124276790782750529e-16
2.322744921875000000e+04 1.833421787869951580e-14 3.056138019434266389e-16
2.323762304687500000e+04 2.172018803963532418e-14 3.879980792779520087e-16
2.324779492187500000e+04 2.206794588646004973e-14 4.902535642666060525e-16
2.325796679687500000e+04 3.924049534744997181e-14 5.982206718279346486e-16
2.326814062500000000e+04 4.835469860891422611e-14 1.196436155579067365e-15
2.327831250000000000e+04 1.668251176306992378e-13 3.112980971156403993e-15
2.328848437500000000e+04 -3.062706338541332229e-13 -5.038004586535756169e-15
2.329865820312500000e+04 -6.778803321623450007e-14 -1.317571607915325738e-15
2.330883007812500000e+04 -4.943352042811877123e-14 -8.259698318944868559e-16
2.331900390625000000e+04 -2.470014820389783428e-14 -5.525248854499004506e-16
2.332917578125000000e+04 -2.333524270082404373e-14 -5.120487278510840647e-16
2.333934765625000000e+04 -1.985201282875270756e-14 -3.786188569832255393e-16
2.334952148437500000e+04 -1.247063145429867445e-14 -3.003391954319761022e-16
2.335969335937500000e+04 -1.265001016263755940e-14 -2.361988695807854888e-16
2.336986718750000000e+04 -1.114435658285031078e-14 -2.554560312877139985e-16
2.338003906250000000e+04 -1.096047165923203295e-14 -2.550365646903659080e-16
2.339021093750000000e+04 -8.149343796082144514e-15 -1.966830091161390643e-16
2.340038476562500000e+04 -5.204399126826179944e-15 -1.805276952969456033e-16
2.341055664062500000e+04 -6.698937093246610380e-15 -1.537137953255368573e-16
2.342073046875000000e+04 -8.198435284606161999e-15 -1.436338517903044672e-16
2.343090234375000000e+04 -6.502397073879879683e-15 -1.254179185686781070e-16
2.344107421875000000e+04 -7.102163316138757412e-15 -1.327111501772234507e-16
2.345124804687500000e+04 -4.316423148000448490e-15 -1.219377513559858055e-16
2.346141992187500000e+04 -4.438582239653463685e-15 -1.244993245722706191e-16
2.347159375000000000e+04 -4.624666484319287299e-15 -1.101838854285217060e-16
2.348176562500000000e+04 -5.593859370259550087e-15 -1.132693749924629061e-16
2.349193750000000000e+04 -4.787546261395079356e-15 -9.875175967211623218e-17
2.350211132812500000e+04 -4.875443717364605356e-15 -1.041725587763069408e-16
2.351228320312500000e+04 -4.169149105944869663e-15 -8.114929667998369944e-17
2.352245703125000000e+04 -3.256575078572636513e-15 -1.075101531386196024e-16
2.353262890625000000e+04 -4.758797539648794775e-15 -7.646522433400211984e-17
2.354280078125000000e+04 -4.169389663301889884e-15 -8.094974101156650662e-17
2.355297460937500000e+04 -3.917682388080486605e-15 -7.840011890077185921e-17
2.356314648437500000e+04 -4.210467796628408060e-15 -8.415148584751835936e-17
2.357332031250000000e+04 -2.299845647176510313e-15 -6.364701518619868899e-17
2.358349218750000000e+04 -3.407191724396317623e-15 -6.440391853390921143e-17
2.359366406250000000e+04 -3.719889183468293170e-15 -5.962010144094353754e-17
2.360383789062500000e+04 -3.157634854069756199e-15 -6.226153398228667060e-17
2.361400976562500000e+04 -2.185771485005037415e-15 -6.896599166570657009e-17
2.362418164062500000e+04 -2.623893771258167112e-15 -5.686924944817188998e-17
2.363435546875000000e+04 -2.956201313608500594e-15 -5.478782810769450729e-17
2.364452734375000000e+04 -2.819312107244496303e-15 -6.636738722775898259e-17
2.365470117187500000e+04 -3.108076015117091154e-15 -6.022018457940380679e-17
2.366487304687500000e+04 -3.181196557805292258e-15 -7.073257152143401939e-17
2.367504492187500000e+04 -3.304775488436142473e-15 -6.058503740398869623e-17
2.368521875000000000e+04 -2.546305129773199574e-15 -7.425719472896737073e-17
2.369539062500000000e+04 -1.448973840726135078e-15 -5.249635583118785896e-17
2.370556445312500000e+04 -1.256734313511732870e-15 -4.030977849040746983e-17
2.371573632812500000e+04 -1.495142006790941159e-15 -4.260357679879661727e-17
2.372590820312500000e+04 -2.525816249812065303e-15 -5.118640614336928264e-17
2.373608203125000000e+04 -1.718329682678292145e-15 -5.235452082591461641e-17
2.374625390625000000e+04 -2.237237206880208704e-15 -5.975000188433886501e-17
2.375642773437500000e+04 -1.784253092292791866e-15 -4.480920427133251239e-17
2.376659960937500000e+04 -1.597722778901120456e-15 -4.508385801320216948e-17
2.377677148437500000e+04 -1.728123183493564773e-15 -4.953076444267499520e-17
2.378694531250000000e+04 -1.637951867577134603e-15 -4.891938532576970181e-17
2.379711718750000000e+04 -1.432410640838169269e-15 -4.353580273169897904e-17
2.380729101562500000e+04 -8.170905972666568391e-16 -5.122177307763959989e-17
2.381746289062500000e+04 -1.565252935538429327e-15 -4.462625508089293415e-17
2.382763476562500000e+04 -1.979953913767030366e-15 -5.253571639345558223e-17
2.383780859375000000e+04 -2.153478353890967215e-15 -5.251941431794338716e-17
2.384798046875000000e+04 -1.244956955654872265e-15 -3.674790568552963055e-17
2.385815429687500000e+04 -1.353693857346577410e-15 -3.651627195295763131e-17
2.386832617187500000e+04 -1.413436891061436128e-15 -3.727900196090297728e-17
2.387849804687500000e+04 -1.672036261616410835e-15 -2.974467367357802768e-17
2.388867187500000000e+04 -2.081236184369068820e-15 -3.993427488825534760e-17
2.389884375000000000e+04 -1.555760237298550383e-15 -2.842173063269746839e-17
2.390901757812500000e+04 -1.002033306217377674e-15 -2.893613109458704482e-17
2.391918945312500000e+04 -1.250613759313991703e-15 -3.534966273912714405e-17
2.392936132812500000e+04 -1.486327781941812910e-15 -3.084649810183336181e-17
2.393953515625000000e+04 -1.959829257973215444e-15 -5.353141685784281313e-17
2.394970703125000000e+04 -1.042747638893050128e-15 -3.499271445247581133e-17
2.395987890625000000e+04 -1.016149533799844216e-15 -2.615965139207727935e-17
2.397005273437500000e+04 -1.419951844975242579e-15 -2.720257559763516260e-17
2.398022460937500000e+04 -1.515007152865541044e-15 -3.295753581696259310e-17
2.399039843750000000e+04 -1.422365041841970081e-15 -2.792898906796698044e-17
2.400057031250000000e+04 -1.391183217954697522e-15 -3.122498948035802558e-17
2.401074218750000000e+04 -1.637357568085517304e-15 -4.075209512499672522e-17
2.402091601562500000e+04 -1.275206725662809872e-15 -2.647929879618614584e-17
2.403108789062500000e+04 -1.258693288960495253e-15 -3.376516518855731742e-17
2.404126171875000000e+04 -1.112858144124064669e-15 -3.182545973934496964e-17
2.405143359375000000e+04 -1.209909061638094266e-15 -3.440498939236708432e-17
2.406160546875000000e+04 -9.496341540343321459e-16 -2.799626863026959350e-17
2.407177929687500000e+04 -1.732684032398055553e-15 -3.120655658758789391e-17
2.408195117187500000e+04 -1.241313655190494705e-15 -2.667859803861344722e-17
2.409212500000000000e+04 -1.159445591497761628e-15 -2.758624512679440832e-17
2.410229687500000000e+04 -1.634579511776760013e-15 -3.954728671047853914e-17
2.411246875000000000e+04 -8.888294703992085689e-16 -2.236484287234328237e-17
2.412264257812500000e+04 -2.113656370425227166e-15 -5.139103739202510084e-17
2.413281445312500000e+04 -1.463740271974737703e-15 -3.139651034345457118e-17
2.414298828125000000e+04 -1.303821298566073053e-15 -3.111028599917652234e-17
2.415316015625000000e+04 -1.519415324081289237e-15 -3.331619140439823527e-17
2.416333203125000000e+04 -1.619098608237148386e-15 -3.723079718352583704e-17
2.417350585937500000e+04 -1.190610051209615473e-15 -3.317678169268099820e-17
2.418367773437500000e+04 -1.211402698361458818e-15 -3.420538078439068811e-17
2.419385156250000000e+04 -1.068419513458433463e-15 -2.063843421588385831e-17
2.420402343750000000e+04 -1.197107217431529584e-15 -2.899230989306919625e-17
2.421419531250000000e+04 -7.122763580932455624e-16 -2.462485416143208884e-17
2.422436914062500000e+04 -1.588128648465807809e-15 -3.379478818065406644e-17
2.423454101562500000e+04 -9.439212344424571105e-16 -2.101583537036117718e-17
2.424471484375000000e+04 -9.652641353726605297e-16 -1.882155847019073471e-17
2.425488671875000000e+04 -5.738575690451776148e-16 -1.724943719594592648e-17
2.426505859375000000e+04 -6.866438176203503493e-16 -1.721288077595475798e-17
2.427523242187500000e+04 -9.644881473138571838e-16 -1.808845972614826330e-17
2.428540429687500000e+04 -9.943407647486509314e-16 -1.658527237543117418e-17
2.429557617187500000e+04 -7.678042911647708652e-16 -1.618868063074262506e-17
2.430575000000000000e+04 -8.545655583146736286e-16 -2.108774383537163698e-17
2.431592187500000000e+04 -9.997441996774229268e-16 -2.195347768191453617e-17
2.432609570312500000e+04 -1.189999763971118750e-15 -3.512734967769739233e-17
2.433626757812500000e+04 -3.931252755868006954e-16 -1.752343250204799137e-17
2.434643945312500000e+04 -1.055645912506703791e-16 -1.200417657108693355e-17
2.435661328125000000e+04 -5.835014097265822479e-16 -1.657327494782670507e-17
2.436678515625000000e+04 -1.060778852757726046e-15 -2.382975657611754289e-17
2.437695898437500000e+04 -6.674052641684818325e-16 -1.907127933403681845e-17
2.438713085937500000e+04 -7.891030934421578574e-16 -2.112971994273625293e-17
2.439730273437500000e+04 -7.600551043676964918e-16 -1.560636036875631954e-17
2.440747656250000000e+04 -1.095605247658797046e-15 -2.047435136085538952e-17
2.441764843750000000e+04 -1.024828445135648591e-15 -2.047958079668794976e-17
2.442782226562500000e+04 -8.381904526805574775e-16 -2.006048312189305787e-17
2.443799414062500000e+04 -8.274825268591646295e-16 -2.258232850771817461e-17
2.444816601562500000e+04 -5.198980233546120558e-16 -1.944176691295441912e-17
2.445833984375000000e+04 -9.616907151264314502e-16 -2.572109842927514025e-17
2.446851171875000000e+04 -1.251868426867112135e-15 -2.426359626378935485e-17
2.447868554687500000e+04 -6.651935552640824475e-16 -2.304621966704403806e-17
2.448885742187500000e+04 -6.253509253702530749e-16 -2.915855334385765354e-17
2.449902929687500000e+04 -6.729986462356756047e-16 -2.082854513606692066e-17
2.450920312500000000e+04 -9.664851333661276037e-16 -3.445205596922135160e-17
2.451937500000000000e+04 -5.075063019131960656e-16 -1.695988262252173914e-17
2.452954882812500000e+04 -4.525583217127439415e-16 -1.422587037266044612e-17
2.453972070312500000e+04 -6.649806852965256011e-16 -1.793182645971644709e-17
2.454989257812500000e+04 -8.394606844640837076e-16 -2.124011215856512979e-17
2.456006640625000000e+04 -9.650534359270310225e-16 -2.030172042137679775e-17
2.457023828125000000e+04 -7.385085449532376167e-16 -1.437251295165384687e-17
2.458041210937500000e+04 -9.025514041447282344e-16 -1.745331074716064611e-17
2.459058398437500000e+04 -1.367890129542559483e-15 -2.414133731489279225e-17
2.460075585937500000e+04 -1.142574071616995254e-15 -2.147612663966120986e-17
2.461092968750000000e+04 -1.099128375323782901e-15 -1.940770692405193566e-17
2.462110156250000000e+04 -7.147103072671807944e-16 -1.744346895223249018e-17
2.463127343750000000e+04 -3.766523641170562743e-16 -1.498732817682368553e-17
2.464144726562500000e+04 -5.689625127034358097e-16 -1.331489636405579674e-17
2.465161914062500000e+04 -5.157555028469464932e-16 -1.858498481500056880e-17
2.466179296875000000e+04 -7.880319673407955913e-16 -1.548703625667309508e-17
2.467196484375000000e+04 -7.756204465042375318e-16 -1.510951102510389325e-17
2.468213671875000000e+04 -8.329286310726545604e-16 -1.780584354370217076e-17
2.469231054687500000e+04 -7.137639597068609273e-16 -2.483917004069967788e-17
2.470248242187500000e+04 -9.952606425293691016e-16 -4.278910348402491075e-17
2.471265625000000000e+04 -1.309125418881779482e-15 -2.430759565493227550e-17
2.472282812500000000e+04 -7.483445562345505692e-16 -1.740785551813963213e-17
2.473300000000000000e+04 -3.302730486203674575e-16 -1.728562634774512144e-17
2.474317382812500000e+04 -5.342176976630972404e-16 -1.886143188443824086e-17
2.475334570312500000e+04 -8.887241206763938153e-16 -1.802060775486176355e-17
2.476351953125000000e+04 -6.764264826940953514e-16 -1.915416283141463182e-17
2.477369140625000000e+04 -1.035906789052787585e-15 -2.329701917440889095e-17
2.478386328125000000e+04 -9.029453803443198909e-16 -2.383510347159708566e-17
2.479403710937500000e+04 -4.375698354830626817e-16 -1.660425782485049127e-17
2.480420898437500000e+04 -1.698857718709895865e-16 -1.516991837087741576e-17
2.481438281250000000e+04 -1.028325632416624783e-15 -2.795434049938050564e-17
2.482455468750000000e+04 -1.057274148059342972e-15 -2.674272604278223324e-17
2.483472656250000000e+04 -1.042932609712906786e-15 -3.344716056514498125e-17
2.484490039062500000e+04 -8.467982132487924911e-16 -2.509832241789009124e-17
2.485507226562500000e+04 -6.213398934927589416e-17 -3.853573084810989180e-17
2.486524609375000000e+04 -2.219248953467826339e-16 -1.869416603841266803e-17
2.487541796875000000e+04 -9.026663888673180057e-16 -3.498593157145287651e-17
2.488558984375000000e+04 -1.767266084763623288e-16 -1.976552540470767415e-17
2.489576367187500000e+04 -1.223682982030751664e-15 -4.827305617362281790e-17
2.490593554687500000e+04 -1.529896827407969170e-15 -4.718523095005433120e-17
2.491610937500000000e+04 -9.213812641995465513e-16 -3.521740979406971577e-17
2.492628125000000000e+04 2.639431161307448761e-16 -1.684937625576832997e-17
2.493645312500000000e+04 -1.754452329156237843e-16 -1.431464008727718684e-17
2.494662695312500000e+04 -7.506870258501823368e-16 -1.911867347441365672e-17
2.495679882812500000e+04 -1.562222701639406669e-16 -1.420732994641068256e-17
2.496697070312500000e+04 -5.341035070338955200e-16 -2.478637606528409344e-17
2.497714453125000000e+04 -9.777229312355872198e-16 -2.355127960545666570e-17
2.498731640625000000e+04 -1.170443255526674650e-15 -2.409503505292452397e-17
2.499749023437500000e+04 -5.673046574674223304e-16 -2.125963362102138124e-17
2.500766210937500000e+04 -5.463537739731200420e-16 -2.492186494089782917e-17
2.501783398437500000e+04 -3.130034232543915619e-16 -2.399531181263635606e-17
2.502800781250000000e+04 -1.556709337715948827e-15 -3.331957622746480226e-17
2.503817968750000000e+04 -3.488025296162657182e-16 -1.740063754011449441e-17
2.504835351562500000e+04 -4.325743263277324370e-16 -2.406373784726796762e-17
2.505852539062500000e+04 -2.987414530654380765e-16 -1.399504893144997396e-17
2.506869726562500000e+04 -8.230596384459578935e-16 -3.748716030769072159e-17
2.507887109375000000e+04 -1.874639025182232594e-16 -2.400506592641958137e-17
2.508904296875000000e+04 -1.156721639418510205e-15 -4.011997362705105210e-17
2.509921679687500000e+04 -1.013193177055689894e-15 -3.022925262002384235e-17
2.510938867187500000e+04 2.132491206798610602e-16 -3.459820223984722053e-17
2.511956054687500000e+04 -7.705584187927682228e-16 -3.130942145984253822e-17
2.512973437500000000e+04 -1.730396408165758501e-15 -1.134759848571439511e-16
2.513990625000000000e+04 -1.925237332379856276e-16 -5.566466933550276853e-17
2.515008007812500000e+04 -2.208164865608513777e-16 -4.686074453936202951e-17
2.516025195312500000e+04 -1.151510586847883343e-15 -3.624722649564108374e-17
2.517042382812500000e+04 -4.918479449711346627e-16 -3.874658249497210877e-17
2.518059765625000000e+04 -1.000420661364923892e-15 -3.054831934334269661e-17
2.519076953125000000e+04 -2.158654731050315854e-16 -1.867755128862892791e-17
2.520094335937500000e+04 -2.647651880758347762e-16 -1.727591524735374890e-17
2.521111523437500000e+04 2.317269591357564102e-16 -3.871301881443715712e-17
2.522128710937500000e+04 -1.745327375564365274e-15 -1.294749152184505869e-16
2.523146093750000000e+04 -3.763990747960476368e-16 -9.771339654045596633e-17
2.524163281250000000e+04 6.837978927966943069e-16 -5.504660990797049689e-17
2.525180664062500000e+04 -3.280933681492861258e-16 -2.740694214849496383e-16
2.526197851562500000e+04 3.645774859374725958e-16 -6.205245581065776733e-17
2.527215039062500000e+04 -1.281994953581224242e-15 -2.834055509784845451e-16
2.528232421875000000e+04 2.028604733400238801e-16 -1.781703231953980803e-16
2.529249609375000000e+04 -2.417168657156736284e-16 -7.563696507793032302e-17
2.530266796875000000e+04 4.103191709133361363e-16 -1.235561401506131548e-16
2.531284179687500000e+04 -7.492684574217681973e-16 -1.654146952240179613e-16
2.532301367187500000e+04 6.637133757766673983e-15 -1.282353460276149625e-15
2.533318750000000000e+04 3.577570707670625627e-15 -1.747860321714010852e-15
2.534335937500000000e+04 3.515035747482498328e-15 -1.709048319158753149e-15
2.535353125000000000e+04 3.454735260209227873e-15 -1.672497047539717174e-15
2.536370507812500000e+04 3.399575839409317395e-15 -1.638951684092249898e-15
