1.496413378906250000e+04 2.367385883868640883e-16 7.587033754414990871e-18
1.497429589843750000e+04 2.440074016237268667e-16 7.480142166938438423e-18
1.498445703125000000e+04 2.585418517239002198e-16 7.452659091086364079e-18
1.499461914062500000e+04 2.465349214685540972e-16 7.240482300882837162e-18
1.500478027343750000e+04 2.510895499748384786e-16 7.538551871532645366e-18
1.501494238281250000e+04 2.849569977004992030e-16 8.147124364619546334e-18
1.502510351562500000e+04 2.653200740656251480e-16 8.421548150278913690e-18
1.503526562500000000e+04 2.447546435018827697e-16 8.588423567055361493e-18
1.504542675781250000e+04 2.232713733304515519e-16 7.640064303485765476e-18
1.505558886718750000e+04 2.156328037423326698e-16 6.618681949030294452e-18
1.506575000000000000e+04 2.599155274061098813e-16 7.131304386193188145e-18
1.507591210937500000e+04 2.269768248373338956e-16 7.122616508219543695e-18
1.508607324218750000e+04 2.659898388988868843e-16 6.927795621628604405e-18
1.509623535156250000e+04 2.362897403341581142e-16 6.797961352682281181e-18
1.510639648437500000e+04 2.333896318716573983e-16 6.741274665304022195e-18
1.511655761718750000e+04 2.197461677877669633e-16 6.683047767625189471e-18
1.512671972656250000e+04 2.432980380001809918e-16 6.721547234875245038e-18
1.513688085937500000e+04 2.594201190110845224e-16 6.711422544177595979e-18
1.514704296875000000e+04 2.593940462781768510e-16 6.786739820492386808e-18
1.515720410156250000e+04 2.733257000874807609e-16 6.920814630848963128e-18
1.516736621093750000e+04 2.633919094403191401e-16 6.946829874704062125e-18
1.517752734375000000e+04 2.464124457983370457e-16 6.702194103673648126e-18
1.518768945312500000e+04 2.608359610521996871e-16 6.657889069294389134e-18
1.519785058593750000e+04 2.461931966138961904e-16 6.472443447766125860e-18
1.520801269531250000e+04 2.532153909142099589e-16 6.505146446873716085e-18
1.521817382812500000e+04 2.558848152474818864e-16 6.429381665847534068e-18
1.522833593750000000e+04 2.594013784071265210e-16 6.472236239022681326e-18
1.523849707031250000e+04 2.204781101333130855e-16 6.435608681498833261e-18
1.524865917968750000e+04 2.407478864937943105e-16 6.435390719407425538e-18
1.525882031250000000e+04 2.463630796593798810e-16 6.400158201986648154e-18
1.526898242187500000e+04 2.787727042734771494e-16 6.543659149013572501e-18
1.527914355468750000e+04 2.663763241508512606e-16 6.547152332740383937e-18
1.528930566406250000e+04 2.555056885942467819e-16 6.449561564071377732e-18
1.529946679687500000e+04 2.308577709829754895e-16 6.192627685283831593e-18
1.530962792968750000e+04 2.798381393722250508e-16 6.504822192073595298e-18
1.531979003906250000e+04 2.709940301419264857e-16 6.707660940342011086e-18
1.532995117187500000e+04 2.245063208977687201e-16 6.333384460628611271e-18
1.534011328125000000e+04 2.460643946663543333e-16 6.297899653121005213e-18
1.535027441406250000e+04 2.799983080085949186e-16 6.458821437438602600e-18
1.536043652343750000e+04 2.680781456907831584e-16 6.430894579187893556e-18
1.537059765625000000e+04 2.476268792864628988e-16 6.293298460963678997e-18
1.538075976562500000e+04 2.734494463071186938e-16 6.372420768096213753e-18
1.539092089843750000e+04 3.270497176791504210e-16 6.557534690198843264e-18
1.540108300781250000e+04 3.042733458346171069e-16 6.550811366180012255e-18
1.541124414062500000e+04 2.705945482281776763e-16 6.423697280678069662e-18
1.542140625000000000e+04 2.784322499682401241e-16 6.457749824955040153e-18
1.543156738281250000e+04 2.621518532055388444e-16 6.506261486339437567e-18
1.544172949218750000e+04 2.603013244438046134e-16 6.304472016678045295e-18
1.545189062500000000e+04 3.042126506299904160e-16 6.448124751347373123e-18
1.546205273437500000e+04 2.672122133208932465e-16 6.352858360199640925e-18
1.547221386718750000e+04 2.651700433548427301e-16 6.435977190461725635e-18
1.548237597656250000e+04 2.781385677635592971e-16 6.232536668297677520e-18
1.549253710937500000e+04 2.915634841121683219e-16 7.312915198401655583e-18
1.550269824218750000e+04 2.736639309312312437e-16 6.285459270298513954e-18
1.551286035156250000e+04 2.841277524451372430e-16 6.355205485187760141e-18
1.552302148437500000e+04 2.949445484700318702e-16 6.311752860429737044e-18
1.553318359375000000e+04 2.949742475627449741e-16 6.421034172695955190e-18
1.554334472656250000e+04 2.963279120915757528e-16 6.524930539174453125e-18
1.555350683593750000e+04 2.878153103810088395e-16 6.348937110505833298e-18
1.556366796875000000e+04 2.978459010121738658e-16 6.397627029312235889e-18
1.557383007812500000e+04 2.771296985838202220e-16 6.402806007127430395e-18
1.558399121093750000e+04 3.043266295009553228e-16 6.376190230147617900e-18
1.559415332031250000e+04 2.740076674891388795e-16 6.318080792115767706e-18
1.560431445312500000e+04 2.851383156907708267e-16 6.966160258438813829e-18
1.561447656250000000e+04 2.878086929361084153e-16 6.938274759218732436e-18
1.562463769531250000e+04 2.668792499632835014e-16 6.279658666252985847e-18
1.563479980468750000e+04 2.390218186357472583e-16 6.152917639207304670e-18
1.564496093750000000e+04 2.910171213914096965e-16 6.205771998807605480e-18
1.565512304687500000e+04 2.492732731079088434e-16 6.019258487108536247e-18
1.566528417968750000e+04 2.427354493045265262e-16 6.010087535657160829e-18
1.567544628906250000e+04 2.469673053183478158e-16 6.187210893042528092e-18
1.568560742187500000e+04 2.587305018431215135e-16 6.329431364481220352e-18
1.569576855468750000e+04 2.707045301624227268e-16 6.512592726747918440e-18
1.570593066406250000e+04 2.600773371688150544e-16 6.466464172708286299e-18
1.571609179687500000e+04 2.601994952016768855e-16 6.376427630983420619e-18
1.572625390625000000e+04 2.780717315700650125e-16 6.480988223493798636e-18
1.573641503906250000e+04 2.741275491209549647e-16 6.447332725910853599e-18
1.574657714843750000e+04 2.676492823216764655e-16 6.380389412527243345e-18
1.575673828125000000e+04 2.559245463866640334e-16 6.273051974700524815e-18
1.576690039062500000e+04 2.665750063165415974e-16 6.262037651254074975e-18
1.577706152343750000e+04 2.614491334966729955e-16 6.210788435632433316e-18
1.578722363281250000e+04 2.823403011681938557e-16 6.347216161241416723e-18
1.579738476562500000e+04 2.569865139442841125e-16 6.286835698837802192e-18
1.580754687500000000e+04 2.641204107145170418e-16 6.377635728268054316e-18
1.581770800781250000e+04 2.814775981114153508e-16 6.324819418975930946e-18
1.582787011718750000e+04 2.609467106100531869e-16 6.459334289418385477e-18
1.583803125000000000e+04 3.132101522330808146e-16 7.311200452991833157e-18
1.584819335937500000e+04 2.498287943724096559e-16 5.973321425380710131e-18
1.585835449218750000e+04 2.398071505267500032e-16 5.936134693762776219e-18
1.586851660156250000e+04 2.346159238210448117e-16 5.950932954921349884e-18
1.587867773437500000e+04 2.471522231986452703e-16 6.014912480170182639e-18
1.588883886718750000e+04 2.570570029673634313e-16 5.958931377854431385e-18
1.589900097656250000e+04 2.564959495189258641e-16 5.815305526555011531e-18
1.590916210937500000e+04 2.458270930922251208e-16 5.817012413749014704e-18
1.591932421875000000e+04 2.536456836514151434e-16 5.850705961640137180e-18
1.592948535156250000e+04 2.608751098562305968e-16 5.930077663727356674e-18
1.593964746093750000e+04 2.780863164186255475e-16 6.061299528151237602e-18
1.594980859375000000e+04 2.678558524816881080e-16 6.042857949984674126e-18
1.595997070312500000e+04 2.608653425075575707e-16 5.987016227602138057e-18
1.597013183593750000e+04 2.569271951681967097e-16 5.968161472719604344e-18
1.598029394531250000e+04 2.732006833184219465e-16 6.030035409719183368e-18
1.599045507812500000e+04 2.893135263762444849e-16 6.204314506568287045e-18
1.600061718750000000e+04 2.637072703944937568e-16 6.594669723028492611e-18
1.601077832031250000e+04 2.949541834698068878e-16 6.389384174508144968e-18
1.602094042968750000e+04 2.699872256049963429e-16 6.345337220480002521e-18
1.603110156250000000e+04 3.016281148799011304e-16 6.227025991056849249e-18
1.604126367187500000e+04 2.594541062080931012e-16 6.047852466523269307e-18
1.605142480468750000e+04 2.395931688284498855e-16 5.926251126213686368e-18
1.606158691406250000e+04 2.866715247346399154e-16 6.103009696948917746e-18
1.607174804687500000e+04 2.492251775183725601e-16 6.107207224967318085e-18
1.608190917968750000e+04 2.671109664139167559e-16 6.202500085894651979e-18
1.609207128906250000e+04 2.554619869881243803e-16 6.102954689438182969e-18
1.610223242187500000e+04 2.643449803246578382e-16 6.077727748706847008e-18
1.611239453125000000e+04 2.515288953766674435e-16 6.015954727741999454e-18
1.612255566406250000e+04 2.881088602367916579e-16 6.089357908119342577e-18
1.613271777343750000e+04 2.939212532604098703e-16 6.002841433491196306e-18
1.614287890625000000e+04 2.697488652396830625e-16 5.964712543155564496e-18
1.615304101562500000e+04 2.686616190425433629e-16 6.411174593384629376e-18
1.616320214843750000e+04 2.937261709847453642e-16 6.551151337411771549e-18
1.617336425781250000e+04 3.095835012600727226e-16 6.082008408376808926e-18
1.618352539062500000e+04 2.627827074627860863e-16 6.068646132761627317e-18
1.619368750000000000e+04 2.741842209190821977e-16 5.969094532450564160e-18
1.620384863281250000e+04 3.055566536892665754e-16 6.043654524914562692e-18
1.621401074218750000e+04 2.489073019351357823e-16 6.576904778602997513e-18
1.622417187500000000e+04 2.569446652227338297e-16 5.964176943708936410e-18
1.623433398437500000e+04 2.762796216119117266e-16 5.929669863685368031e-18
1.624449511718750000e+04 3.095233089812584638e-16 6.065241870950665331e-18
1.625465722656250000e+04 2.806732609186585875e-16 5.806345092569530859e-18
1.626481835937500000e+04 2.437012256830740388e-16 5.668093020119561749e-18
1.627498046875000000e+04 2.401537193510750205e-16 5.639985836495316145e-18
1.628514160156250000e+04 2.310038576965972546e-16 5.554363957699645974e-18
1.629530273437500000e+04 2.412779438303182906e-16 5.686631378417793928e-18
1.630546484375000000e+04 2.735509843816708031e-16 5.872329703623192153e-18
1.631562597656250000e+04 2.684769393902623237e-16 5.856147569299817272e-18
1.632578808593750000e+04 2.626269592796097018e-16 5.797919430850065719e-18
1.633594921875000000e+04 2.643813762716101714e-16 5.800996542728762982e-18
1.634611132812500000e+04 2.850859849364982719e-16 5.955430335911800696e-18
1.635627246093750000e+04 2.744907939064290510e-16 5.919328451667230079e-18
1.636643457031250000e+04 3.141301358929173915e-16 6.168320569393654599e-18
1.637659570312500000e+04 2.885450027952888175e-16 6.059358135253575646e-18
1.638675781250000000e+04 2.870326784075254677e-16 6.105087574647650951e-18
1.639691992187500000e+04 3.354007213852489748e-16 6.164783545094377852e-18
1.640708007812500000e+04 2.849468862446913548e-16 6.073376778684818082e-18
1.641724218750000000e+04 3.050706950055590222e-16 6.007954650447692847e-18
1.642740429687500000e+04 2.741380046838976349e-16 5.992600937507789824e-18
1.643756640625000000e+04 3.129051939022896647e-16 6.047892171192671853e-18
1.644772656250000000e+04 2.774432331232023216e-16 5.993766848581183316e-18
1.645788867187500000e+04 2.805413620069033319e-16 5.965846194185068420e-18
1.646805078125000000e+04 2.818184229935667999e-16 5.987747041673328657e-18
1.647821093750000000e+04 2.618554975531182461e-16 5.832202758517938504e-18
1.648837304687500000e+04 2.792991087804160954e-16 5.867095718297262870e-18
1.649853515625000000e+04 2.679342824386479359e-16 5.878689068172499830e-18
1.650869726562500000e+04 2.726772698965779923e-16 6.017482530333384896e-18
1.651885742187500000e+04 3.118353912899074834e-16 6.263356177150484501e-18
1.652901953125000000e+04 3.284980910793960712e-16 6.263986902367556185e-18
1.653918164062500000e+04 3.135987815371929282e-16 6.118682288014959961e-18
1.654934375000000000e+04 3.105813325417178901e-16 6.039090969475107638e-18
1.655950390625000000e+04 2.810961421175752969e-16 5.895385295246576417e-18
1.656966601562500000e+04 2.727415385214509123e-16 5.861259545485394983e-18
1.657982812500000000e+04 3.042655901891938098e-16 5.933024494659576835e-18
1.658999023437500000e+04 2.969250967891696362e-16 5.914680523805294617e-18
1.660015039062500000e+04 2.943595134012751656e-16 5.882745975486766154e-18
1.661031250000000000e+04 2.747423891615431799e-16 5.818227955659161378e-18
1.662047460937500000e+04 2.785076888401049602e-16 5.870434219249526890e-18
1.663063671875000000e+04 2.921574659664304000e-16 6.017711245772755808e-18
1.664079687500000000e+04 3.103914912824145200e-16 6.170274370000504850e-18
1.665095898437500000e+04 2.973708214078826101e-16 6.119260073672828251e-18
1.666112109375000000e+04 2.641185578299449230e-16 5.955535387849594930e-18
1.667128125000000000e+04 2.675093101271426924e-16 5.799709449695630471e-18
1.668144335937500000e+04 3.233637479300549263e-16 7.237827051116541943e-18
1.669160546875000000e+04 2.811129239578427728e-16 5.811137363448356824e-18
1.670176757812500000e+04 2.824361747099112018e-16 7.068422943207519534e-18
1.671192773437500000e+04 2.615046141547181522e-16 5.634004493485945202e-18
1.672208984375000000e+04 2.618257190510663371e-16 5.682434677580006142e-18
1.673225195312500000e+04 2.766786535394073071e-16 5.760389005687616024e-18
1.674241406250000000e+04 2.709837863372206290e-16 5.752968782002709089e-18
1.675257421875000000e+04 2.787638368973105810e-16 5.715523970033658632e-18
1.676273632812500000e+04 2.545931164726986801e-16 5.696495507222488783e-18
1.677289843750000000e+04 2.869320403054798161e-16 5.743387548967507369e-18
1.678306054687500000e+04 2.743043937184739016e-16 5.826226792182549155e-18
1.679322070312500000e+04 2.824020551640046145e-16 5.722605876848031378e-18
1.680338281250000000e+04 2.916580871044647865e-16 5.718926163893089235e-18
1.681354492187500000e+04 2.639625449489725216e-16 5.699376990886317255e-18
1.682370703125000000e+04 2.739626953335955965e-16 5.653011036010882395e-18
1.683386718750000000e+04 2.792535542897215750e-16 5.647321274167436394e-18
1.684402929687500000e+04 2.841752127599630855e-16 5.635665472155951681e-18
1.685419140625000000e+04 2.871721212064672069e-16 5.700715369117428054e-18
1.686435156250000000e+04 2.906745759735841371e-16 5.729253100250507509e-18
1.687451367187500000e+04 2.977395983772934511e-16 5.845255668584025280e-18
1.688467578125000000e+04 3.108326366292564003e-16 5.849014790877772515e-18
1.689483789062500000e+04 3.127790389327079774e-16 5.987387218106868090e-18
1.690499804687500000e+04 3.039529820920977695e-16 5.843430494562427025e-18
1.691516015625000000e+04 2.740905178992921907e-16 5.651465449036327063e-18
1.692532226562500000e+04 2.921782447434177320e-16 5.636118767131630740e-18
1.693548437500000000e+04 2.685574339900310839e-16 5.535120841519518614e-18
1.694564453125000000e+04 2.570448003989670490e-16 5.602389650474168484e-18
1.695580664062500000e+04 3.050808594009260738e-16 5.786470837582025539e-18
1.696596875000000000e+04 2.498515319130875136e-16 5.712285144345207252e-18
1.697613085937500000e+04 1.874999278882611689e-16 6.828934303538716750e-18
1.698629101562500000e+04 2.112426319767136311e-16 5.660400654013124868e-18
1.699645312500000000e+04 2.710038504301587152e-16 5.803641452737401288e-18
1.700661523437500000e+04 2.779116952825931531e-16 5.638795523593852338e-18
1.701677734375000000e+04 2.965862042009291110e-16 5.662498797636865622e-18
1.702693750000000000e+04 2.892473519272402427e-16 5.622429755174490685e-18
1.703709960937500000e+04 2.940974096436591630e-16 5.660074744851778975e-18
1.704726171875000000e+04 2.947358871974316936e-16 5.789309721444307530e-18
1.705742382812500000e+04 2.893909504815794483e-16 5.810027287066310661e-18
1.706758398437500000e+04 3.150492195802475108e-16 5.887008850773558182e-18
1.707774609375000000e+04 3.029949613589735542e-16 5.796674110437867136e-18
1.708790820312500000e+04 2.840504606887002880e-16 5.675314306867149680e-18
1.709806835937500000e+04 2.821587184801262150e-16 5.610559299794048462e-18
1.710823046875000000e+04 3.012928486514660376e-16 5.663374781905559279e-18
1.711839257812500000e+04 2.877675853683869800e-16 5.649603465477470198e-18
1.712855468750000000e+04 2.827844905396899311e-16 6.025504527913924159e-18
1.713871484375000000e+04 2.888440848350083906e-16 5.671366587393740356e-18
1.714887695312500000e+04 2.734208060055896578e-16 5.573867635772727537e-18
1.715903906250000000e+04 2.627371265023119642e-16 5.488848358053302246e-18
1.716920117187500000e+04 2.722736322274317165e-16 5.341342616090702416e-18
1.717936132812500000e+04 3.031203487049467923e-16 5.461623362552344446e-18
1.718952343750000000e+04 2.765303963038582028e-16 6.652710505069500904e-18
1.719968554687500000e+04 2.822571331206853240e-16 6.606051728257222272e-18
1.720984765625000000e+04 2.830733287747036475e-16 5.780852626861565375e-18
1.722000781250000000e+04 2.974297696070555891e-16 5.868507302012584612e-18
1.723016992187500000e+04 3.073638249520132268e-16 5.898892541043801254e-18
1.724033203125000000e+04 2.952048787524145590e-16 5.803670404058840644e-18
1.725049414062500000e+04 2.990481054621237349e-16 5.637623408665864698e-18
1.726065429687500000e+04 3.053374839141645251e-16 5.641574023271417958e-18
1.727081640625000000e+04 2.914930480286482065e-16 5.670510455459747972e-18
1.728097851562500000e+04 2.796307221792661540e-16 5.543735927599258398e-18
1.729113867187500000e+04 2.928518212249421127e-16 5.614400312968438446e-18
1.730130078125000000e+04 2.890494373851583551e-16 5.855260831683160427e-18
1.731146289062500000e+04 2.909200037700510706e-16 5.972671261419243451e-18
1.732162500000000000e+04 2.818819239948312707e-16 5.726158617578946632e-18
1.733178515625000000e+04 2.965669606711586774e-16 5.707377895361236415e-18
1.734194726562500000e+04 2.942500873324017507e-16 5.824585665847243948e-18
1.735210937500000000e+04 2.843018706553572051e-16 5.839652347114591071e-18
1.736227148437500000e+04 3.038941662418227991e-16 5.664958832778598327e-18
1.737243164062500000e+04 3.007608060814719302e-16 5.583362428433917465e-18
1.738259375000000000e+04 2.636973706969227222e-16 5.851541414058815738e-18
1.739275585937500000e+04 2.762550047168821485e-16 5.659738909523082446e-18
1.740291796875000000e+04 2.685798803631333229e-16 5.595259767184267662e-18
1.741307812500000000e+04 2.863197943032925671e-16 5.823625722746376160e-18
1.742324023437500000e+04 2.778079337465545013e-16 5.489870339700111512e-18
1.743340234375000000e+04 2.810499523521703359e-16 5.603959225686487854e-18
1.744356445312500000e+04 2.837863716976141582e-16 5.966829298343087693e-18
1.745372460937500000e+04 2.910089686992923738e-16 6.442655019546866227e-18
1.746388671875000000e+04 2.940698810728733983e-16 6.048163072843282969e-18
1.747404882812500000e+04 2.723438565527150183e-16 5.493382134990705391e-18
1.748420898437500000e+04 2.831663965197832138e-16 5.396482062133180964e-18
1.749437109375000000e+04 2.848010642288656066e-16 5.578970926561873441e-18
1.750453320312500000e+04 2.823112108804115908e-16 5.565532136740030677e-18
1.751469531250000000e+04 2.674369152799320514e-16 5.490186736284413045e-18
1.752485546875000000e+04 2.984649232779391492e-16 5.630001766501801101e-18
1.753501757812500000e+04 3.120348410792062694e-16 5.902357187039479610e-18
1.754517968750000000e+04 3.174612517766725378e-16 6.108629562030603016e-18
1.755534179687500000e+04 3.206001441209601613e-16 6.195170024896513324e-18
1.756550195312500000e+04 2.853364949306487312e-16 5.787550308281407240e-18
1.757566406250000000e+04 2.890736572334939077e-16 5.535876471009085805e-18
1.758582617187500000e+04 3.077697919617644520e-16 5.607004491111601825e-18
1.759598828125000000e+04 3.103883943182011215e-16 5.738065468906341189e-18
1.760614843750000000e+04 3.058678853578233273e-16 5.938725423441292302e-18
1.761631054687500000e+04 3.133886644267146583e-16 5.935933688873925833e-18
1.762647265625000000e+04 2.988647757686023823e-16 5.841499027832115705e-18
1.763663476562500000e+04 3.218768874702684088e-16 6.588798808630897498e-18
1.764679492187500000e+04 2.786338173399070459e-16 6.374003578198333972e-18
1.765695703125000000e+04 2.927643915429177079e-16 7.152483518596995866e-18
1.766711914062500000e+04 2.836903922767784053e-16 5.856152118793186314e-18
1.767727929687500000e+04 3.128169965966568107e-16 5.988316555525071417e-18
1.768744140625000000e+04 2.739756125860412245e-16 5.918985998893633126e-18
1.769760351562500000e+04 3.007679529219643884e-16 5.937276616598405674e-18
1.770776562500000000e+04 2.931172866445675308e-16 5.914376121339875102e-18
1.771792578125000000e+04 3.003702709532284944e-16 6.220377526883454289e-18
1.772808789062500000e+04 3.314965347731170910e-16 6.711710403030764433e-18
1.773825000000000000e+04 3.237961582496282466e-16 6.943073647542458826e-18
1.774841210937500000e+04 3.141484529804017658e-16 7.096396537162837824e-18
1.775857226562500000e+04 3.249287471792256530e-16 6.819358033587190348e-18
1.776873437500000000e+04 3.200016624041657947e-16 7.020142065214024415e-18
1.777889648437500000e+04 2.898305605812044302e-16 6.769270593135879417e-18
1.778905859375000000e+04 2.967056093767123657e-16 6.726125265975419770e-18
1.779921875000000000e+04 2.852771496847817268e-16 6.565224574763442485e-18
1.780938085937500000e+04 2.963774370492105277e-16 6.455188873778575979e-18
1.781954296875000000e+04 3.026866413661729888e-16 6.702883145123904798e-18
1.782970507812500000e+04 3.423309332014468466e-16 7.729317091580237162e-18
1.783986523437500000e+04 3.339710885889613260e-16 8.366321436681810797e-18
1.785002734375000000e+04 2.647830287072863199e-16 8.213973793003631819e-18
1.786018945312500000e+04 2.414287156949295561e-16 6.759239787437755126e-18
1.787034960937500000e+04 2.662340755552717415e-16 6.067988937764953936e-18
1.788051171875000000e+04 2.697862935080398619e-16 6.555717374393064262e-18
1.789067382812500000e+04 2.821634036311157154e-16 7.223798895108255147e-18
1.790083593750000000e+04 3.481566405242047125e-16 8.425131496692493406e-18
1.791099609375000000e+04 3.104974233403805109e-16 9.441203765205680268e-18
1.792115820312500000e+04 3.129477308381095916e-16 9.846203800820830913e-18
1.793132031250000000e+04 3.194639817711165258e-16 9.229349575441049032e-18
1.794148242187500000e+04 3.235622183375084495e-16 9.088723908223359009e-18
1.795164257812500000e+04 3.432630929599002042e-16 8.803058738039396008e-18
1.796180468750000000e+04 2.867324316975034199e-16 8.260338920698454126e-18
1.797196679687500000e+04 3.136718381288936116e-16 8.428886069492871598e-18
1.798212890625000000e+04 4.395795534993215178e-16 1.102191613729246425e-17
1.799228906250000000e+04 4.997354628364075041e-16 1.564383826794987211e-17
1.800245117187500000e+04 6.170674725416980515e-16 2.410075748840216582e-17
1.801261328125000000e+04 4.016724468295274249e-16 1.783632514927474983e-17
1.802277539062500000e+04 2.606125825821409671e-16 1.297135998385639882e-17
1.803293554687500000e+04 3.883945701066058263e-16 1.269228661597387089e-17
1.804309765625000000e+04 4.820815492101741730e-16 1.792057018594082549e-17
1.805325976562500000e+04 4.855732307769932126e-16 2.087271658077725233e-17
1.806341992187500000e+04 3.860948227152511975e-16 1.835638848963786428e-17
1.807358203125000000e+04 3.039291063508970389e-16 1.724357413976415062e-17
1.808374414062500000e+04 4.035285342449780122e-16 1.656839623657386731e-17
1.809390625000000000e+04 5.705232238483110615e-16 2.280276221479620585e-17
1.810406640625000000e+04 7.044522088803391834e-16 3.519123449076608776e-17
1.811422851562500000e+04 2.996439931405171352e-16 2.271581560624953201e-17
1.812439062500000000e+04 3.438284080428536445e-16 2.155474353943947471e-17
1.813455273437500000e+04 3.099398639028503677e-16 2.165775730420437857e-17
1.814471289062500000e+04 2.939057154997836742e-16 2.507963309913006813e-17
1.815487500000000000e+04 4.289510105469541588e-16 3.267033209083928147e-17
1.816503710937500000e+04 3.722923943699627718e-16 3.498024387756096189e-17
1.817519921875000000e+04 2.969442344398216631e-16 3.049486031471461953e-17
1.818535937500000000e+04 9.663841246871675283e-16 6.494444466826566269e-17
1.819552148437500000e+04 7.352037929699657606e-16 5.825466447763490412e-17
1.820568359375000000e+04 6.926845389628127989e-16 5.723042297339214356e-17
1.821584570312500000e+04 3.277266558226842172e-16 1.921304154741615633e-17
1.822600585937500000e+04 2.265760988439438064e-16 1.970934826058674783e-17
1.823616796875000000e+04 5.042602069615215697e-16 2.911308157122438850e-17
1.824633007812500000e+04 6.470994492030728972e-16 4.361480509764269361e-17
1.825649023437500000e+04 5.933502853207816251e-16 8.015589908642181617e-17
1.826665234375000000e+04 2.115812201624887368e-17 2.001313861235297278e-16
1.827681445312500000e+04 -1.322909953656057160e-16 3.598306802138349946e-17
1.828697656250000000e+04 9.016342792210886407e-16 7.828669589517858805e-17
1.829713671875000000e+04 1.527385560007817381e-16 4.239879334890808932e-17
1.830729882812500000e+04 -2.633090590301658289e-16 4.899012581175523674e-17
1.831746093750000000e+04 2.185842768121504785e-16 5.190911053583441271e-17
1.832762304687500000e+04 -1.404663191444878076e-16 1.209568210286163215e-16
1.833778320312500000e+04 -1.587148498996936575e-16 5.086454685830244936e-17
1.834794531250000000e+04 -7.572262260821039422e-16 5.938540714010509211e-17
1.835810742187500000e+04 6.555677669723661716e-16 4.340364904831505713e-17
1.836826953125000000e+04 1.175978404078744689e-15 1.005376227622835177e-16
1.837842968750000000e+04 8.055304504212077582e-16 1.204036026349408566e-16
1.838859179687500000e+04 -1.742331883251069843e-17 5.627228974370462097e-17
1.839875390625000000e+04 2.563531450579747094e-16 3.776072547987425890e-17
1.840891601562500000e+04 4.519417081969224126e-17 4.119006409828640189e-17
1.841907617187500000e+04 1.691170524136648666e-15 1.576630599723304309e-16
1.842923828125000000e+04 -4.906937037618230683e-16 7.877683680406320928e-17
1.843940039062500000e+04 1.715945814327363324e-17 6.205526160729554720e-17
1.844956054687500000e+04 -7.014315305717527382e-16 1.231487702425430398e-16
1.845972265625000000e+04 7.203889749642512341e-16 7.194396760235057778e-17
1.846988476562500000e+04 1.612027365435232673e-15 1.033595196435061197e-16
1.848004687500000000e+04 -5.547313003983794961e-16 8.762479076984892087e-17
1.849020703125000000e+04 9.315076489630901187e-16 5.283580759352247004e-17
1.850036914062500000e+04 -1.598098782120362560e-16 6.950710675265915910e-17
1.851053125000000000e+04 1.704371532619606937e-15 6.112073942101273823e-17
1.852069335937500000e+04 8.126529387164323562e-16 6.817037626532856595e-17
1.853085351562500000e+04 1.107365876614949379e-16 8.457645815902360286e-17
1.854101562500000000e+04 2.961112834153154655e-15 8.693513389721650936e-17
1.855117773437500000e+04 4.895226277726847947e-16 9.116520981835958483e-17
1.856133984375000000e+04 3.929081969242871793e-16 5.533114680379893756e-17
1.857150000000000000e+04 1.417014017076809445e-15 8.281882508880152711e-17
1.858166210937500000e+04 1.174885052461503736e-18 4.506241087427989458e-17
1.859182421875000000e+04 1.154839161632796726e-16 7.372997627630567259e-17
1.860198632812500000e+04 1.429793103890361568e-17 4.349689215568448462e-17
1.861214648437500000e+04 -4.164378722265051850e-16 1.114907910916860872e-16
1.862230859375000000e+04 3.737457440887735410e-16 4.339123803040431150e-17
1.863247070312500000e+04 2.044270819517943899e-15 5.580003578838584641e-17
1.864263085937500000e+04 5.618081547935707687e-16 3.772335676852156333e-17
1.865279296875000000e+04 -2.297635632338005437e-16 5.876304306466509451e-17
1.866295507812500000e+04 -1.354599838493004689e-16 4.487381700334025449e-17
1.867311718750000000e+04 1.346012750822638600e-15 9.915846121825140440e-17
1.868327734375000000e+04 1.686557582705901746e-15 5.448805123626038964e-17
1.869343945312500000e+04 1.520582641361724070e-15 4.927143339447227039e-17
1.870360156250000000e+04 7.930041566202967410e-16 5.000332941790408970e-17
1.871376367187500000e+04 3.256463905498309386e-15 1.392041474088502942e-16
1.872392382812500000e+04 4.540071186294632188e-16 5.446544273575809028e-17
1.873408593750000000e+04 9.459205498353324797e-16 6.307810683066431825e-17
1.874424804687500000e+04 3.420075254342733141e-16 6.461437313407740295e-17
1.875441015625000000e+04 7.924959368519441608e-16 4.818316149337300506e-17
1.876457031250000000e+04 3.025886858108538467e-18 3.467737665935834612e-17
1.877473242187500000e+04 2.061348380163129882e-16 2.293445102267587296e-17
1.878489453125000000e+04 2.208758450416081829e-16 3.192603828438651738e-17
1.879505664062500000e+04 4.502106640203102413e-16 4.868771188852830003e-17
1.880521679687500000e+04 1.432765124126595194e-15 4.776098505233819080e-17
1.881537890625000000e+04 9.537077472359148898e-16 6.554234404990879194e-17
1.882554101562500000e+04 -2.497377383305798186e-16 2.750525090993566606e-17
1.883570117187500000e+04 -3.453390383647224858e-17 3.076595387122784840e-17
1.884586328125000000e+04 9.537406756417394008e-16 5.068473764546812242e-17
1.885602539062500000e+04 5.788999561801824647e-16 1.995452790286991545e-17
1.886618750000000000e+04 2.935578231864785720e-16 1.687104177037231887e-17
1.887634765625000000e+04 1.425046642273858789e-15 6.391973332543497200e-17
1.888650976562500000e+04 5.741060673360783451e-16 3.004137012441099785e-17
1.889667187500000000e+04 1.418685107202623773e-15 8.524663327386916545e-17
1.890683398437500000e+04 9.218590966609163835e-16 6.487081897630354280e-17
1.891699414062500000e+04 2.177545153960862854e-16 3.134502993085172095e-17
1.892715625000000000e+04 -2.604991860463272977e-16 2.340463868082449006e-17
1.893731835937500000e+04 4.093537386419234458e-16 3.214195889404245930e-17
1.894748046875000000e+04 -2.053736267119722896e-17 1.667540197497495208e-17
1.895764062500000000e+04 1.032036907275019500e-15 5.765114688527131471e-17
1.896780273437500000e+04 5.421964833284367326e-16 4.372696086253753352e-17
1.897796484375000000e+04 -2.582299318410738237e-16 3.714182563683963339e-17
1.898812695312500000e+04 8.302714357775586168e-16 7.667012028045395501e-17
1.899828710937500000e+04 -8.681041623666719415e-16 5.869031734520943231e-17
1.900844921875000000e+04 1.321490379376018156e-16 8.338489456047361585e-17
1.901861132812500000e+04 1.808309463269524436e-15 6.471898832050820946e-17
1.902877148437500000e+04 1.723050726688932395e-15 4.657195593518506627e-17
1.903893359375000000e+04 1.999954902750546160e-15 7.431904798645163593e-17
1.904909570312500000e+04 1.225795693959440703e-15 7.554400982941406398e-17
1.905925781250000000e+04 4.198289686308377764e-17 6.243876900905473253e-17
1.906941796875000000e+04 -5.907974868364347740e-16 4.851142646510344899e-17
1.907958007812500000e+04 3.070175208254842265e-16 4.310285639908872435e-17
1.908974218750000000e+04 -2.425779805856760315e-16 5.594217850484695868e-17
1.909990429687500000e+04 2.589775284142763895e-15 1.048349848631741066e-16
1.911006445312500000e+04 -5.346722896579767827e-16 5.703031805704821553e-17
1.912022656250000000e+04 -9.450489529326078046e-17 6.645924398042177121e-17
1.913038867187500000e+04 -9.461713377621687568e-17 5.037869736243575324e-17
1.914055078125000000e+04 1.677533505444091244e-15 9.792576358220038044e-17
1.915071093750000000e+04 7.982621136403778104e-16 5.411780850280410466e-17
1.916087304687500000e+04 6.495712501618385558e-16 6.596543700706231496e-17
1.917103515625000000e+04 4.701076797095505699e-16 6.067272516636421759e-17
1.918119726562500000e+04 9.695079821966413880e-16 7.499885148362731577e-17
1.919135742187500000e+04 1.334992534541504933e-15 8.482516820816114679e-17
1.920151953125000000e+04 1.133381434798681146e-15 6.558245238345026314e-17
1.921168164062500000e+04 3.452011308129976450e-17 2.025803866758909747e-17
1.922184179687500000e+04 6.905040643983434163e-16 3.607438876100935372e-17
1.923200390625000000e+04 4.070005487655529910e-16 3.303127731421047042e-17
1.924216601562500000e+04 -3.417917901130745840e-17 2.552266607212979444e-17
1.925232812500000000e+04 5.091256171501094743e-16 3.262940650285260787e-17
1.926248828125000000e+04 3.711809547942671213e-16 4.872627173996307197e-17
1.927265039062500000e+04 -5.139042858709426181e-17 6.251848275032524270e-17
1.928281250000000000e+04 -4.504987743363849111e-17 6.325632123927764296e-17
1.929297460937500000e+04 4.535917019083941879e-16 5.090665035148139847e-17
1.930313476562500000e+04 1.269009806150917809e-16 3.321094425197943824e-17
1.931329687500000000e+04 1.735302767103390231e-16 2.501808755283367266e-17
1.932345898437500000e+04 6.551962636156563559e-17 3.040952836272364920e-17
1.933362109375000000e+04 5.058703636546927913e-16 2.779108151624213967e-17
1.934378125000000000e+04 5.549808045409050910e-16 2.581219748449683029e-17
1.935394335937500000e+04 1.071533947726369118e-15 5.650712301088597531e-17
1.936410546875000000e+04 8.108696696646660370e-16 4.663689953943782958e-17
1.937426757812500000e+04 8.647752699444033377e-16 5.257121567662390797e-17
1.938442773437500000e+04 7.091721940997953652e-16 4.619089698803903791e-17
1.939458984375000000e+04 2.553823923608620778e-16 2.763429108549393838e-17
1.940475195312500000e+04 1.764339585930859680e-16 1.188048908127249187e-17
1.941491210937500000e+04 3.001794503120798615e-16 1.555898442635295743e-17
1.942507421875000000e+04 3.587381996177790595e-16 2.095973928994028106e-17
1.943523632812500000e+04 5.242122797923334278e-16 2.439913973332351907e-17
1.944539843750000000e+04 4.304385062814511170e-16 1.871107526449447702e-17
1.945555859375000000e+04 4.948649704501360738e-16 1.995294964226116427e-17
1.946572070312500000e+04 3.185983140990226309e-16 2.012691234252596642e-17
1.947588281250000000e+04 5.470297062650289737e-16 1.891555596627881057e-17
1.948604492187500000e+04 4.508234923576487276e-16 1.589543021434155080e-17
1.949620507812500000e+04 4.232667047868285577e-16 1.439207908186317618e-17
1.950636718750000000e+04 2.503610487006405769e-16 1.264205607327658829e-17
1.951652929687500000e+04 4.597452903910782731e-16 1.743628737015430480e-17
1.952669140625000000e+04 5.921611569419549942e-16 1.927458378499010159e-17
1.953685156250000000e+04 3.413151289394521270e-16 2.031231660502360204e-17
1.954701367187500000e+04 5.700126217997943286e-16 2.956815002213676136e-17
1.955717578125000000e+04 4.856336877536034883e-16 2.780776409483610913e-17
1.956733789062500000e+04 6.124392845179005545e-16 2.592284281759314838e-17
1.957749804687500000e+04 3.672221610268169368e-16 1.513940533244155967e-17
1.958766015625000000e+04 2.904844435467051483e-16 1.231285142437028412e-17
1.959782226562500000e+04 3.774775859659187764e-16 1.162523189758659072e-17
1.960798437500000000e+04 3.016410056625671568e-16 1.476856206586056120e-17
1.961814453125000000e+04 4.763661414590165781e-16 1.789528162025385432e-17
1.962830664062500000e+04 4.090283456412797860e-16 1.291860819465205458e-17
1.963846875000000000e+04 2.644274601578967257e-16 9.506757001569895158e-18
1.964862890625000000e+04 3.061324243351626860e-16 8.698690051431130294e-18
1.965879101562500000e+04 3.321372093185965624e-16 8.991661707965774189e-18
1.966895312500000000e+04 3.362051115175649415e-16 8.216134388763620327e-18
1.967911523437500000e+04 3.201323437060593722e-16 7.812380914331587095e-18
1.968927539062500000e+04 3.680574943314872871e-16 8.369598726268745893e-18
1.969943750000000000e+04 3.034947107978535914e-16 8.439745296574467745e-18
1.970959960937500000e+04 3.210383777920458549e-16 8.347117611580779706e-18
1.971976171875000000e+04 3.028127169264158711e-16 8.102862757222446376e-18
1.972992187500000000e+04 2.753910575804623638e-16 7.090094248075796306e-18
1.974008398437500000e+04 2.744416130559290982e-16 6.800102096107568417e-18
1.975024609375000000e+04 2.749784201862515111e-16 6.707485578052149844e-18
1.976040820312500000e+04 3.387159289314635013e-16 6.378338418198418113e-18
1.977056835937500000e+04 3.074481576698242331e-16 6.498454142127855815e-18
1.978073046875000000e+04 3.241231923766072116e-16 7.060729336330163824e-18
1.979089257812500000e+04 3.170769370466355007e-16 6.930689099411314896e-18
1.980105468750000000e+04 2.681373585877521544e-16 6.322082691919299254e-18
1.981121484375000000e+04 2.803060456662442466e-16 5.823327937725857070e-18
1.982137695312500000e+04 2.666849882507866479e-16 5.477055244060133731e-18
1.983153906250000000e+04 2.687917709488449065e-16 5.430168165398790463e-18
1.984169921875000000e+04 2.864209088613710492e-16 5.582244907426358324e-18
1.985186132812500000e+04 2.693648681470012457e-16 5.843703050574263247e-18
1.986202343750000000e+04 2.666687358061112061e-16 5.666800550412447643e-18
1.987218554687500000e+04 2.354988762592186147e-16 5.625862141126279474e-18
1.988234570312500000e+04 2.460336367824571616e-16 5.742626542803958584e-18
1.989250781250000000e+04 2.646433212105485638e-16 5.711564670031673565e-18
1.990266992187500000e+04 2.490937021230909317e-16 5.356126401588556403e-18
1.991283203125000000e+04 2.473524935511117089e-16 5.135115736033269427e-18
1.992299218750000000e+04 2.875538683678828793e-16 5.471359691952399859e-18
1.993315429687500000e+04 2.959804697645238795e-16 5.698166825650152176e-18
1.994331640625000000e+04 2.759083564832183260e-16 5.767352212084087411e-18
1.995347851562500000e+04 2.852468947266969873e-16 6.236735023496690412e-18
1.996363867187500000e+04 2.659549517293718478e-16 6.634222191198328183e-18
1.997380078125000000e+04 2.539988434508609833e-16 6.865519674851324611e-18
1.998396289062500000e+04 2.636040117842675373e-16 8.394761560502608994e-18
1.999412500000000000e+04 2.572725728524396507e-16 8.920771502289367164e-18
2.000428515625000000e+04 3.331933535247042681e-16 1.051598517769481827e-17
2.001444726562500000e+04 3.333778214187484937e-16 1.541127478436936328e-17
2.002460937500000000e+04 3.335441045742063536e-16 1.571069927686253334e-17
2.003476953125000000e+04 3.198075595103465514e-16 1.626578378999991788e-17
2.004493164062500000e+04 1.949038693499906098e-16 1.156440930714556660e-17
2.005509375000000000e+04 1.812922748807406178e-16 9.505622109769472404e-18
2.006525585937500000e+04 2.268006155145253994e-16 9.073900004465796200e-18
2.007541601562500000e+04 2.125574388690891188e-16 7.205427213703452402e-18
2.008557812500000000e+04 2.280638063366775782e-16 8.034418524617358654e-18
2.009574023437500000e+04 3.280350552248235876e-16 8.894585445637775967e-18
2.010590234375000000e+04 3.622897822958367391e-16 9.502802251061279133e-18
2.011606250000000000e+04 2.092145306985214166e-16 9.592615867611061772e-18
2.012622460937500000e+04 2.618749793109050950e-16 9.147474411229937800e-18
2.013638671875000000e+04 2.807428234994518469e-16 9.773813089513252696e-18
2.014654882812500000e+04 2.705130477767840515e-16 9.405854201728226630e-18
2.015670898437500000e+04 2.582482489285581979e-16 8.678465485454208767e-18
2.016687109375000000e+04 2.666626477568028158e-16 7.798839140523481479e-18
2.017703320312500000e+04 2.724049488040357347e-16 7.261342968750811967e-18
2.018719531250000000e+04 2.621663851145401760e-16 7.360988454061399893e-18
2.019735546875000000e+04 1.926919089826850087e-16 5.977492483619508773e-18
2.020751757812500000e+04 2.172454353598966500e-16 5.471059011799736833e-18
2.021767968750000000e+04 2.358715178164513034e-16 5.306746614151284586e-18
2.022783984375000000e+04 1.933982418164664893e-16 5.048688183320972607e-18
2.023800195312500000e+04 2.179837701572165821e-16 4.790707507468240612e-18
2.024816406250000000e+04 2.228905261415423372e-16 4.581837371763394423e-18
2.025832617187500000e+04 2.228844910317931503e-16 5.190541386567691323e-18
2.026848632812500000e+04 2.215124697108085947e-16 4.554612376262436624e-18
2.027864843750000000e+04 2.074377864474269157e-16 4.413850224243675351e-18
2.028881054687500000e+04 2.069262711915139242e-16 4.275979895646399463e-18
2.029897265625000000e+04 2.036589739463784692e-16 4.071729977252968211e-18
2.030913281250000000e+04 2.164235487032639617e-16 4.057364745145066056e-18
2.031929492187500000e+04 2.080083822514108946e-16 4.072286669805216398e-18
2.032945703125000000e+04 2.213928130721191240e-16 4.112540173544190661e-18
2.033961914062500000e+04 2.226099464777643502e-16 3.915782029958652180e-18
2.034977929687500000e+04 1.980246695999204735e-16 3.842567860351277424e-18
2.035994140625000000e+04 2.107472500514678739e-16 3.897107600449655027e-18
2.037010351562500000e+04 2.048479170367478882e-16 3.911067100467099922e-18
2.038026562500000000e+04 2.415100837974251723e-16 4.174235853121764506e-18
2.039042578125000000e+04 2.052012356548713382e-16 5.706552782700214770e-18
2.040058789062500000e+04 2.231873053104365626e-16 4.062985023817057602e-18
2.041075000000000000e+04 2.193166559090600288e-16 4.670550838098481535e-18
2.042091015625000000e+04 2.315733814745073648e-16 4.591491810282807086e-18
2.043107226562500000e+04 2.151483273662828117e-16 4.137149623948255787e-18
2.044123437500000000e+04 2.177471700322468145e-16 4.318290183978486829e-18
2.045139648437500000e+04 2.104043340567278908e-16 4.042403529405819444e-18
2.046155664062500000e+04 2.037473300706889334e-16 4.121423679732703901e-18
2.047171875000000000e+04 2.309489064341441319e-16 4.356120875703293273e-18
2.048188085937500000e+04 2.130011253147727620e-16 4.472465069629795445e-18
2.049204296875000000e+04 2.267479671228976243e-16 4.856718174711197327e-18
2.050220312500000000e+04 2.347896979241299517e-16 5.083906638671336590e-18
2.051236523437500000e+04 2.238538937701460953e-16 5.023325998559484225e-18
2.052252734375000000e+04 2.430568718382299315e-16 5.202259227125117513e-18
2.053268945312500000e+04 2.204565504978275034e-16 5.109800700566696568e-18
2.054284960937500000e+04 1.988646218811313199e-16 5.346176246000156033e-18
2.055301171875000000e+04 1.940004293024050934e-16 5.022055862728909051e-18
2.056317382812500000e+04 1.566306856283050490e-16 5.221742225682885250e-18
2.057333593750000000e+04 1.842171325871689203e-16 5.073907265836489315e-18
2.058349609375000000e+04 1.973069415260204624e-16 4.268193644540437814e-18
2.059365820312500000e+04 2.079032839915023571e-16 4.227526136904880761e-18
2.060382031250000000e+04 1.931459186424133137e-16 4.854888451196230029e-18
2.061398046875000000e+04 1.942407881360783020e-16 4.574897326424074521e-18
2.062414257812500000e+04 2.018687962821361071e-16 4.560373689228868461e-18
2.063430468750000000e+04 2.015549176356191854e-16 4.574647104288777230e-18
2.064446679687500000e+04 2.120000647200161875e-16 4.943297928656203904e-18
2.065462695312500000e+04 2.040693217046537751e-16 5.201948207214797574e-18
2.066478906250000000e+04 2.341686904248945411e-16 4.637542609344859243e-18
2.067495117187500000e+04 1.828751544660322907e-16 4.438235922292044883e-18
2.068511328125000000e+04 1.786583465219145658e-16 4.730867194004623207e-18
2.069527343750000000e+04 2.110066406566747025e-16 4.451174681433599342e-18
2.070543554687500000e+04 1.959393803628987928e-16 4.192678258468940535e-18
2.071559765625000000e+04 1.873018412926118702e-16 4.206501687275620457e-18
2.072575976562500000e+04 1.853655372100783405e-16 4.685802394232734260e-18
2.073591992187500000e+04 2.212227976777374249e-16 4.167060888488479544e-18
2.074608203125000000e+04 1.972450154766422926e-16 3.934990818143358588e-18
2.075624414062500000e+04 2.010025330400011740e-16 4.042045360200583983e-18
2.076640625000000000e+04 2.084273856276159555e-16 4.014323642741788090e-18
2.077656640625000000e+04 1.970737692375091146e-16 3.770725569789821864e-18
2.078672851562500000e+04 1.876081231123831049e-16 3.655865337882239824e-18
2.079689062500000000e+04 1.694740079795055898e-16 3.636672266129171923e-18
2.080705078125000000e+04 1.981797560386068155e-16 3.753398203908367317e-18
2.081721289062500000e+04 1.910520267270210816e-16 3.760910658231573914e-18
2.082737500000000000e+04 1.963726509503091683e-16 3.815332938682968988e-18
2.083753710937500000e+04 1.957504920156610839e-16 3.738748421669746920e-18
2.084769726562500000e+04 2.079709539830540952e-16 3.825681795326619917e-18
2.085785937500000000e+04 1.995520949969465914e-16 4.105071559793449374e-18
2.086802148437500000e+04 2.012095134815966428e-16 3.733585160286190922e-18
2.087818359375000000e+04 2.018198007200933662e-16 3.672470575088935578e-18
2.088834375000000000e+04 1.966850605240581958e-16 3.672278255596516999e-18
2.089850585937500000e+04 1.879913658163462733e-16 3.620587325527772023e-18
2.090866796875000000e+04 1.700075328571573922e-16 3.550411803900610814e-18
2.091883007812500000e+04 1.852761222945838084e-16 3.538442086846662227e-18
2.092899023437500000e+04 1.910994738069571233e-16 3.595296691889269478e-18
2.093915234375000000e+04 1.873600615728458025e-16 3.489574737798867011e-18
2.094931445312500000e+04 1.818846950180061958e-16 3.500727613997919483e-18
2.095947656250000000e+04 1.835407106043373572e-16 3.522962642453651144e-18
2.096963671875000000e+04 1.954534349140810406e-16 3.593342064101806674e-18
2.097979882812500000e+04 1.920527696844224357e-16 3.654555910972568381e-18
2.098996093750000000e+04 1.899164334774388826e-16 3.658426702649010274e-18
2.100012109375000000e+04 1.868838834727010764e-16 3.600537708250405462e-18
2.101028320312500000e+04 1.831108678533854015e-16 3.535142049792881923e-18
2.102044531250000000e+04 1.932018625216015001e-16 3.510719542207253781e-18
2.103060742187500000e+04 1.849899839770894651e-16 3.526017834046115752e-18
2.104076757812500000e+04 2.009470656168458181e-16 3.574770618579072373e-18
2.105092968750000000e+04 1.935601309885104674e-16 3.644082563646728221e-18
2.106109179687500000e+04 1.833832683552664641e-16 3.576732277401741878e-18
2.107125390625000000e+04 1.908347892458299552e-16 3.569635067746036901e-18
2.108141406250000000e+04 1.925511294598733839e-16 3.845155694897649571e-18
2.109157617187500000e+04 1.880520610209729642e-16 3.507115516278360240e-18
2.110173828125000000e+04 1.715791363163387422e-16 3.647872291623139917e-18
2.111190039062500000e+04 1.927868428472264946e-16 3.573083997310076750e-18
2.112206054687500000e+04 1.844856685012281352e-16 3.966599043710234882e-18
2.113222265625000000e+04 2.036998565209732900e-16 4.000301690588095442e-18
2.114238476562500000e+04 2.054303051275444231e-16 3.570189692346753706e-18
2.115254687500000000e+04 1.900986382053271632e-16 3.505321361529732723e-18
2.116270703125000000e+04 1.753071930150009350e-16 3.508324027153300213e-18
2.117286914062500000e+04 2.050663853626904934e-16 3.608426943342629963e-18
2.118303125000000000e+04 1.905774235787626564e-16 3.557045378822979820e-18
2.119319140625000000e+04 1.899048661837529411e-16 3.584424643508178759e-18
2.120335351562500000e+04 1.977481530473113470e-16 3.489948623435740980e-18
2.121351562500000000e+04 1.844522371695911920e-16 3.470982199170512608e-18
2.122367773437500000e+04 1.937811271784050347e-16 3.438417546020371876e-18
2.123383789062500000e+04 1.812150095940832646e-16 3.438446290546658094e-18
2.124400000000000000e+04 1.865026657068774379e-16 3.566000022544172621e-18
2.125416210937500000e+04 1.914553732285917387e-16 3.462111514281493939e-18
2.126432421875000000e+04 1.925172349070934110e-16 3.432976145155844922e-18
2.127448437500000000e+04 1.842732749897041194e-16 3.367224592239770444e-18
2.128464648437500000e+04 1.849110378594274041e-16 3.372814472024250666e-18
2.129480859375000000e+04 1.786269136586375508e-16 3.369124005721345333e-18
2.130497070312500000e+04 1.882428287225623937e-16 3.491050841601967889e-18
2.131513085937500000e+04 1.829784130762585103e-16 3.519588159144741067e-18
2.132529296875000000e+04 1.848404164874500768e-16 3.709646139768600024e-18
2.133545507812500000e+04 1.932019551658301060e-16 3.555022922225287667e-18
2.134561718750000000e+04 2.008806264700455590e-16 3.568291312840944507e-18
2.135577734375000000e+04 1.838349486743898198e-16 3.365478620761824140e-18
2.136593945312500000e+04 1.775201327641517989e-16 3.406003646536868934e-18
2.137610156250000000e+04 1.650098267101202066e-16 3.926855910409205838e-18
2.138626171875000000e+04 1.780582501485644957e-16 3.466495157937718710e-18
2.139642382812500000e+04 1.916350633274178580e-16 3.333994265491677663e-18
2.140658593750000000e+04 1.802008464584238501e-16 3.623715309014141297e-18
2.141674804687500000e+04 1.884239481894870046e-16 3.380100485654770872e-18
2.142690820312500000e+04 1.847880989680673229e-16 3.335515243843009542e-18
2.143707031250000000e+04 1.687074563971302488e-16 3.311118792446676821e-18
2.144723242187500000e+04 1.689065091397350094e-16 3.274988370470973125e-18
2.145739453125000000e+04 1.776740280627560646e-16 3.294071840792877750e-18
2.146755468750000000e+04 1.809230082204071454e-16 3.383116179372986073e-18
2.147771679687500000e+04 1.855443670410674047e-16 3.443421368340858279e-18
2.148787890625000000e+04 2.012636044762127104e-16 3.478320118384470517e-18
2.149804101562500000e+04 1.867501316763737020e-16 3.526255648472224747e-18
2.150820117187500000e+04 1.806544590714581297e-16 3.479309426397083938e-18
2.151836328125000000e+04 1.803511948065614884e-16 3.464156718346031300e-18
2.152852539062500000e+04 1.623370539497286645e-16 4.078175782176287679e-18
2.153868750000000000e+04 1.735867102804498408e-16 3.359883571098515461e-18
2.154884765625000000e+04 1.780766334104978742e-16 3.428250255521176337e-18
2.155900976562500000e+04 1.701438522221061312e-16 3.342065273523510692e-18
2.156917187500000000e+04 1.637548415196445539e-16 3.295628181115396271e-18
2.157933203125000000e+04 1.903062274518534710e-16 3.350980832960760363e-18
2.158949414062500000e+04 1.671041024373166634e-16 3.322331225649833111e-18
2.159965625000000000e+04 1.694323445464125189e-16 3.311089634330084326e-18
2.160981835937500000e+04 2.098558802233807313e-16 4.130332828520206286e-18
2.161997851562500000e+04 1.886105733705687685e-16 3.558005735514153885e-18
2.163014062500000000e+04 1.939993043367720213e-16 3.624571854538439957e-18
2.164030273437500000e+04 1.979779769087030802e-16 3.429859742198051390e-18
2.165046484375000000e+04 1.877402867219343774e-16 3.313225414671696244e-18
2.166062500000000000e+04 1.887245787113132770e-16 3.225145155095518475e-18
2.167078710937500000e+04 1.789917333959979381e-16 3.756204000546147187e-18
2.168094921875000000e+04 1.894210118475237229e-16 3.312593035093399454e-18
2.169111132812500000e+04 1.854139504369698441e-16 3.273500479344143366e-18
2.170127148437500000e+04 1.677289480545943201e-16 3.283082332764804501e-18
2.171143359375000000e+04 1.757418267960607979e-16 3.293559815993707426e-18
2.172159570312500000e+04 1.853740869488896886e-16 3.338746418110794807e-18
2.173175781250000000e+04 1.631518599403178988e-16 3.822299040211584310e-18
2.174191796875000000e+04 1.923419520265709742e-16 3.353288460074630172e-18
2.175208007812500000e+04 1.873985221626070681e-16 3.345343183495905202e-18
2.176224218750000000e+04 1.880721251139110504e-16 4.038673358433511566e-18
2.177240234375000000e+04 1.767022298093491660e-16 4.041616880643281515e-18
2.178256445312500000e+04 1.828124210883762691e-16 3.658619022141428853e-18
2.179272656250000000e+04 1.768780023807942341e-16 3.394608613213491563e-18
2.180288867187500000e+04 1.713475389797136953e-16 3.501926612295815097e-18
2.181304882812500000e+04 1.949977311884582270e-16 3.687176605609209580e-18
2.182321093750000000e+04 1.640204789928373830e-16 3.541061767846617666e-18
2.183337304687500000e+04 1.559620854653457874e-16 3.365688931432565748e-18
2.184353515625000000e+04 1.724889158761388651e-16 3.672460648921584942e-18
2.185369531250000000e+04 1.887930163264734643e-16 3.448432014901398244e-18
2.186385742187500000e+04 1.534548414716934567e-16 4.095020901760623811e-18
2.187401953125000000e+04 1.751765778875563617e-16 3.310754212591694074e-18
2.188418164062500000e+04 1.734802223571122143e-16 3.531511140494080408e-18
2.189434179687500000e+04 1.602628687852498957e-16 3.586639419598289491e-18
2.190450390625000000e+04 1.436494424904898666e-16 3.534633747306468088e-18
2.191466601562500000e+04 1.494869950396194918e-16 3.117910287664756520e-18
2.192482812500000000e+04 1.775542787798379879e-16 3.227512339213492101e-18
2.193498828125000000e+04 1.622486316509691960e-16 3.271100414796820757e-18
2.194515039062500000e+04 1.991586746627265706e-16 4.178069835260947790e-18
2.195531250000000000e+04 1.865520186109448017e-16 3.852520497481515453e-18
2.196547265625000000e+04 1.413949054826949361e-16 3.639067781183125491e-18
2.197563476562500000e+04 1.708944954669408523e-16 3.499611747351585449e-18
2.198579687500000000e+04 1.939813445913122700e-16 3.869641481800138020e-18
2.199595898437500000e+04 1.760572803944640205e-16 3.618741885581166218e-18
2.200611914062500000e+04 1.634713237103307786e-16 3.465478346169737900e-18
2.201628125000000000e+04 1.764256735520706369e-16 3.291326635134967389e-18
2.202644335937500000e+04 1.618850295234704867e-16 3.356711953834834015e-18
2.203660546875000000e+04 1.718071602327175601e-16 3.372053672655855019e-18
2.204676562500000000e+04 1.486015147374937268e-16 3.644461825957583784e-18
2.205692773437500000e+04 1.708546716835300993e-16 3.390036579172757841e-18
2.206708984375000000e+04 1.864094920826794648e-16 3.376664997775685010e-18
2.207725195312500000e+04 1.627198599023284048e-16 3.145022993397560246e-18
2.208741210937500000e+04 1.746150876877553665e-16 3.170242696298536369e-18
2.209757421875000000e+04 1.769273685197513988e-16 3.122061286773700751e-18
2.210773632812500000e+04 1.808962472732298299e-16 3.343240903969101683e-18
2.211789843750000000e+04 1.679025103994426465e-16 3.339869315792335542e-18
2.212805859375000000e+04 1.824868825039448000e-16 3.160550414266099405e-18
2.213822070312500000e+04 1.846323243151113368e-16 3.405264974249859080e-18
2.214838281250000000e+04 1.650688543186319907e-16 3.171462580906898946e-18
2.215854492187500000e+04 1.436881545431573483e-16 3.077855927658254399e-18
2.216870507812500000e+04 1.505247824535734208e-16 3.029072537442633315e-18
2.217886718750000000e+04 1.381350462456275578e-16 2.963286242940831610e-18
2.218902929687500000e+04 1.372056128744731751e-16 3.108740990574606208e-18
2.219918945312500000e+04 1.686135283842136274e-16 3.172324503105179201e-18
2.220935156250000000e+04 1.752861627751073868e-16 3.308278874608629138e-18
2.221951367187500000e+04 1.659677150943464135e-16 3.189276535783687812e-18
2.222967578125000000e+04 1.802994331525503702e-16 3.389386415211291161e-18
2.223983593750000000e+04 1.799245681338311389e-16 3.232755630321312606e-18
2.224999804687500000e+04 1.584884538747603441e-16 3.195543256104389550e-18
2.226016015625000000e+04 1.652439651455870164e-16 3.295062389576410000e-18
2.227032226562500000e+04 1.609197296009558047e-16 3.260552828011003962e-18
2.228048242187500000e+04 1.534074076266472159e-16 3.603948173915961595e-18
2.229064453125000000e+04 1.823832003772449533e-16 3.309120737677054982e-18
2.230080664062500000e+04 1.659514891194505733e-16 3.667814789011180862e-18
2.231096875000000000e+04 1.532504815382785559e-16 3.137493168281490035e-18
2.232112890625000000e+04 1.582908437351438760e-16 3.683394322258310861e-18
2.233129101562500000e+04 2.050693235082262818e-16 4.128726443770628306e-18
2.234145312500000000e+04 1.739274425183726840e-16 3.249384648970619259e-18
2.235161523437500000e+04 1.770557734205992304e-16 3.435148528239562311e-18
2.236177539062500000e+04 1.820589191073445647e-16 3.290894640060061571e-18
2.237193750000000000e+04 1.579242505225501750e-16 3.100937368675780945e-18
2.238209960937500000e+04 1.884074575167951474e-16 4.797013932458344895e-18
2.239225976562500000e+04 1.641034088123294993e-16 3.070467550426930756e-18
2.240242187500000000e+04 1.631624346172687767e-16 3.498041344958653526e-18
2.241258398437500000e+04 1.735009084898709404e-16 3.192416513388939105e-18
2.242274609375000000e+04 1.694749873613508526e-16 3.124139164472433956e-18
2.243290625000000000e+04 1.399716519032912962e-16 3.438328830899675564e-18
2.244306835937500000e+04 1.672507979558692675e-16 3.184879036852202779e-18
2.245323046875000000e+04 1.646963451102973104e-16 3.150099400816798177e-18
2.246339257812500000e+04 1.868881583421067505e-16 3.279659252594906934e-18
2.247355273437500000e+04 1.716544163695259682e-16 3.263380751730169626e-18
2.248371484375000000e+04 1.515549730407816627e-16 2.991827696386667553e-18
2.249387695312500000e+04 1.480884642343638369e-16 3.017997002630854551e-18
2.250403906250000000e+04 1.674805688777017973e-16 3.586049226231232905e-18
2.251419921875000000e+04 1.689245615294233667e-16 3.090888158209027350e-18
2.252436132812500000e+04 1.577802813912965456e-16 3.596761215163794614e-18
2.253452343750000000e+04 1.539111672371369101e-16 3.093328547811211920e-18
2.254468554687500000e+04 1.562684069897864246e-16 3.142522426405812443e-18
2.255484570312500000e+04 1.624029372311572880e-16 3.185482051518753936e-18
2.256500781250000000e+04 1.661527388537622748e-16 3.172666128698163601e-18
2.257516992187500000e+04 1.609448229520182134e-16 3.293784809120321849e-18
2.258533007812500000e+04 1.532698441820571971e-16 3.274274927192646138e-18
2.259549218750000000e+04 1.729870771282428004e-16 3.229264100955726276e-18
2.260565429687500000e+04 1.933160928554726230e-16 3.302130854705828760e-18
2.261581640625000000e+04 1.787291531823491050e-16 3.318110950164587564e-18
2.262597656250000000e+04 1.814053670140888678e-16 3.392690588168134230e-18
2.263613867187500000e+04 1.571092592435037287e-16 3.139539819912099364e-18
2.264630078125000000e+04 1.542021230545187623e-16 3.473024508102906034e-18
2.265646289062500000e+04 1.487326195558609314e-16 3.069375051632901344e-18
2.266662304687500000e+04 1.328609823646588559e-16 3.101625169355118787e-18
2.267678515625000000e+04 1.820746156866483710e-16 3.681657242971949503e-18
2.268694726562500000e+04 1.579895382339377603e-16 3.127893530477659011e-18
2.269710937500000000e+04 1.679005913404215235e-16 3.202167938835173610e-18
2.270726953125000000e+04 1.338912126565365004e-16 3.361907888852585858e-18
2.271743164062500000e+04 1.296392131404383195e-16 4.041050675513988967e-18
2.272759375000000000e+04 1.594008804125206366e-16 3.236869819892998227e-18
2.273775585937500000e+04 1.629014955299552488e-16 3.306966552566813760e-18
2.274791601562500000e+04 1.472800639304382131e-16 3.246192765781930264e-18
2.275807812500000000e+04 1.271294148130544250e-16 2.958268151754778667e-18
2.276824023437500000e+04 1.271678886377054915e-16 3.284346678331091803e-18
2.277840039062500000e+04 1.660225340079015278e-16 3.074747796506586397e-18
2.278856250000000000e+04 1.515062421765349387e-16 3.111533759117738368e-18
2.279872460937500000e+04 1.724528110967621505e-16 3.829536870571423302e-18
2.280888671875000000e+04 1.321782341045024873e-16 3.925505951649519297e-18
2.281904687500000000e+04 1.324361821067210235e-16 3.025086354070740275e-18
2.282920898437500000e+04 1.664971371561599529e-16 3.138642949332938744e-18
2.283937109375000000e+04 1.504719884781578363e-16 3.769232508784163649e-18
2.284953320312500000e+04 1.621934951000588614e-16 3.119076612328456289e-18
2.285969335937500000e+04 1.695039188304555073e-16 3.290656412043646299e-18
2.286985546875000000e+04 1.586862493028340241e-16 3.021688709704678714e-18
2.288001757812500000e+04 1.440486067668834557e-16 3.184473718352051795e-18
2.289017968750000000e+04 1.168417232126181169e-16 3.520839269821227522e-18
2.290033984375000000e+04 1.660844865270592993e-16 3.459380370693996980e-18
2.291050195312500000e+04 1.472522441920768297e-16 3.650969255836538453e-18
2.292066406250000000e+04 1.557742029697329429e-16 3.204751637478482992e-18
2.293082617187500000e+04 1.901676052160793844e-16 3.685590486784639150e-18
2.294098632812500000e+04 1.407086896814107452e-16 3.455294305263138162e-18
2.295114843750000000e+04 1.726495609685415634e-16 4.331671898338063434e-18
2.296131054687500000e+04 1.614610233589207052e-16 3.834914785323936812e-18
2.297147070312500000e+04 1.534694792598131951e-16 3.783593191398696763e-18
2.298163281250000000e+04 1.242758931626526957e-16 3.207591762111683812e-18
2.299179492187500000e+04 1.415464979104738542e-16 3.191354827072727294e-18
2.300195703125000000e+04 1.265318198338767153e-16 3.023703928472011027e-18
2.301211718750000000e+04 1.403381127669869888e-16 3.014417378530031324e-18
2.302227929687500000e+04 1.563083366523155843e-16 3.145469877723492019e-18
2.303244140625000000e+04 1.372656330997200228e-16 3.020720701592838533e-18
2.304260351562500000e+04 1.273500007213651660e-16 3.197570262195450744e-18
2.305276367187500000e+04 9.750458968406798045e-17 2.811952515898489505e-18
2.306292578125000000e+04 1.344588570800948901e-16 3.676094453352530392e-18
2.307308789062500000e+04 8.627434231923974831e-17 2.533246623003088264e-18
2.308325000000000000e+04 1.006810492630553122e-16 3.093811000903483473e-18
2.309341015625000000e+04 8.170970161882102505e-17 2.843660623524331577e-18
2.310357226562500000e+04 9.364585830095711058e-17 2.722563449798099708e-18
2.311373437500000000e+04 9.840135272974896881e-17 3.458070323398866123e-18
2.312389648437500000e+04 9.011920353783932900e-17 3.446992100250096561e-18
2.313405664062500000e+04 1.041224647184107294e-16 3.026766151099682336e-18
2.314421875000000000e+04 1.485143100485959364e-16 3.386013999853912467e-18
2.315438085937500000e+04 9.931139698734510858e-17 3.012404434509383531e-18
2.316454101562500000e+04 1.126299709964043161e-16 3.341283174254341804e-18
2.317470312500000000e+04 1.405182396171765361e-16 4.214958368268056335e-18
2.318486523437500000e+04 1.003785790915467219e-16 3.101582569553572306e-18
2.319502734375000000e+04 1.062148544738105653e-16 3.174075024076494546e-18
2.320518750000000000e+04 1.196842599044851420e-16 3.647949219420107349e-18
2.321534960937500000e+04 1.223801407824689656e-16 2.982082681590180334e-18
2.322551171875000000e+04 1.240523558739163655e-16 2.875891716092460300e-18
2.323567382812500000e+04 1.171087238794604334e-16 2.909786062077280024e-18
2.324583398437500000e+04 1.177438794758929510e-16 2.990538535402003659e-18
2.325599609375000000e+04 1.361104125085631656e-16 3.115583015011338576e-18
2.326615820312500000e+04 1.022764622889883886e-16 2.896951320897754108e-18
2.327632031250000000e+04 1.153720548746829016e-16 3.549270708245593912e-18
2.328648046875000000e+04 1.090615270687403555e-16 2.854577132863347021e-18
2.329664257812500000e+04 1.555334867940351114e-16 3.268272077487348817e-18
2.330680468750000000e+04 1.446295522546916981e-16 3.694809828301848920e-18
2.331696679687500000e+04 1.298455186026539450e-16 3.402329310255908385e-18
2.332712695312500000e+04 1.172457049888992148e-16 2.731109259501538175e-18
2.333728906250000000e+04 1.163838621999577650e-16 2.918587263794844238e-18
2.334745117187500000e+04 9.054769633003159819e-17 2.491648330383255917e-18
2.335761132812500000e+04 9.120316748230841816e-17 2.839267053700756170e-18
2.336777343750000000e+04 4.177930124455487583e-17 2.720394995822291946e-18
2.337793554687500000e+04 6.301187944210087264e-17 4.241622535313703182e-18
2.338809765625000000e+04 1.074098260564842707e-16 3.937659716389760932e-18
2.339825781250000000e+04 1.167664034547614884e-16 3.611688102907620275e-18
2.340841992187500000e+04 1.067309092969252477e-16 3.355073722631672744e-18
2.341858203125000000e+04 9.648538405539444271e-17 3.387364785794211561e-18
2.342874414062500000e+04 8.798932595707858995e-17 3.198082907380080483e-18
2.343890429687500000e+04 1.325734146790660210e-16 3.716660631363049699e-18
2.344906640625000000e+04 1.185396139902791628e-16 4.089316664256458132e-18
2.345922851562500000e+04 1.306092511535017053e-16 3.942144689671023448e-18
2.346939062500000000e+04 8.036086782476755601e-17 3.288533453001528953e-18
2.347955078125000000e+04 9.233788722916376110e-17 3.365900069283919908e-18
2.348971289062500000e+04 5.624925441800624425e-17 3.763801240882140469e-18
2.349987500000000000e+04 1.003869236895661569e-16 3.300582579394282631e-18
2.351003710937500000e+04 1.362089462631304823e-16 4.208997291183692941e-18
2.352019726562500000e+04 6.817359234355017212e-17 3.807719154734724644e-18
2.353035937500000000e+04 1.224080531650589550e-16 3.988443229326535237e-18
2.354052148437500000e+04 1.132844892366154750e-16 2.781488074323620911e-18
2.355068164062500000e+04 1.073975242264143821e-16 2.992231980911052845e-18
2.356084375000000000e+04 9.146519844803051606e-17 3.468803612232201072e-18
2.357100585937500000e+04 1.064389873325879336e-16 3.389517316543227678e-18
2.358116796875000000e+04 9.181721342950858252e-17 3.085824572089283991e-18
2.359132812500000000e+04 1.084689150255726652e-16 3.845552741591675024e-18
2.360149023437500000e+04 3.302234707231734793e-17 4.310761599633335448e-18
2.361165234375000000e+04 1.180385807670884433e-16 2.909074273160178144e-18
2.362181445312500000e+04 7.548923723797325270e-17 2.675948927148592663e-18
2.363197460937500000e+04 9.425907045009982149e-17 2.882311051236178071e-18
2.364213671875000000e+04 1.240814991012578338e-16 3.686300207750209648e-18
2.365229882812500000e+04 7.237075971120343794e-17 2.398894086755847264e-18
2.366246093750000000e+04 7.092919566176032428e-17 2.558437581377778169e-18
2.367262109375000000e+04 2.236958261725321121e-17 3.797280548994611712e-18
2.368278320312500000e+04 8.886984979297393727e-17 3.831497702213480254e-18
2.369294531250000000e+04 7.155791910174962955e-17 3.769064591119815385e-18
2.370310742187500000e+04 5.494260683519297962e-17 3.794793216892664757e-18
2.371326757812500000e+04 7.655964203784137263e-17 4.915451720515218780e-18
2.372342968750000000e+04 8.340291386293747101e-17 2.784971538678234848e-18
2.373359179687500000e+04 1.084693319246013920e-16 3.709534883976211642e-18
2.374375195312500000e+04 9.432757423970901303e-17 2.762366760488691985e-18
2.375391406250000000e+04 1.567803589970628441e-16 3.641589027690187119e-18
2.376407617187500000e+04 9.097137162233635854e-17 4.717185213082689853e-18
2.377423828125000000e+04 9.230899546472850895e-17 3.340466126604292551e-18
2.378439843750000000e+04 9.274355645389446715e-17 3.857084052920970506e-18
2.379456054687500000e+04 1.072044933586690076e-16 3.003094103124792928e-18
2.380472265625000000e+04 1.533955756351652574e-16 4.328098891682140631e-18
2.381488476562500000e+04 1.055373273776806313e-16 4.094132923373048136e-18
2.382504492187500000e+04 1.731671245690935427e-16 4.646701153087046365e-18
2.383520703125000000e+04 3.725365383821190230e-17 4.835825660389639230e-18
2.384536914062500000e+04 2.008274354479359491e-16 5.371399050828429229e-18
2.385553125000000000e+04 7.646039359922481016e-17 2.926644830141723281e-18
2.386569140625000000e+04 4.648803019023543608e-17 3.650974632510520048e-18
2.387585351562500000e+04 8.749091324206843844e-17 3.260990406555044514e-18
2.388601562500000000e+04 6.721415547721726596e-17 3.297176249631789263e-18
2.389617773437500000e+04 1.296850058591492551e-16 4.122580905409665587e-18
2.390633789062500000e+04 8.317992582212787602e-17 3.366792597164864625e-18
2.391650000000000000e+04 7.946332392058831759e-17 3.080635047721279434e-18
2.392666210937500000e+04 9.643483339380010209e-17 2.879653940313504608e-18
2.393682226562500000e+04 6.513707848931701177e-17 2.936828457458016743e-18
2.394698437500000000e+04 3.922530500268104801e-17 2.689908633961190696e-18
2.395714648437500000e+04 5.246927393793287284e-17 3.338122723928929824e-18
2.396730859375000000e+04 8.089214277115321420e-17 2.934858940419527984e-18
2.397746875000000000e+04 1.045692282759730699e-16 3.518529367960673192e-18
2.398763085937500000e+04 9.300505140657963068e-17 2.931287794919983425e-18
2.399779296875000000e+04 6.178731464583247005e-17 3.055289199776888974e-18
2.400795507812500000e+04 6.929736683654021340e-17 2.951786364474813142e-18
2.401811523437500000e+04 4.437632411317126194e-17 3.378010200246849371e-18
2.402827734375000000e+04 2.905488114332515747e-17 3.878756184969859832e-18
2.403843945312500000e+04 8.024849037546855188e-17 3.676138293924995703e-18
2.404860156250000000e+04 7.171927226075667334e-17 3.265259485696430690e-18
2.405876171875000000e+04 1.828820366087287319e-16 5.072755416833509224e-18
2.406892382812500000e+04 9.883869304577310518e-17 3.871991088330094895e-18
2.407908593750000000e+04 8.261928927271903556e-17 4.011601804936182353e-18
2.408924804687500000e+04 6.837211569056289876e-17 3.387738051045626115e-18
2.409940820312500000e+04 9.276803438258113634e-17 3.291267491721169848e-18
2.410957031250000000e+04 1.554863441165644893e-16 4.258820447429293181e-18
2.411973242187500000e+04 1.240181701535607740e-16 4.030046278234889764e-18
2.412989257812500000e+04 8.633667865020174447e-17 3.629041111388063966e-18
2.414005468750000000e+04 6.318833361037068451e-17 5.027362226358436724e-18
2.415021679687500000e+04 1.039490214875706106e-16 5.008606319559103098e-18
2.416037890625000000e+04 5.541672360125122359e-17 5.606391963868006308e-18
2.417053906250000000e+04 7.530915670989800836e-17 4.565632489973174335e-18
2.418070117187500000e+04 5.957661159305794956e-17 4.544525735872965004e-18
2.419086328125000000e+04 1.119290909372207851e-16 5.106512657631798283e-18
2.420102539062500000e+04 1.102132867362142909e-16 3.567783423944836948e-18
2.421118554687500000e+04 8.512880966741711219e-17 3.162558808793378156e-18
2.422134765625000000e+04 1.407343256629549886e-16 3.540145251727908911e-18
2.423150976562500000e+04 3.778959077452990936e-17 3.123162264169008831e-18
2.424167187500000000e+04 5.641793308851805766e-17 3.050479764900352533e-18
2.425183203125000000e+04 1.337077638490069401e-16 4.334579024600881050e-18
2.426199414062500000e+04 1.657213343858138189e-17 3.377813744851368027e-18
2.427215625000000000e+04 5.778340313905119320e-17 2.761092695550207184e-18
2.428231835937500000e+04 8.680633856711955274e-17 3.676302075686281202e-18
2.429247851562500000e+04 1.066096247667902726e-16 3.256076126535866977e-18
2.430264062500000000e+04 3.740822742491846148e-17 3.022453231385830850e-18
2.431280273437500000e+04 1.193206974816558353e-16 3.596085822193645067e-18
2.432296289062500000e+04 9.808186248995648740e-17 4.667884421393916851e-18
2.433312500000000000e+04 -1.080464308733499813e-17 5.272169223775649200e-18
2.434328710937500000e+04 1.120219866287329403e-16 9.382193527486759827e-18
2.435344921875000000e+04 2.793390913825044585e-17 5.606154563032203589e-18
2.436360937500000000e+04 -9.855468223681424823e-18 3.255270866209546604e-18
2.437377148437500000e+04 -2.226461670624268221e-18 2.278874315777465714e-18
2.438393359375000000e+04 8.334700968841868719e-17 2.636100741909769384e-18
2.439409570312500000e+04 7.065862157467177871e-17 2.556774948346546583e-18
2.440425585937500000e+04 7.970263058052235870e-17 2.855709336326778978e-18
2.441441796875000000e+04 5.302050378941576027e-17 3.006201820686154653e-18
2.442458007812500000e+04 5.146551011693447503e-17 3.370293639107495314e-18
2.443474218750000000e+04 1.283428821542248162e-16 4.652019510835456056e-18
2.444490234375000000e+04 6.039701594203294283e-17 5.383256271319070604e-18
2.445506445312500000e+04 2.276204904679083587e-16 8.697385587605134169e-18
2.446522656250000000e+04 2.083205668320333077e-16 7.232425561716570672e-18
2.447538867187500000e+04 1.272162257639806402e-17 4.619214354922215532e-18
2.448554882812500000e+04 3.240702528174038179e-16 9.481949854999429858e-18
2.449571093750000000e+04 5.914911009411176392e-16 1.464885910505678746e-17
2.450587304687500000e+04 2.601985158198316227e-16 7.810751368524857630e-18
2.451603320312500000e+04 2.933738979229161812e-17 3.971024459987393580e-18
2.452619531250000000e+04 1.427186723954655982e-16 4.389444260270298270e-18
2.453635742187500000e+04 9.966720376475111812e-17 3.556882837832613150e-18
2.454651953125000000e+04 3.031676502010950246e-17 3.749035653357762649e-18
2.455667968750000000e+04 1.899950090181865199e-16 4.722859258494497347e-18
2.456684179687500000e+04 1.224834390973645877e-16 3.357593521572662404e-18
2.457700390625000000e+04 1.376200369788071424e-16 3.992811983731734052e-18
2.458716601562500000e+04 1.071826756428323089e-16 3.784366191681127567e-18
2.459732617187500000e+04 1.846153571863866491e-16 4.412403485352320106e-18
2.460748828125000000e+04 6.460805347419749782e-17 5.722821770987907719e-18
2.461765039062500000e+04 5.829677789698120387e-17 4.337029960755875671e-18
2.462781250000000000e+04 9.526036265542791085e-17 5.545436610938667422e-18
2.463797265625000000e+04 4.414398562271736753e-17 3.124799874986710687e-18
2.464813476562500000e+04 4.067226888716290783e-17 2.915146606036929920e-18
2.465829687500000000e+04 1.123754111259747971e-16 3.372740646154580309e-18
2.466845898437500000e+04 1.894634958437844464e-16 6.719684424135775620e-18
2.467861914062500000e+04 5.774657044073543198e-17 3.514332253532579130e-18
2.468878125000000000e+04 6.792360512754684631e-17 3.540729654830677625e-18
2.469894335937500000e+04 4.227133143395856818e-17 5.447792902710457824e-18
2.470910546875000000e+04 -8.927048975958032091e-18 5.110626226818024490e-18
2.471926562500000000e+04 4.133579346988354409e-17 8.946356198635632310e-18
2.472942773437500000e+04 -1.036917468103706926e-17 4.180469486217964123e-18
2.473958984375000000e+04 4.833696745647111503e-17 3.240030477013563346e-18
2.474975000000000000e+04 5.280655186961769455e-17 3.495602402922540924e-18
2.475991210937500000e+04 3.000239006522504898e-17 3.446778894447211018e-18
2.477007421875000000e+04 1.668079850129124803e-16 6.235489289494185552e-18
2.478023632812500000e+04 6.886322936384788236e-17 7.571542315903097769e-18
2.479039648437500000e+04 1.120742379736666900e-16 9.191028779203304919e-18
2.480055859375000000e+04 -3.812431106376071711e-17 9.212126020726469890e-18
2.481072070312500000e+04 -1.542712025618342908e-17 1.037474574246261390e-17
2.482088281250000000e+04 1.302562898774028781e-16 7.984082929982281814e-18
2.483104296875000000e+04 6.169240063362568544e-16 1.360844952856106541e-17
2.484120507812500000e+04 7.742718112335310755e-16 1.648292697260121318e-17
2.485136718750000000e+04 -3.863808204120414068e-18 8.702945895682715621e-18
2.486152929687500000e+04 4.485747787013661704e-16 9.620294985268311184e-18
2.487168945312500000e+04 3.986080139752593747e-16 1.661077931679985934e-17
2.488185156250000000e+04 4.434278028497101157e-17 1.251157743063308626e-17
2.489201367187500000e+04 3.010405122425230612e-16 1.661045837072218877e-17
2.490217578125000000e+04 6.962278365998551474e-16 2.181781675273338942e-17
2.491233593750000000e+04 3.978952622199244827e-16 2.088649244669871046e-17
2.492249804687500000e+04 -1.914959911053905426e-16 1.450719946207340615e-17
2.493266015625000000e+04 1.500325901367696680e-16 1.641011853508429568e-17
2.494282031250000000e+04 1.996129754900304943e-16 1.291900027826240472e-17
2.495298242187500000e+04 3.087153454286962681e-16 1.473639797492204927e-17
2.496314453125000000e+04 2.066152115765245833e-16 7.092796647137007048e-18
2.497330664062500000e+04 3.951581745125457175e-17 2.556683131298553197e-18
2.498346679687500000e+04 7.134771596448765416e-17 4.923091974243064820e-18
2.499362890625000000e+04 8.985991219430600674e-17 4.215155650844150232e-18
2.500379101562500000e+04 -3.080960584651349678e-17 3.412853322394267418e-18
2.501395312500000000e+04 2.751523795777938630e-16 9.720328418286186480e-18
2.502411328125000000e+04 1.107035851402875422e-15 2.929305622018122605e-17
2.503427539062500000e+04 1.810718610259972878e-16 4.067947693902069492e-18
2.504443750000000000e+04 4.957308962025810852e-17 1.727451938007006566e-18
2.505459960937500000e+04 3.034920638198934217e-16 8.726623940717046038e-18
2.506475976562500000e+04 -4.459100726063082454e-17 4.917235121915883108e-18
2.507492187500000000e+04 5.888485699039210357e-17 6.224067993186359622e-18
2.508508398437500000e+04 9.568891500462428385e-17 1.099027399732047328e-17
2.509524609375000000e+04 5.587179668437502675e-16 1.378963103403161783e-17
2.510540625000000000e+04 -2.578047477713317666e-16 1.802918727217516355e-17
2.511556835937500000e+04 -4.864415255747125760e-17 1.158353289572718004e-17
2.512573046875000000e+04 -2.785695487150341258e-16 3.549003859779984306e-17
2.513589062500000000e+04 -3.063996896998010195e-16 5.002516367735303942e-17
2.514605273437500000e+04 3.350131349904531680e-15 3.335546924860470323e-17
2.515621484375000000e+04 1.276295798274742089e-15 5.941818996214179370e-17
2.516637695312500000e+04 1.811933705492588774e-15 5.042326254511766016e-17
2.517653710937500000e+04 1.352065012989007390e-15 3.869248819163359097e-17
2.518669921875000000e+04 2.081380179970102051e-16 3.456729670421070803e-18
2.519686132812500000e+04 -1.199285892050986051e-16 3.747997541689008599e-18
2.520702343750000000e+04 -5.532659731042989591e-17 2.177772165408171906e-17
2.521718359375000000e+04 8.171876884182358632e-16 2.663625300869563263e-17
2.522734570312500000e+04 8.619925549544361475e-16 5.630875186510595843e-17
2.523750781250000000e+04 -5.242179046204987884e-17 1.620775707002932299e-17
2.524766992187500000e+04 2.898008244307998839e-15 2.190134578186123918e-16
2.525783007812500000e+04 -3.044376596384726005e-15 1.722595022963309581e-16
2.526799218750000000e+04 -6.045412210924343971e-15 2.070335399733498009e-16
2.527815429687500000e+04 -3.550466447451876067e-16 2.427776917640483842e-17
2.528831640625000000e+04 4.178329672543685397e-15 -1.127874794199242134e-16
2.529847656250000000e+04 -5.641845586666519117e-17 5.770460756826061689e-18
2.530863867187500000e+04 6.249575315058126558e-16 1.344371650957112995e-16
2.531880078125000000e+04 -1.874604529765455663e-14 -5.282697793679183400e-16
2.532896093750000000e+04 -5.056180219517938945e-15 1.500661670521944205e-16
2.533912304687500000e+04 -1.223354015609861775e-14 5.492214569556086792e-16
2.534928515625000000e+04 -1.241218956906991674e-14 5.598518792623277587e-16
2.535944726562500000e+04 -1.253149415969068495e-14 5.679639137981821930e-16
