9.352041015625000000e+03 9.406442327143751833e-18 3.684943217955316406e-18
9.358981445312500000e+03 1.005853014527910742e-16 7.348879357074236120e-18
9.365920898437500000e+03 2.603507964618801849e-17 5.134537950375401137e-18
9.372860351562500000e+03 5.264680757690206640e-18 5.145480309108558864e-18
9.379799804687500000e+03 1.087390043848222547e-17 4.215556833441238451e-18
9.386739257812500000e+03 4.259068932485304110e-17 3.950354457250612248e-18
9.393678710937500000e+03 3.950237080321690973e-17 3.784508466746486688e-18
9.400618164062500000e+03 -7.418704154121674846e-18 3.595156484775441740e-18
9.407557617187500000e+03 8.189563858563314483e-17 7.039207751152759150e-18
9.414497070312500000e+03 1.513708260928151077e-17 4.804823758211764306e-18
9.421436523437500000e+03 9.037706551327415964e-17 6.130805447072537135e-18
9.428375976562500000e+03 4.729780030525544763e-17 4.970667680764358483e-18
9.435315429687500000e+03 4.531322527089577342e-17 6.005742355899419774e-18
9.442254882812500000e+03 3.051056723377608270e-18 4.611332978045810284e-18
9.449194335937500000e+03 2.449360210491584972e-17 6.487301265928803343e-18
9.456133789062500000e+03 5.111272751184795936e-17 5.425270842582170263e-18
9.463074218750000000e+03 8.717175883760465356e-18 5.565211604252666379e-18
9.470013671875000000e+03 -9.357747031663367647e-18 5.609541867640608238e-18
9.476953125000000000e+03 8.780435513722193211e-17 6.464131109790580485e-18
9.483892578125000000e+03 1.150130584888348875e-16 6.862701056914050169e-18
9.490832031250000000e+03 6.478843840473816167e-17 6.340976737880929236e-18
9.497771484375000000e+03 -1.202244320055394206e-17 4.618184515059587012e-18
9.504710937500000000e+03 6.441532700891754279e-17 8.872819842179668150e-18
9.511650390625000000e+03 3.729026485212349931e-17 4.787309449511872774e-18
9.518589843750000000e+03 3.526456901515258899e-17 4.656910629797482109e-18
9.525529296875000000e+03 5.039433438473545567e-17 1.191959735345338647e-17
9.532468750000000000e+03 -1.075395387298805487e-18 2.876282558931891606e-18
9.539408203125000000e+03 4.104302116387652547e-17 5.556102691347232438e-18
9.546347656250000000e+03 8.310424872224662462e-17 5.168139681218530227e-18
9.553287109375000000e+03 -4.539515502902731315e-18 4.930163541299780654e-18
9.560227539062500000e+03 4.841904362557107665e-17 4.450767294981916976e-18
9.567166992187500000e+03 5.701076350736746195e-17 4.864118132471096712e-18
9.574106445312500000e+03 2.997404423999408183e-17 5.249479659573319651e-18
9.581045898437500000e+03 4.025549228116683973e-17 5.399174948617347345e-18
9.587985351562500000e+03 9.597466951031440258e-17 5.956336925863158814e-18
9.594924804687500000e+03 9.196280383476281581e-17 4.921553418303716189e-18
9.601864257812500000e+03 1.184045254700819027e-16 6.948428814828127128e-18
9.608803710937500000e+03 4.526460028576745624e-17 5.624968786064722204e-18
9.615743164062500000e+03 -1.098262009511252011e-17 6.261337442865548837e-18
9.622682617187500000e+03 7.201306696200080750e-17 7.798764694268351706e-18
9.629622070312500000e+03 6.692824215284953705e-17 6.148656418281737748e-18
9.636561523437500000e+03 6.663479817618512538e-17 5.467119977722759315e-18
9.643500976562500000e+03 2.988827553663968349e-17 6.588746282662000380e-18
9.650440429687500000e+03 4.195494146710193552e-17 5.219642841288225666e-18
9.657379882812500000e+03 3.140411378764515862e-17 4.280584810116482168e-18
9.664320312500000000e+03 1.632929471743173935e-17 4.271000681949136513e-18
9.671259765625000000e+03 4.092562769134299979e-17 4.495018562621360021e-18
9.678199218750000000e+03 4.100904720175774752e-17 4.599196170508125986e-18
9.685138671875000000e+03 7.857913402021813524e-17 6.292934087903849388e-18
9.692078125000000000e+03 4.789172921995832235e-17 5.828848954724342253e-18
9.699017578125000000e+03 3.440838745032345216e-17 5.012870435616813955e-18
9.705957031250000000e+03 4.651648851202971045e-17 5.119370766663628822e-18
9.712896484375000000e+03 5.829416400624553630e-17 6.857965447907184086e-18
9.719835937500000000e+03 6.197808896486679993e-17 4.982253999604388742e-18
9.726775390625000000e+03 8.915406905144715758e-17 5.080724888445151369e-18
9.733714843750000000e+03 8.142182291331787015e-17 5.210781668976251357e-18
9.740654296875000000e+03 5.548428109623965447e-17 4.924192538048066624e-18
9.747593750000000000e+03 6.016437966655852933e-17 5.101125230302240414e-18
9.754533203125000000e+03 7.008015762870119540e-17 6.017915972974362683e-18
9.761473632812500000e+03 5.216895774473937061e-17 4.780261870692920979e-18
9.768413085937500000e+03 5.578752881752404463e-17 5.607829603772623470e-18
9.775352539062500000e+03 2.155341177865326434e-17 4.331827408293223403e-18
9.782291992187500000e+03 8.502342685737785647e-17 5.624541133688032289e-18
9.789231445312500000e+03 9.675364203676783980e-17 4.874447550370352645e-18
9.796170898437500000e+03 1.055833690260571571e-19 2.715694541991459366e-18
9.803110351562500000e+03 5.893605616158668578e-17 4.424046879654616523e-18
9.810049804687500000e+03 6.463222038297384707e-17 4.349879384391274403e-18
9.816989257812500000e+03 7.093575354965664468e-17 4.644023155853905938e-18
9.823928710937500000e+03 7.428088518171088945e-17 4.614158213427985150e-18
9.830868164062500000e+03 5.260299926448064550e-17 4.369387611957725008e-18
9.837807617187500000e+03 5.285246039361438759e-17 3.842802779645242484e-18
9.844747070312500000e+03 9.085484503508478842e-17 5.922653304139386974e-18
9.851686523437500000e+03 6.980691009387287845e-17 5.006847319986509084e-18
9.858626953125000000e+03 5.192169691603501958e-17 4.359342744189187316e-18
9.865566406250000000e+03 9.279031531956086470e-17 4.717236498280668141e-18
9.872505859375000000e+03 4.469334273729343491e-17 4.531390107745622925e-18
9.879445312500000000e+03 1.868273605670841029e-17 3.812845192990715757e-18
9.886384765625000000e+03 5.497156146535478580e-17 4.727326447392589973e-18
9.893324218750000000e+03 6.615207542303387970e-17 4.537414877737152902e-18
9.900263671875000000e+03 5.390914061275902769e-17 4.301910767079018051e-18
9.907203125000000000e+03 1.617308662183477539e-17 4.014769079501647896e-18
9.914142578125000000e+03 4.275574163555942203e-17 3.519405352229366848e-18
9.921082031250000000e+03 5.318958612406649955e-17 3.948173181975309914e-18
9.928021484375000000e+03 1.451913402395132123e-17 2.035407764542895419e-18
9.934960937500000000e+03 4.323148629306317037e-17 3.367664859120801793e-18
9.941900390625000000e+03 -1.165698074385760103e-17 4.727735074615191168e-18
9.948839843750000000e+03 1.325309191022767217e-17 4.804533417816758193e-18
9.955779296875000000e+03 4.250654189549924670e-17 3.150498722257508151e-18
9.962719726562500000e+03 4.887307644635653311e-17 3.995665756845041998e-18
9.969659179687500000e+03 2.109555572907658778e-17 2.936194216723341709e-18
9.976598632812500000e+03 6.492764380284409814e-18 2.316874579527845529e-18
9.983538085937500000e+03 9.048265677282777873e-18 3.006053755356507661e-18
9.990477539062500000e+03 2.360564026095242557e-17 2.797484506599477636e-18
9.997416992187500000e+03 1.713911777201095429e-17 2.786427583351481315e-18
1.000435644531250000e+04 2.843122004868467673e-17 2.846727395645371927e-18
1.001129589843750000e+04 2.736014192379793863e-17 3.597651675093207948e-18
1.001823535156250000e+04 1.152186823542257694e-17 2.897916433877450353e-18
1.002517480468750000e+04 8.458926953235082415e-17 5.490240503024228992e-18
1.003211425781250000e+04 3.066258441879954674e-18 2.707706872406341054e-18
1.003905371093750000e+04 2.522636832235207482e-17 2.884040892692179590e-18
1.004599316406250000e+04 1.801427816881450778e-17 2.629338953992454659e-18
1.005293261718750000e+04 3.491667670184748682e-17 2.782500956983692093e-18
1.005987304687500000e+04 3.161009830378311357e-17 3.461316593712830480e-18
1.006681250000000000e+04 2.450401796318911745e-17 2.516712523329072070e-18
1.007375195312500000e+04 1.915765849668328092e-17 2.312067005807687332e-18
1.008069140625000000e+04 2.360863465476986753e-17 2.966050680547983828e-18
1.008763085937500000e+04 4.506242741789214564e-17 3.661443843933297442e-18
1.009457031250000000e+04 6.939807111303486920e-17 4.873331270133712334e-18
1.010150976562500000e+04 1.948849600011876476e-17 2.893912052532081146e-18
1.010844921875000000e+04 1.786528308815900622e-17 2.888566397823457205e-18
1.011538867187500000e+04 1.198571141827291231e-17 4.041198740843635959e-18
1.012232812500000000e+04 -7.294265584311035021e-18 1.112184451837254531e-17
1.012926757812500000e+04 -1.366009620446703880e-17 5.965074021083250169e-18
1.013620703125000000e+04 -9.045210899280619541e-18 2.591035735342727298e-18
1.014314648437500000e+04 3.547502692404323071e-17 3.312694157923284062e-18
1.015008593750000000e+04 3.958024158608265176e-17 3.639264236578606835e-18
1.015702539062500000e+04 6.743973093898292682e-17 4.045539371108007972e-18
1.016396582031250000e+04 2.170487185753417392e-17 3.667509972955455071e-18
1.017090527343750000e+04 5.317529575180403344e-17 4.361229543166420772e-18
1.017784472656250000e+04 5.301249337236379675e-17 3.488300466065229072e-18
1.018478417968750000e+04 1.072625283504457280e-17 2.148321847264293324e-18
1.019172363281250000e+04 3.978355265448083533e-17 3.674303193736046811e-18
1.019866308593750000e+04 3.856354727774882502e-17 3.349565733727835270e-18
1.020560253906250000e+04 2.190021386791102161e-17 2.928581466750863057e-18
1.021254199218750000e+04 4.301844427193891299e-17 3.619785787514208139e-18
1.021948144531250000e+04 2.068882771316181386e-17 3.107302523489376493e-18
1.022642089843750000e+04 1.436960458462011042e-17 3.296482038302704134e-18
1.023336035156250000e+04 3.778500488521391537e-17 3.181886090600832786e-18
1.024029980468750000e+04 2.604527712877957222e-17 3.340397884203756926e-18
1.024723925781250000e+04 4.841931494081199404e-17 3.706787403571616760e-18
1.025417871093750000e+04 2.799460765159958702e-17 3.040108987970468949e-18
1.026111914062500000e+04 1.744019828009045551e-17 2.566182266657959028e-18
1.026805859375000000e+04 5.673365800216219768e-17 3.534954279793832386e-18
1.027499804687500000e+04 5.290666388479376239e-17 4.041228932935994145e-18
1.028193750000000000e+04 5.988642712840601076e-17 3.786492045855388848e-18
1.028887695312500000e+04 3.142021072236544053e-17 4.009298520520528447e-18
1.029581640625000000e+04 3.729217729369972191e-17 2.869829309383059160e-18
1.030275585937500000e+04 1.735331619163156080e-17 2.237984089761978759e-18
1.030969531250000000e+04 1.749444313030045796e-17 2.594598609036146326e-18
1.031663476562500000e+04 3.346987494476568739e-17 3.352164942007630022e-18
1.032357421875000000e+04 2.442469134244528209e-17 2.844870788760496656e-18
1.033051367187500000e+04 1.442414721985063196e-17 2.781726509135189321e-18
1.033745312500000000e+04 4.353720893874031919e-17 3.006690270837867216e-18
1.034439257812500000e+04 1.879219521280632734e-17 2.759119662994115074e-18
1.035133203125000000e+04 3.992189116730481623e-18 3.279152397674565066e-18
1.035827148437500000e+04 -1.031542779355582373e-17 3.337698380274690121e-18
1.036521191406250000e+04 1.994797332369604526e-17 3.004389261168897831e-18
1.037215136718750000e+04 2.533710795403822395e-17 2.973019263618436810e-18
1.037909082031250000e+04 3.008631250145222895e-17 3.257967681801622613e-18
1.038603027343750000e+04 1.763841887899898775e-17 3.173282791844821884e-18
1.039296972656250000e+04 9.188851639831065350e-18 2.619020496236315054e-18
1.039990917968750000e+04 -3.627009555803633730e-18 4.189478723859585424e-18
1.040684863281250000e+04 8.444927748548234974e-17 4.149497362542141108e-18
1.041378808593750000e+04 -5.520588932518187024e-18 2.561211117971668470e-18
1.042072753906250000e+04 3.565059435469638573e-17 3.545456164850805625e-18
1.042766699218750000e+04 -1.526760757403931577e-18 2.570797727680851785e-18
1.043460644531250000e+04 -9.193358119808254245e-18 1.945701681472744674e-18
1.044154589843750000e+04 3.858064675537152121e-17 3.598223670486788367e-18
1.044848535156250000e+04 1.629582368112539363e-17 2.727127625623014176e-18
1.045542480468750000e+04 3.806838041946233159e-17 2.919130514662138439e-18
1.046236523437500000e+04 3.548414576311601529e-17 2.960060652142181078e-18
1.046930468750000000e+04 4.003445390506103223e-18 3.158893364704002552e-18
1.047624414062500000e+04 3.244821093531164206e-17 3.163111779032869855e-18
1.048318359375000000e+04 2.032243798699880089e-17 2.463009683215444993e-18
1.049012304687500000e+04 4.998207087616147689e-17 3.451309776252470228e-18
1.049706250000000000e+04 2.762936439776557255e-17 2.684114647360563014e-18
1.050400195312500000e+04 -2.813812431505814988e-18 2.190308501181719317e-18
1.051094140625000000e+04 1.905653401243744818e-17 2.339586270811560871e-18
1.051788085937500000e+04 2.502575593070234551e-18 2.090476073052694407e-18
1.052482031250000000e+04 -2.253881053569175983e-18 1.897523787465512407e-18
1.053175976562500000e+04 -2.131411380411565503e-18 1.879136182833918016e-18
1.053869921875000000e+04 1.700736609840473315e-17 2.318005335425205518e-18
1.054563867187500000e+04 3.435857794255795905e-17 2.340715579142848893e-18
1.055257812500000000e+04 -5.612467605467208297e-18 1.775494174393780137e-18
1.055951855468750000e+04 1.757690145684341908e-17 1.724257676674056481e-18
1.056645800781250000e+04 -5.156796553478590559e-18 1.495533448509135953e-18
1.057339746093750000e+04 7.924786487771418026e-18 1.615780487360816448e-18
1.058033691406250000e+04 1.250818474935070001e-18 2.252010591409040449e-18
1.058727636718750000e+04 -1.899001338834685252e-18 1.372830613816362088e-18
1.059421582031250000e+04 1.075319824349848768e-17 1.271954283754295257e-18
1.060115527343750000e+04 1.460730237826273590e-18 8.921863587493090299e-19
1.060809472656250000e+04 7.892784524232966491e-18 1.071656530930065802e-18
1.061503417968750000e+04 5.611036996597797835e-18 1.078590579209944694e-18
1.062197363281250000e+04 4.186101552213684550e-19 6.619335525111787913e-19
1.062891308593750000e+04 7.238925546970012364e-18 9.440798446705529285e-19
1.063585253906250000e+04 1.018314672435756865e-17 1.244907442277766065e-18
1.064279199218750000e+04 1.102407507869122765e-17 1.279467048270231562e-18
1.064973144531250000e+04 -4.146145562076590884e-20 1.112311424061281420e-18
1.065667089843750000e+04 2.012708108737092723e-17 2.296867355256872310e-18
1.066361132812500000e+04 9.116393926893870338e-18 1.855689541575949309e-18
1.067055078125000000e+04 -7.612450533096907753e-18 2.700840032551232095e-18
1.067749023437500000e+04 1.154640075802967463e-17 2.035097778608341172e-18
1.068442968750000000e+04 1.177381173357459066e-17 2.301348606225378338e-18
1.069136914062500000e+04 2.821303958159523994e-17 2.782704443414380138e-18
1.069830859375000000e+04 2.371695395598368651e-17 3.198861077541339744e-18
1.070524804687500000e+04 5.590970835708180213e-18 2.464319730510575850e-18
1.071218750000000000e+04 2.695048734287595210e-17 2.865352401112769036e-18
1.071912695312500000e+04 1.358876262998230336e-17 3.282329184817074969e-18
1.072606640625000000e+04 1.842660619747626570e-17 2.677357615731770469e-18
1.073300585937500000e+04 4.128218224002275726e-17 2.846432298961843634e-18
1.073994531250000000e+04 -1.759694735180802915e-17 4.228773938858917004e-18
1.074688476562500000e+04 8.548136562501578833e-18 2.556334474670362096e-18
1.075382421875000000e+04 1.584069794795560148e-18 1.846761574429511343e-18
1.076076464843750000e+04 -5.323252589684473977e-18 2.203562209341503342e-18
1.076770410156250000e+04 -1.099602621130016703e-18 1.685197484366266530e-18
1.077464355468750000e+04 1.353617379535863207e-17 2.545292233878238591e-18
1.078158300781250000e+04 3.304056820685066602e-17 1.914011771820378769e-18
1.078852246093750000e+04 8.292215152783797601e-18 3.162178098916450625e-18
1.079546191406250000e+04 1.375042846326089219e-17 4.157894072940166892e-18
1.080240136718750000e+04 3.783130797436279620e-18 1.337254506248645490e-18
1.080934082031250000e+04 1.220659428442355985e-17 3.497630236194214671e-18
1.081628027343750000e+04 1.689773654310063018e-17 1.819737377022250790e-18
1.082321972656250000e+04 1.411719042069955402e-17 1.381224635877397075e-18
1.083015917968750000e+04 8.741400695179693325e-18 1.769744441955924042e-18
1.083709863281250000e+04 9.191080064401283207e-18 1.498230160703635392e-18
1.084403808593750000e+04 3.240998526484434154e-17 2.450670836813144617e-18
1.085097753906250000e+04 3.063470429625344695e-18 1.837009115007511146e-18
1.085791699218750000e+04 -2.761373316573015798e-18 8.782097981317302286e-19
1.086485742187500000e+04 5.853627563563674474e-18 1.885750112216738887e-18
1.087179687500000000e+04 1.034022914986200116e-17 1.607524914654807524e-18
1.087873632812500000e+04 1.909931744807991588e-17 1.917314083620843594e-18
1.088567578125000000e+04 -2.109179867473437193e-18 1.288568619947729094e-18
1.089261523437500000e+04 1.248873897392049716e-17 1.644000994728981816e-18
1.089955468750000000e+04 3.547783851094529845e-18 1.456046534402845209e-18
1.090649414062500000e+04 -2.726014860903977216e-18 1.602295065231941007e-18
1.091343359375000000e+04 1.232410273506223040e-17 2.480050224219496777e-18
1.092037304687500000e+04 5.342311244588002011e-18 1.149607550315225471e-18
1.092731250000000000e+04 1.561935868490197781e-17 2.236435400860126353e-18
1.093425195312500000e+04 3.771717607498456710e-17 2.629982086918714638e-18
1.094119140625000000e+04 1.626103081020018818e-17 2.756576909791127067e-18
1.094813085937500000e+04 -2.752409780660238052e-18 1.551219454141358914e-18
1.095507031250000000e+04 6.350150998054754866e-18 1.714124817567858461e-18
1.096201074218750000e+04 -7.275501819295882141e-18 2.068678209550697022e-18
1.096895019531250000e+04 2.978413349751925731e-17 2.273825825703901448e-18
1.097588964843750000e+04 4.797278216664055587e-18 1.678228797898236979e-18
1.098282910156250000e+04 -7.162208681058781812e-18 2.981842799212539956e-18
1.098976855468750000e+04 6.844548578371573977e-18 1.720171404448044524e-18
1.099670800781250000e+04 -8.906724114331838510e-19 1.395997874822441011e-18
1.100364746093750000e+04 -3.148432425087350688e-18 1.279461774993826536e-18
1.101058691406250000e+04 1.660485835797520477e-17 1.792291731092894470e-18
1.101752636718750000e+04 2.492550949867673781e-17 1.715587066095699076e-18
1.102446582031250000e+04 1.837236300162748835e-17 1.996732935002978610e-18
1.103140527343750000e+04 1.465280351580774657e-18 1.693437961026096361e-18
1.103834472656250000e+04 1.641304013700783297e-17 4.063287358330945734e-18
1.104528417968750000e+04 7.762791436609033086e-18 1.372714705133028095e-18
1.105222363281250000e+04 1.498644143920702869e-17 1.618622679945548651e-18
1.105916406250000000e+04 -7.329157303319440558e-19 1.506085274595592081e-18
1.106610351562500000e+04 -2.383534893744386077e-19 1.320878604866780063e-18
1.107304296875000000e+04 -1.072527099750686650e-19 1.175382704997530951e-18
1.107998242187500000e+04 6.441221515545311830e-18 1.529840661017196207e-18
1.108692187500000000e+04 1.481515053232077282e-17 1.752592851954637013e-18
1.109386132812500000e+04 3.947904813565324741e-19 1.609303559766949672e-18
1.110080078125000000e+04 1.054589685582534830e-17 6.436190189469458039e-18
1.110774023437500000e+04 1.384805397351562562e-17 6.686790759896991921e-18
1.111467968750000000e+04 1.130056283507527966e-19 1.713977372623670884e-18
1.112161914062500000e+04 8.952034793540808845e-18 1.623144772956799484e-18
1.112855859375000000e+04 1.146009190573527917e-17 2.226404595162002063e-18
1.113549804687500000e+04 2.736953538683409081e-17 2.415201125351717652e-18
1.114243750000000000e+04 9.537954118372332597e-18 3.010370190587962498e-18
1.114937695312500000e+04 1.410115469734460103e-18 2.994772872957662608e-18
1.115631640625000000e+04 1.611768702748964891e-17 3.483733188313017530e-18
1.116325683593750000e+04 -1.136364099195037104e-17 4.159880133590906711e-18
1.117019628906250000e+04 4.481908411656884575e-17 4.086697810437115247e-18
1.117713574218750000e+04 3.326631572218373791e-17 4.080163497188252604e-18
1.118407519531250000e+04 -2.018901168624246614e-18 3.214990892690970645e-18
1.119101464843750000e+04 -4.364474986299772576e-18 2.755347719400873268e-18
1.119795410156250000e+04 2.048696421083559809e-17 4.544740389241922515e-18
1.120489355468750000e+04 1.196960952046895508e-17 2.968801883265335198e-18
1.121183300781250000e+04 -3.456016227142743817e-18 3.541877781520901228e-18
1.121877246093750000e+04 1.489079619933874720e-17 2.771885954977952227e-18
1.122571191406250000e+04 -3.262461754069623212e-18 1.941207402409590936e-18
1.123265136718750000e+04 -2.843852943016750156e-18 1.823219807401099037e-18
1.123959082031250000e+04 3.887739366422185712e-18 1.975979593819482561e-18
1.124653027343750000e+04 -7.229310399529695970e-18 2.325952473160308731e-18
1.125346972656250000e+04 7.304748444213919541e-18 1.850237387363459165e-18
1.126041015625000000e+04 9.307461067865043988e-18 2.039683047538875743e-18
1.126734960937500000e+04 1.255705354596456720e-18 1.463321898082978795e-18
1.127428906250000000e+04 1.451662601233406045e-17 2.641169084318034923e-18
1.128122851562500000e+04 -6.017937479670289061e-18 2.939476882984258399e-18
1.128816796875000000e+04 -1.757309146294199983e-17 3.846032919937262057e-18
1.129510742187500000e+04 2.025106553502527545e-17 2.555845404133190118e-18
1.130204687500000000e+04 1.841699932184207483e-17 1.970920350397955105e-18
1.130898632812500000e+04 6.504615810510763318e-18 4.762690900121069565e-18
1.131592578125000000e+04 4.821996131125941730e-19 3.448578219074666992e-18
1.132286523437500000e+04 1.029114921539677982e-17 1.904756241151369804e-18
1.132980468750000000e+04 8.424387034141195681e-18 2.913919690393360641e-18
1.133674414062500000e+04 -2.363782958089962037e-18 5.954362859331301013e-18
1.134368359375000000e+04 1.442136623863122868e-17 3.018082409029100651e-18
1.135062304687500000e+04 7.250109028851729298e-18 2.566779284265069176e-18
1.135756250000000000e+04 1.319133377851385057e-17 1.992407814375091967e-18
1.136450292968750000e+04 9.355111634231773701e-18 1.355180027110552445e-18
1.137144238281250000e+04 -3.011436012807237074e-18 1.295270127077904017e-18
1.137838183593750000e+04 6.068133384179421009e-19 2.637478824810282728e-18
1.138532128906250000e+04 -3.246070963436731830e-18 9.801220685134431577e-19
1.139226074218750000e+04 1.263534929287000834e-18 1.362702510998686248e-18
1.139920019531250000e+04 3.461223122303611988e-18 1.787471956458701116e-18
1.140613964843750000e+04 6.862886345371262047e-18 1.692505625078172530e-18
1.141307910156250000e+04 -2.597477611158137139e-18 1.294877423082094467e-18
1.142001855468750000e+04 -8.872345040508062712e-18 4.037683223240285592e-18
1.142695800781250000e+04 -4.948575754554598497e-18 3.626409022678920232e-18
1.143389746093750000e+04 -1.698644953122192566e-20 1.745948316889151680e-18
1.144083691406250000e+04 3.521586792940791693e-17 3.075038343696745648e-18
1.144777636718750000e+04 1.110246367662042787e-18 4.641341849898315299e-18
1.145471582031250000e+04 2.410566266943460527e-17 2.132095458778146856e-18
1.146165625000000000e+04 6.058282800457256710e-18 1.601118090617854617e-18
1.146859570312500000e+04 1.095242800275433460e-17 2.262484352325186885e-18
1.147553515625000000e+04 7.529586060873183099e-18 2.244525434046048102e-18
1.148247460937500000e+04 7.618385657389552295e-19 1.669667064968006866e-18
1.148941406250000000e+04 7.396663926700199423e-18 1.456004968577064419e-18
1.149635351562500000e+04 2.056969467980008915e-18 1.458253142084406979e-18
1.150329296875000000e+04 -3.776333595848989969e-19 1.222904644779008668e-18
1.151023242187500000e+04 0.000000000000000000e+00 -1.809200517735003043e-19
1.151717187500000000e+04 2.454667070429480177e-17 2.208169812148576844e-18
1.152411132812500000e+04 5.802380829483870473e-18 3.905207766598080551e-18
1.153105078125000000e+04 -3.310746974761334235e-19 3.190028029370192238e-18
1.153799023437500000e+04 5.973402902671046604e-18 2.805640093848944213e-18
1.154492968750000000e+04 3.784301340721103410e-17 2.776899910260942404e-18
1.155186914062500000e+04 1.515278580603021745e-17 2.749352727911395200e-18
1.155880957031250000e+04 4.303073783020267608e-18 1.703567201217114461e-18
1.156574902343750000e+04 -2.293017036300591105e-18 1.936001334429335319e-18
1.157268847656250000e+04 1.065283807413865393e-17 2.649479147546895777e-18
1.157962792968750000e+04 1.264737898051836702e-17 1.916041466248430761e-18
1.158656738281250000e+04 4.610899948995138774e-18 2.042323614849298145e-18
1.159350683593750000e+04 2.225696528557656671e-17 2.078420122419887167e-18
1.160044628906250000e+04 2.089662044611880973e-17 2.691507987675561975e-18
1.160738574218750000e+04 1.027618717247692065e-17 2.030030263380688186e-18
1.161432519531250000e+04 2.249398396393628615e-17 2.757635494180041805e-18
1.162126464843750000e+04 -4.271867980821398363e-18 2.133180099356357014e-18
1.162820410156250000e+04 3.224408757555193142e-18 4.630653022022905075e-18
1.163514355468750000e+04 3.965394668738357674e-17 2.149581022951752170e-18
1.164208300781250000e+04 2.032023934093063494e-17 2.787293021067364921e-18
1.164902246093750000e+04 1.338098147755388323e-17 2.063477518244422999e-18
1.165596191406250000e+04 7.883192537849801582e-18 1.971712375834474629e-18
1.166290234375000000e+04 2.393991387265245469e-17 2.501477304011917268e-18
1.166984179687500000e+04 6.233103700607582620e-18 1.809433394926830863e-18
1.167678125000000000e+04 2.513576061241424127e-18 1.792799619989002029e-18
1.168372070312500000e+04 3.702768960155834152e-18 1.553085160012972268e-18
1.169066015625000000e+04 1.071525526200552716e-18 1.094769611606022501e-18
1.169759960937500000e+04 9.196669323800304015e-18 1.186167279028844188e-18
1.170453906250000000e+04 2.021298710270700937e-17 1.556314162931649581e-18
1.171147851562500000e+04 1.161392847451605360e-17 1.368655109481770973e-18
1.171841796875000000e+04 2.224709205778513377e-17 2.333785253175726488e-18
1.172535742187500000e+04 2.040078688025859856e-17 1.535466006170439640e-18
1.173229687500000000e+04 -2.237508047319454491e-19 9.745618638334382748e-19
1.173923632812500000e+04 -4.793768592722569660e-19 1.077168138749083194e-18
1.174617578125000000e+04 1.726798820752259131e-20 1.050059672316918802e-18
1.175311523437500000e+04 1.487189470875160424e-18 8.705710953675327255e-19
1.176005566406250000e+04 5.586715405046901162e-18 1.004861076080949402e-18
1.176699511718750000e+04 -4.166211373999387585e-18 1.321097600933953477e-18
1.177393457031250000e+04 -1.058187445618288283e-18 4.128901806060489548e-18
1.178087402343750000e+04 -1.739392910534668936e-18 1.522814485496594220e-18
1.178781347656250000e+04 4.224284829674591722e-18 9.905546771941150810e-19
1.179475292968750000e+04 1.773054198381901844e-18 1.273911910071478566e-18
1.180169238281250000e+04 1.098447380686525145e-17 1.638618530483099265e-18
1.180863183593750000e+04 -4.268592345595688373e-18 1.306249605541050061e-18
1.181557128906250000e+04 2.428605421742016955e-17 1.711234338314868475e-18
1.182251074218750000e+04 4.986886211034685697e-18 1.411264320207719689e-18
1.182945019531250000e+04 -1.169078844267325583e-17 2.051396752193239168e-18
1.183638964843750000e+04 3.376634598888173686e-18 2.118826861367336878e-18
1.184332910156250000e+04 7.234588639018396840e-18 1.562635477172779818e-18
1.185026855468750000e+04 3.054406763499417404e-17 2.150014672387883095e-18
1.185720800781250000e+04 1.012223066250732604e-17 1.931401589838081070e-18
1.186414843750000000e+04 -3.918111784153907782e-18 1.292338495589439518e-18
1.187108789062500000e+04 9.165677347789779727e-18 2.111822502735390978e-18
1.187802734375000000e+04 1.784586750482116156e-17 1.722297672212612082e-18
1.188496679687500000e+04 -1.351097208363597897e-17 3.094244857134767536e-18
1.189190625000000000e+04 8.829182756145045728e-18 1.594520394654555100e-18
1.189884570312500000e+04 -2.287186860548164227e-18 2.020110713474952279e-18
1.190578515625000000e+04 8.610662317823849642e-18 2.385691663794041528e-18
1.191272460937500000e+04 7.650629881449905298e-18 1.549213851348647529e-18
1.191966406250000000e+04 2.652947226342116229e-17 2.086949595306227712e-18
1.192660351562500000e+04 1.387733699438061536e-17 2.068442256280966271e-18
1.193354296875000000e+04 -7.237301791427570770e-18 1.695752825970326009e-18
1.194048242187500000e+04 -7.177839085913583823e-18 1.470840452863202971e-18
1.194742187500000000e+04 9.928016926486000668e-18 1.772654049760579317e-18
1.195436132812500000e+04 1.825800197321958207e-17 2.057323087691875335e-18
1.196130175781250000e+04 1.210631766030559396e-17 1.520433032513054054e-18
1.196824121093750000e+04 1.181024159493203855e-17 1.412697720811697517e-18
1.197518066406250000e+04 -5.222607043013309441e-18 3.300644204349917831e-18
1.198212011718750000e+04 7.780440162158464484e-18 1.784285036353687439e-18
1.198905957031250000e+04 1.320249575369964113e-17 2.113241737871378835e-18
1.199599902343750000e+04 3.270573293951471340e-18 1.174217414309596873e-18
1.200293847656250000e+04 -3.302876971618351591e-18 1.665066699991293203e-18
1.200987792968750000e+04 9.043429152241180320e-18 1.182327610022949602e-18
1.201681738281250000e+04 1.579477060559997286e-17 1.619124261589485493e-18
1.202375683593750000e+04 -2.480448635761532943e-17 7.058996392946865231e-18
1.203069628906250000e+04 7.355775561841090712e-18 1.310641934593706638e-18
1.203763574218750000e+04 1.744157305426851864e-17 1.963752830390183121e-18
1.204457519531250000e+04 1.178638818760784689e-17 1.557892733733130465e-18
1.205151464843750000e+04 6.274065270950902274e-18 1.126694130359623758e-18
1.205845507812500000e+04 1.621517026267902322e-17 1.564828539771811033e-18
1.206539453125000000e+04 1.227608159178107694e-17 1.592572487709569288e-18
1.207233398437500000e+04 1.094768081321889278e-17 1.342966912161360130e-18
1.207927343750000000e+04 4.895803285834940437e-18 1.058929323230171779e-18
1.208621289062500000e+04 2.112274763735304346e-18 1.073312029528514117e-18
1.209315234375000000e+04 9.394681473194472886e-18 1.212616792705533524e-18
1.210009179687500000e+04 9.110746764851970818e-18 1.160447338652426622e-18
1.210703125000000000e+04 -2.592972371951867074e-18 8.679237038170567604e-19
1.211397070312500000e+04 -2.056733307915125026e-18 1.307717747730755116e-18
1.212091015625000000e+04 1.242568382300619241e-18 1.356617460220016469e-18
1.212784960937500000e+04 6.563511897305151442e-18 8.171739501890322763e-19
1.213478906250000000e+04 -8.247282288319610861e-19 4.621940949016343449e-19
1.214172851562500000e+04 3.004561314736308861e-18 7.939516920119762342e-18
1.214866796875000000e+04 9.276662031732397694e-19 8.554752042848048241e-19
1.215560742187500000e+04 1.174374040958583789e-17 1.781651086488165460e-18
1.216254785156250000e+04 4.242067144892950435e-18 9.371436250415660840e-19
1.216948730468750000e+04 -2.579097037561749450e-18 1.527045721124956095e-18
1.217642675781250000e+04 1.066094775286412382e-18 1.619079800631560768e-18
1.218336621093750000e+04 1.616059619458522467e-17 1.533742471966608838e-18
1.219030566406250000e+04 1.342197654871201128e-17 1.812792575394408708e-18
1.219724511718750000e+04 -7.039976201941820913e-18 3.516534621913501566e-18
1.220418457031250000e+04 1.738505676609644558e-17 2.318286783628626685e-18
1.221112402343750000e+04 -6.751494895362421128e-18 1.284545833833730583e-18
1.221806347656250000e+04 2.921837173703503829e-17 1.956497629237480515e-18
1.222500292968750000e+04 6.908526035668875349e-18 1.685288164040917656e-18
1.223194238281250000e+04 -1.454848570080715287e-17 3.364136602936018108e-17
1.223888183593750000e+04 -6.485078218032567081e-18 2.176519400370460346e-18
1.224582128906250000e+04 -3.683307468293992793e-18 2.141265169458603445e-18
1.225276074218750000e+04 2.237354812110979043e-17 1.933575834078176703e-18
1.225970117187500000e+04 1.934806720188686236e-17 1.474748881257516026e-18
1.226664062500000000e+04 -2.956060613495027775e-18 1.991248727541752037e-18
1.227358007812500000e+04 2.095524108176921769e-17 1.775136418778850953e-18
1.228051953125000000e+04 9.549530511045012219e-18 2.474456622122260066e-18
1.228745898437500000e+04 7.533402672219502769e-18 9.126635250057889374e-19
1.229439843750000000e+04 3.566431810823925301e-18 6.398533619263594007e-19
1.230133789062500000e+04 4.679347903912982985e-18 1.197143552167116588e-18
1.230827734375000000e+04 3.181606917144096139e-18 1.715598853419427956e-18
1.231521679687500000e+04 2.026258319787446380e-18 5.734876274054642991e-19
1.232215625000000000e+04 -7.280910960116519528e-19 8.535465809878491555e-19
1.232909570312500000e+04 1.989075062328085191e-17 9.431004628252901437e-19
1.233603515625000000e+04 -1.990021605103029620e-18 5.818950394526649878e-19
1.234297460937500000e+04 9.681149008572612324e-18 1.128260396849492916e-18
1.234991406250000000e+04 -3.338664320434998919e-18 2.478208092995341185e-18
1.235685351562500000e+04 7.703965246576405693e-19 7.291549536769717155e-19
1.236379394531250000e+04 2.366808577975527874e-18 1.336961167323918872e-18
1.237073339843750000e+04 -7.140276814297550836e-19 1.014564938641962108e-18
1.237767285156250000e+04 1.277311870543255276e-17 2.552311481761210446e-18
1.238461230468750000e+04 -1.960925733851630010e-18 8.146450522613045324e-19
1.239155175781250000e+04 4.259841601895489893e-18 1.103389867564590740e-18
1.239849121093750000e+04 1.564393256653970316e-17 1.262618723361021787e-18
1.240543066406250000e+04 1.307576258486977921e-17 2.027440981268244072e-18
1.241237011718750000e+04 4.750913916149845833e-18 1.257802877834738060e-18
1.241930957031250000e+04 1.199221553942941677e-17 1.438127734383415247e-18
1.242624902343750000e+04 8.289023062799955467e-18 1.735214821260663593e-18
1.243318847656250000e+04 4.614076736137648677e-18 1.152712682937172967e-18
1.244012792968750000e+04 6.149498074555010454e-18 1.413208918430255288e-18
1.244706738281250000e+04 7.665682087056532743e-18 1.348706098046406174e-18
1.245400683593750000e+04 1.395840648467509994e-17 1.174698730028526166e-18
1.246094726562500000e+04 6.140995485038577882e-18 1.097152512155634635e-18
1.246788671875000000e+04 -1.741784496480712877e-18 8.865853120265593412e-19
1.247482617187500000e+04 1.095078604923841684e-17 1.584551524104795717e-18
1.248176562500000000e+04 -6.033062477170821172e-19 1.727158082094397103e-18
1.248870507812500000e+04 1.011180653242793278e-17 1.341311723755641521e-18
1.249564453125000000e+04 -1.996923393339018945e-18 8.592268819530390811e-19
1.250258398437500000e+04 3.209928754137299254e-18 1.234745528452552120e-18
1.250952343750000000e+04 -3.094706837506878402e-18 7.966498931315782690e-19
1.251646289062500000e+04 2.923027155732722614e-18 7.582380036288767538e-19
1.252340234375000000e+04 -4.715092342735354124e-19 7.978328131063173832e-19
1.253034179687500000e+04 1.665154443174769765e-17 3.298862250515325471e-18
1.253728125000000000e+04 3.705949469611100543e-18 1.099357465475971300e-18
1.254422070312500000e+04 1.228447416627603995e-17 1.216298160021700774e-18
1.255116015625000000e+04 2.032008052225302476e-17 2.082642672651817235e-18
1.255809960937500000e+04 8.768201347026411422e-18 1.607570306190921372e-18
1.256504003906250000e+04 1.029552003775351002e-17 1.677479992648723351e-18
1.257197949218750000e+04 -1.868104281799451424e-18 1.238823218679708840e-18
1.257891894531250000e+04 2.226147548786651209e-18 1.199808004317726460e-18
1.258585839843750000e+04 1.144707952751920749e-17 1.477669966193170475e-18
1.259279785156250000e+04 1.074522504957408904e-17 1.709401099282297827e-18
1.259973730468750000e+04 4.433061907560525695e-18 1.181701434299246960e-18
1.260667675781250000e+04 2.783977598454191130e-17 1.840245045563818591e-18
1.261361621093750000e+04 -4.874187402067704718e-18 1.379348693645703377e-18
1.262055566406250000e+04 1.817457253663748369e-17 1.646365490509964646e-18
1.262749511718750000e+04 -6.043744687601330972e-18 1.640820588671291994e-18
1.263443457031250000e+04 -5.604469182534126795e-18 1.631633713993124930e-18
1.264137402343750000e+04 6.587263147823692802e-19 1.326518735873472882e-18
1.264831347656250000e+04 1.979465539715934158e-17 3.835003293649479986e-18
1.265525292968750000e+04 2.672291010402791291e-17 2.157718205432589442e-18
1.266219335937500000e+04 2.496301386764989208e-17 2.258708272828882314e-18
1.266913281250000000e+04 1.485768746814069972e-17 4.141359146085538145e-18
1.267607226562500000e+04 3.521746014868950494e-19 2.985733650018836260e-18
1.268301171875000000e+04 1.539066144350454183e-17 1.778478435248718323e-18
1.268995117187500000e+04 -2.222761360872073507e-17 2.420393172620590496e-17
1.269689062500000000e+04 -7.081689679461951269e-19 1.383741022698359954e-18
1.270383007812500000e+04 0.000000000000000000e+00 -1.110843333570364650e-19
1.271076953125000000e+04 -1.867374088113720239e-18 1.134508609003988780e-18
1.271770898437500000e+04 -1.490476066243986742e-18 1.235234185399417822e-18
1.272464843750000000e+04 2.180322570031826029e-18 1.433756188243649065e-18
1.273158789062500000e+04 1.709365757990626499e-17 1.731161222668847481e-18
1.273852734375000000e+04 1.801977726552676031e-17 1.418319447049761032e-18
1.274546679687500000e+04 1.339962902369297241e-18 7.175109389892158832e-19
1.275240625000000000e+04 3.811685072181610136e-18 7.832283707050225494e-19
1.275934667968750000e+04 2.015630868713487591e-17 1.911041366240700847e-18
1.276628613281250000e+04 5.299307365312288932e-18 1.020003754567074834e-18
1.277322558593750000e+04 -9.686131944582631763e-18 2.312863787532729036e-18
1.278016503906250000e+04 1.073851744198689654e-17 1.065114876453266751e-18
1.278710449218750000e+04 2.239283135554962661e-17 1.233460193178221285e-18
1.279404394531250000e+04 1.780286734785820497e-17 2.113466524202840120e-18
1.280098339843750000e+04 1.699552914383909932e-17 1.028989831151544650e-18
1.280792285156250000e+04 -8.196839780590361542e-19 1.581282506323986152e-18
1.281486230468750000e+04 -1.413240971678991718e-18 1.335957590445738912e-18
1.282180175781250000e+04 7.829573863363501775e-18 1.329328048028856102e-18
1.282874121093750000e+04 -3.249491975655098015e-18 1.109497459014952589e-18
1.283568066406250000e+04 2.502156832885129580e-18 1.034812355483305412e-18
1.284262011718750000e+04 5.944011521145812425e-18 1.203890657628558497e-18
1.284955957031250000e+04 1.187065307660862382e-17 1.596113854707061938e-18
1.285649902343750000e+04 3.956187217942453354e-19 1.090290531986624425e-18
1.286343945312500000e+04 7.683119881549763119e-18 1.638382784008521652e-18
1.287037890625000000e+04 1.846595021613173790e-17 2.013500506404887896e-18
1.287731835937500000e+04 2.763673457702342002e-17 2.186424061025170299e-18
1.288425781250000000e+04 3.487705805922864701e-17 2.556327857225461671e-18
1.289119726562500000e+04 7.425624347126293475e-18 2.062972731275612514e-18
1.289813671875000000e+04 5.226319843192753705e-18 4.750651699895666523e-18
1.290507617187500000e+04 -3.721480612792396191e-18 8.059073883545420474e-19
1.291201562500000000e+04 1.806893826369201185e-17 1.721961423293609276e-18
1.291895507812500000e+04 2.130548258801397046e-17 1.831721362941765917e-18
1.292589453125000000e+04 1.350749875224386881e-17 1.660718831896561351e-18
1.293283398437500000e+04 1.754364383313511205e-17 1.507443608558980722e-18
1.293977343750000000e+04 7.336015044187811434e-18 1.595755685501826477e-18
1.294671289062500000e+04 4.721765725724702244e-18 1.238398875025469136e-18
1.295365234375000000e+04 3.666549202673974729e-18 1.231155771389225119e-18
1.296059277343750000e+04 6.062861245147737718e-18 1.161840724394272197e-18
1.296753222656250000e+04 -5.797533964684616008e-18 1.680142376847801840e-18
1.297447167968750000e+04 4.735774029398287768e-18 1.292191464235558217e-18
1.298141113281250000e+04 1.744469814262274398e-17 2.630917421396358974e-18
1.298835058593750000e+04 -6.305658193676446337e-18 1.910927008521015391e-18
1.299529003906250000e+04 2.634375367229075651e-17 1.533839045303124404e-18
1.300222949218750000e+04 1.309695991524706309e-17 3.224995848994952653e-18
1.300916894531250000e+04 5.980348738274654378e-18 2.209302429202315077e-18
1.301610839843750000e+04 6.328281997020077920e-18 2.336628479736224383e-18
1.302304785156250000e+04 1.001674445489150118e-17 2.904680496541449599e-18
1.302998730468750000e+04 1.238884947032920609e-17 2.367363616166550956e-18
1.303692675781250000e+04 3.382038114880645712e-17 2.093542017993122204e-18
1.304386621093750000e+04 -7.145877654225147387e-18 2.637104939173408760e-18
1.305080566406250000e+04 5.673656223329287136e-18 2.422514229147298970e-18
1.305774511718750000e+04 7.297136728217206580e-18 2.029933690044172620e-18
1.306468554687500000e+04 6.885650355828721369e-18 1.767696963144702160e-18
1.307162500000000000e+04 5.309419896454933461e-17 2.457390024928912861e-18
1.307856445312500000e+04 -1.264683469567530713e-18 1.242227790683400532e-18
1.308550390625000000e+04 1.169328735530377852e-17 1.367487337251999237e-18
1.309244335937500000e+04 6.680016977860795177e-18 1.422146501551314183e-18
1.309938281250000000e+04 1.792072528230567918e-18 1.078483459320619077e-18
1.310632226562500000e+04 6.222329259538773158e-18 1.039931879691972669e-18
1.311326171875000000e+04 3.835972542532238996e-19 6.336887467125196774e-19
1.312020117187500000e+04 6.035453856321711975e-18 1.018817163978367516e-18
1.312714062500000000e+04 2.136815480600345144e-19 1.781697822192774707e-18
1.313408007812500000e+04 7.468405921612382928e-19 1.327318826320964798e-18
1.314101953125000000e+04 -7.202903950943647676e-20 5.181437643541085838e-19
1.314795898437500000e+04 2.459627010818470641e-17 1.268615886199607806e-18
1.315489843750000000e+04 1.116793915800706277e-17 1.074693007561171397e-18
1.316183886718750000e+04 -9.473355241639850763e-19 4.950053512718924481e-19
1.316877832031250000e+04 -3.728715961610397524e-18 7.165339869870024729e-19
1.317571777343750000e+04 -1.603379085424691749e-18 1.042351382983690275e-18
1.318265722656250000e+04 9.369761002880087821e-18 1.049227425223113887e-18
1.318959667968750000e+04 9.258207425471186509e-18 1.000061670769340166e-18
1.319653613281250000e+04 -1.680042391391259493e-18 1.072079013427927260e-18
1.320347558593750000e+04 4.216157780156258225e-18 9.619597672011928982e-19
1.321041503906250000e+04 -2.025679913744118676e-18 1.183694319190040342e-18
1.321735449218750000e+04 8.855470556011980947e-18 2.296388004091897831e-18
1.322429394531250000e+04 1.608426127932184048e-18 1.084260075128383146e-18
1.323123339843750000e+04 -7.047080029042426314e-18 1.900438771944149276e-18
1.323817285156250000e+04 1.560518101599797206e-18 1.487516517409848578e-18
1.324511230468750000e+04 -3.190959641535080085e-18 1.926484207891606459e-18
1.325205175781250000e+04 1.358183664671339685e-17 1.649836650552966857e-18
1.325899218750000000e+04 1.728487030466524798e-17 1.827618547103502900e-18
1.326593164062500000e+04 -1.060978745915833161e-17 2.208415277995351955e-18
1.327287109375000000e+04 1.278220528446144777e-17 2.147140426554414462e-18
1.327981054687500000e+04 1.379523352832043949e-17 1.608323247343497765e-18
1.328675000000000000e+04 1.078665935363748275e-17 1.695691201014690808e-18
1.329368945312500000e+04 -4.140713531617440507e-18 2.509875048385708743e-18
1.330062890625000000e+04 1.937171794996097853e-17 2.562684326642625413e-18
1.330756835937500000e+04 9.770812905431522865e-18 1.948638172647307922e-18
1.331450781250000000e+04 1.334149187511060169e-17 2.635028509040747522e-18
1.332144726562500000e+04 2.364534493035497090e-17 2.300168219491265167e-18
1.332838671875000000e+04 3.268744149462932830e-17 2.891531840319459809e-18
1.333532617187500000e+04 1.851790005373221198e-18 1.638192325672481318e-18
1.334226562500000000e+04 6.018218721078557091e-18 1.472907680611549556e-18
1.334920507812500000e+04 6.634998500203209199e-18 1.741897406634326365e-18
1.335614453125000000e+04 1.693780413799693314e-18 1.450628087800316601e-18
1.336308496093750000e+04 7.483383060578421186e-18 2.399320291566465212e-18
1.337002441406250000e+04 1.634586479946240160e-17 2.049116835629889885e-18
1.337696386718750000e+04 1.260145225854819782e-17 1.835096466636135408e-18
1.338390332031250000e+04 3.872548608062955635e-18 1.506350799572221603e-18
1.339084277343750000e+04 2.912662086349065646e-17 2.140416482150124038e-18
1.339778222656250000e+04 1.361979761938468040e-17 1.825547080054516980e-18
1.340472167968750000e+04 -1.823071824789513300e-17 5.624340128799181903e-18
1.341166113281250000e+04 5.013636301466461490e-19 1.511977592291537005e-18
1.341860058593750000e+04 -1.574718621368224739e-18 1.319456888188954546e-18
1.342554003906250000e+04 2.117658055161799450e-18 1.768548752380478640e-18
1.343247949218750000e+04 -6.112402539599610513e-19 1.817746766878141929e-18
1.343941894531250000e+04 3.710148651990725988e-18 1.750181413673891799e-18
1.344635839843750000e+04 4.818099179862627847e-18 2.125223655839362579e-18
1.345329785156250000e+04 1.717881416960737409e-17 2.562173129024067642e-18
1.346023828125000000e+04 2.128370044094361158e-18 2.615446455604626559e-18
1.346717773437500000e+04 -1.295504219191256524e-17 3.470441223049902928e-18
1.347411718750000000e+04 -3.885453452799395420e-19 2.314582255255307951e-18
1.348105664062500000e+04 2.062689670069996868e-17 3.342853990237580004e-18
1.348799609375000000e+04 6.255779699047866300e-17 4.507104498551372309e-18
1.349493554687500000e+04 2.226121285802202651e-18 6.732928412923362146e-18
1.350187500000000000e+04 -1.497317677090412834e-17 5.481875225489480223e-18
1.350881445312500000e+04 6.674074346904091716e-17 9.554912148110282217e-18
1.351575390625000000e+04 1.183626370438622174e-16 9.615425373002211510e-18
1.352269335937500000e+04 -3.652046244994082495e-18 8.136834237799386670e-18
1.352963281250000000e+04 8.293424656275472638e-17 1.465403891005259452e-17
1.353657226562500000e+04 1.409891899358499271e-16 1.990315998683037243e-17
1.354351171875000000e+04 3.809494615201508463e-17 2.365476320880949968e-17
1.355045117187500000e+04 -2.348151353823271824e-17 2.021198952288827042e-17
1.355739062500000000e+04 3.998173189435873991e-17 2.562176230951364715e-17
1.356433105468750000e+04 1.111620364290330119e-16 2.392884785041772029e-17
1.357127050781250000e+04 -2.180630405296787638e-17 2.938038333180967429e-17
1.357820996093750000e+04 -4.788177327410563411e-17 3.241999415025623318e-17
1.358514941406250000e+04 -2.470634799538081312e-17 3.851357895130572172e-17
1.359208886718750000e+04 4.789726206563956704e-16 1.514352634625329885e-16
1.359902832031250000e+04 4.504318454986620205e-16 9.359440766685631226e-17
1.360596777343750000e+04 7.866364805601941314e-16 9.732071736006479303e-17
1.361290722656250000e+04 4.105822805225770034e-16 6.359659025605745642e-17
1.361984667968750000e+04 1.377574548396093518e-16 3.553097080323141708e-17
1.362678613281250000e+04 4.120208601043700257e-16 9.147935978011742389e-17
1.363372558593750000e+04 3.337103877296642134e-16 8.687701287865608342e-17
1.364066503906250000e+04 7.750667781243088380e-17 3.499549047061153930e-17
1.364760449218750000e+04 5.436248521927484003e-17 2.445658577250410173e-17
1.365454394531250000e+04 -3.417462290049351633e-17 2.664909912360858115e-17
1.366148437500000000e+04 5.630740984728015239e-16 4.841442861949752079e-16
1.366842382812500000e+04 6.477098317327761867e-15 2.207329082317590198e-16
1.367536328125000000e+04 3.006427402765365214e-15 1.344134349382983783e-16
1.368230273437500000e+04 1.986531759877170449e-15 3.199048094806031858e-16
1.368924218750000000e+04 9.033152161049147998e-16 9.221622550466946179e-17
1.369618164062500000e+04 -3.070632870744155604e-16 2.395821838699151813e-16
1.370312109375000000e+04 3.996172537319128736e-16 1.524071014206092897e-16
1.371006054687500000e+04 2.506485369768946068e-16 3.404382248459173117e-17
1.371700000000000000e+04 -5.610304197293137108e-17 2.977134859397163771e-17
1.372393945312500000e+04 -3.125906932159521032e-17 1.118207567467559402e-17
1.373087890625000000e+04 9.516769195704237005e-17 1.273132623216392359e-17
1.373781835937500000e+04 -6.787588921391172491e-18 7.225899106683527284e-18
1.374475781250000000e+04 6.215910255267300408e-17 1.322276333306841541e-17
1.375169726562500000e+04 -1.781741745483301272e-17 9.326688054023226564e-18
1.375863769531250000e+04 3.155133208434489627e-17 1.028962306716661948e-17
1.376557714843750000e+04 -4.309414536005792842e-18 5.933613860846020867e-18
1.377251660156250000e+04 7.092657515357975628e-17 1.226396256862656253e-17
1.377945605468750000e+04 1.464636929141300284e-17 1.251623776620421001e-17
1.378639550781250000e+04 7.406976883705265551e-17 1.386466624175752808e-17
1.379333496093750000e+04 5.127724711823985614e-17 2.487983589397400983e-17
1.380027441406250000e+04 3.724412339406631134e-16 5.193793612582066062e-17
1.380721386718750000e+04 -7.210023194622919534e-17 7.805126705795619553e-17
1.381415332031250000e+04 1.475747387518541037e-15 1.320506894714917109e-16
1.382109277343750000e+04 -1.309097625613197700e-16 8.922840942745852329e-17
1.382803222656250000e+04 -1.190359488275905811e-16 8.111577270411815034e-17
1.383497167968750000e+04 1.382340829260073067e-16 8.542382859596782483e-17
1.384191113281250000e+04 -2.694276313031593193e-17 4.972535371869441965e-17
1.384885058593750000e+04 -3.875831274323872326e-19 2.751917401400615863e-17
1.385579003906250000e+04 4.480256035665248647e-17 1.952188431836385517e-17
1.386273046875000000e+04 3.259114112771590481e-16 2.352651878100050337e-17
1.386966992187500000e+04 1.654221861716452416e-16 1.885899335599243453e-17
1.387660937500000000e+04 -8.045443187821465407e-18 7.707041944864796679e-18
1.388354882812500000e+04 8.459791853283567861e-17 8.242030932200817965e-18
1.389048828125000000e+04 2.537374378336819755e-17 6.928186878058341987e-18
1.389742773437500000e+04 -9.418102265058299311e-18 5.447721765177778263e-18
1.390436718750000000e+04 -5.459636061130685797e-19 1.509083163251122078e-17
1.391130664062500000e+04 1.759049368866889043e-17 8.844119156465915749e-18
1.391824609375000000e+04 1.313573003599354601e-16 1.311827056936826674e-17
1.392518554687500000e+04 4.150593790444080146e-17 1.454828717746014014e-17
1.393212500000000000e+04 1.634981210534550464e-17 1.985343319712613462e-17
1.393906445312500000e+04 3.552860639016849550e-16 5.114293945654084614e-17
1.394600390625000000e+04 -2.082986035324087997e-17 2.819828267946729392e-17
1.395294335937500000e+04 2.275010323525659007e-16 1.613556570924937005e-17
1.395988378906250000e+04 -2.798114115122722373e-17 1.210429768524973947e-17
1.396682324218750000e+04 -2.738146002254465526e-17 1.036997870059247080e-17
1.397376269531250000e+04 -3.690473747530845949e-18 5.732403417613415715e-18
1.398070214843750000e+04 2.993089188179841548e-17 7.738951264174642275e-18
1.398764160156250000e+04 8.424993357530197050e-17 1.589522672791086275e-17
1.399458105468750000e+04 2.159498719972915959e-16 3.047524620802976214e-17
1.400152050781250000e+04 1.362610652591662234e-16 1.622210534493466781e-17
1.400845996093750000e+04 3.203573566850084970e-17 7.213699847009595232e-18
1.401539941406250000e+04 -1.554706123820846495e-18 5.697996012853659976e-18
1.402233886718750000e+04 1.390992741420683711e-16 1.151450715515146754e-17
1.402927832031250000e+04 -1.570659149794059501e-17 1.212346097850075546e-17
1.403621777343750000e+04 -8.782324794241264327e-17 1.941137464288799578e-17
1.404315722656250000e+04 4.834974574257383420e-17 8.952363184243992397e-18
1.405009667968750000e+04 8.803474809887510181e-17 1.024452848889267862e-17
1.405703613281250000e+04 -1.013773285436718233e-17 6.116378176418693502e-18
1.406397656250000000e+04 1.856228367026966351e-17 5.400945942308823378e-18
1.407091601562500000e+04 4.440330012730784128e-17 6.229281712587281356e-18
1.407785546875000000e+04 -1.923742186879054427e-17 5.684514209639964454e-18
1.408479492187500000e+04 2.605351646806605979e-19 6.694254410564057890e-18
1.409173437500000000e+04 1.141423350888370685e-16 7.437505969445005165e-18
1.409867382812500000e+04 -5.939889680153460688e-18 5.227712815344293004e-18
1.410561328125000000e+04 -9.000480280476202017e-18 6.328909827105005668e-18
1.411255273437500000e+04 1.491057905086856541e-17 3.706516088330699367e-18
1.411949218750000000e+04 5.186580266768358639e-17 6.104855964076136103e-18
1.412643164062500000e+04 5.769299560682159748e-17 7.003318038735308385e-18
1.413337109375000000e+04 1.298542933345919075e-16 9.841325089567993156e-18
1.414031054687500000e+04 -2.531002068410925623e-18 4.082867964200994728e-18
1.414725000000000000e+04 2.909036719160368236e-17 6.553516246783060655e-18
1.415418945312500000e+04 1.242093270436284096e-18 5.198715998971246619e-18
1.416112988281250000e+04 2.187694031419622963e-17 4.966049944994781206e-18
1.416806933593750000e+04 5.908700007976536227e-17 4.867855748068917568e-18
1.417500878906250000e+04 3.383419134272333619e-18 6.130329818220319144e-18
1.418194824218750000e+04 3.491211397358864432e-17 1.958390301197063097e-17
1.418888769531250000e+04 -1.267335079739130698e-17 8.556771500916019889e-18
1.419582714843750000e+04 2.051588079068922683e-17 6.984926504995804368e-18
1.420276660156250000e+04 4.431412923009401235e-18 3.482906834881077055e-18
1.420970605468750000e+04 -1.574078052701863675e-17 1.264497271211645026e-17
1.421664550781250000e+04 2.616953123731361272e-17 4.269764460523676013e-18
1.422358496093750000e+04 6.039476022050251072e-18 2.724965789092106838e-18
1.423052441406250000e+04 2.162984864392714569e-18 4.760258989120163663e-18
1.423746386718750000e+04 4.193794786859764612e-17 3.407582527531079526e-18
1.424440332031250000e+04 9.661094014621264168e-18 2.776709038334595793e-18
1.425134277343750000e+04 8.423508568330664365e-18 3.565267140521450638e-18
1.425828320312500000e+04 1.905731321657447313e-17 3.396165367126316361e-18
1.426522265625000000e+04 2.007429372940024322e-17 3.373991963626219901e-18
1.427216210937500000e+04 3.091822127838660973e-17 3.503512317530079251e-18
1.427910156250000000e+04 8.624909676694462990e-18 2.276248017332609851e-18
1.428604101562500000e+04 1.767995988936140080e-17 2.101173379529383299e-18
1.429298046875000000e+04 1.132695222306119405e-18 1.436129576216216840e-18
1.429991992187500000e+04 -1.209001496440793948e-18 2.072535766337338067e-18
1.430685937500000000e+04 7.357315565346511311e-19 2.744844179982674923e-18
1.431379882812500000e+04 -2.555372050027656648e-18 2.664925091125098463e-18
1.432073828125000000e+04 -8.611649661282508249e-19 1.809382936909465128e-18
1.432767773437500000e+04 1.497352749548385082e-17 2.102022894018475259e-18
1.433461718750000000e+04 1.376695305035786402e-18 1.565801821160056239e-18
1.434155664062500000e+04 3.980822579779206703e-17 1.203130974953989796e-17
1.434849609375000000e+04 -1.309879687659239023e-18 9.280482572186626991e-19
1.435543554687500000e+04 6.433926609723206679e-18 1.406124219881315175e-18
1.436237597656250000e+04 1.628842703208794446e-17 2.544830046710974587e-18
1.436931542968750000e+04 1.573635511074147805e-17 2.489622771858266690e-18
1.437625488281250000e+04 1.589730295124837085e-17 2.638124232483227228e-18
1.438319433593750000e+04 2.795154462891007640e-17 4.380041284657101727e-18
1.439013378906250000e+04 1.360563525332200688e-18 2.235443818100828411e-18
1.439707324218750000e+04 3.291012844169595398e-17 3.595359971206129785e-18
1.440401269531250000e+04 -6.985476580103152131e-18 2.974655013279760422e-18
1.441095214843750000e+04 -4.237506174392909609e-19 2.652857146373409204e-18
1.441789160156250000e+04 1.414689447649633325e-17 2.378647600492693083e-18
1.442483105468750000e+04 -3.664691768608486906e-18 1.971145963910028944e-18
1.443177050781250000e+04 -1.228174364307400241e-17 3.857737525604887398e-18
1.443870996093750000e+04 5.658704106576778608e-18 2.618428441712880224e-18
1.444564941406250000e+04 2.060128884329655204e-18 2.126932610984897134e-18
1.445258886718750000e+04 7.848826492120673494e-18 3.211973958201836615e-18
1.445952929687500000e+04 5.455406273068395890e-18 2.137175174919834999e-18
1.446646875000000000e+04 1.181512320131702024e-18 1.281264201548579583e-18
1.447340820312500000e+04 1.761204174362589680e-17 1.701795793935332153e-18
1.448034765625000000e+04 1.685805007167156101e-17 1.816463189362612768e-18
1.448728710937500000e+04 -5.393331331179966481e-18 1.988281217094218050e-18
1.449422656250000000e+04 4.467668662847906714e-18 2.951084088134755622e-18
1.450116601562500000e+04 -8.087167832279865229e-18 3.121621640278128817e-18
1.450810546875000000e+04 2.236096670399285888e-17 2.951879422293725358e-18
1.451504492187500000e+04 3.421230263175653184e-17 2.248871027394095432e-18
1.452198437500000000e+04 3.142262608975409537e-17 1.995307909602702882e-18
1.452892382812500000e+04 2.548761346649224734e-17 2.154558995878096291e-18
1.453586328125000000e+04 8.316286108609090706e-18 1.026413370338595107e-18
1.454280273437500000e+04 1.945954591945032762e-18 1.037209007910601241e-18
1.454974218750000000e+04 7.465320744722713273e-18 1.407612938188757487e-18
1.455668164062500000e+04 2.730383408514022893e-17 1.615293691570328991e-18
1.456362207031250000e+04 -1.363022940088473977e-18 2.052620565909511372e-18
1.457056152343750000e+04 5.647879621080909688e-18 1.496769876729749591e-18
1.457750097656250000e+04 5.552948238081261467e-19 1.512004475661444978e-18
1.458444042968750000e+04 1.241896132616797396e-17 1.680843826007246807e-18
1.459137988281250000e+04 -5.477678938241998713e-18 1.776643335059769431e-18
1.459831933593750000e+04 2.067998349805239689e-17 1.979254195069426859e-18
1.460525878906250000e+04 4.954569670709280246e-17 2.869091671071814998e-18
1.461219824218750000e+04 8.844046364572011082e-18 1.746272158098966190e-18
1.461913769531250000e+04 1.487596485095567142e-17 2.666890679055677595e-18
1.462607714843750000e+04 2.103018612680835966e-18 1.107381531008041945e-18
1.463301660156250000e+04 1.403255330042312823e-17 1.296420528514812140e-18
1.463995605468750000e+04 -2.470808548825748076e-18 1.330053175233335400e-18
1.464689550781250000e+04 3.859013865290056720e-18 1.705926940709575111e-18
1.465383496093750000e+04 1.234826798947735455e-17 1.562637441726734632e-18
1.466077539062500000e+04 -1.580495547368718515e-19 9.913901296127936389e-19
1.466771484375000000e+04 8.820104733265611814e-20 8.199245842197125161e-19
1.467465429687500000e+04 1.163970673112565615e-17 1.492555081316062208e-18
1.468159375000000000e+04 9.420088325709039131e-18 1.364134464036592108e-18
1.468853320312500000e+04 2.878039283757801098e-17 2.581149272661493511e-18
1.469547265625000000e+04 5.118084418093047608e-17 2.731351830216169350e-18
1.470241210937500000e+04 2.784378284742911817e-17 4.127319823138981883e-18
1.470935156250000000e+04 -3.578543389352926732e-18 2.897379593659903438e-18
1.471629101562500000e+04 -8.492977677714705288e-19 2.917846730351456140e-18
1.472323046875000000e+04 2.738011171814619382e-17 2.184096374781446080e-18
1.473016992187500000e+04 -3.774504958008576648e-18 1.066774924545084109e-18
1.473710937500000000e+04 5.682729257275651589e-19 1.029152889129794166e-18
1.474404882812500000e+04 -6.605183498806771301e-19 1.032738200097328695e-18
1.475098828125000000e+04 -1.864908262707699664e-18 1.296524856669570391e-18
1.475792871093750000e+04 1.279231839463052108e-17 1.360562594754011565e-18
1.476486816406250000e+04 -1.956840495601383745e-18 1.322486540580006579e-18
1.477180761718750000e+04 -3.703311590637668938e-18 1.859287570445401841e-18
1.477874707031250000e+04 1.017469376567788926e-17 1.702658750109378099e-18
1.478568652343750000e+04 6.178248184310362899e-19 2.209300154455630556e-18
1.479262597656250000e+04 2.444212996411912502e-17 2.168361124784002972e-18
1.479956542968750000e+04 5.032849080797623467e-17 2.255825548394135013e-18
1.480650488281250000e+04 3.486812450861307431e-17 2.688923668646793178e-18
1.481344433593750000e+04 4.266529108993797356e-17 2.270901121853067080e-18
1.482038378906250000e+04 2.090953273548076249e-17 2.684227764309329640e-18
1.482732324218750000e+04 2.818899840427199874e-17 1.932785669798035423e-18
1.483426269531250000e+04 1.664658961987850502e-17 1.487975706047392077e-18
1.484120214843750000e+04 6.065681931036543542e-18 1.607894250798312451e-18
1.484814160156250000e+04 -7.658028805234038992e-19 2.739528096980949752e-18
1.485508105468750000e+04 9.391718719035461079e-19 1.077435007894208115e-18
1.486202148437500000e+04 9.259590471455375171e-18 3.225865215818745885e-18
1.486896093750000000e+04 3.669235058122934410e-18 9.981793178878991827e-19
1.487590039062500000e+04 -3.768368105044045735e-18 1.035962756920213535e-18
1.488283984375000000e+04 1.342920362572388708e-17 8.832029705018300111e-19
1.488977929687500000e+04 4.431182966799111493e-18 1.211726229378543621e-18
1.489671875000000000e+04 7.841918706825243160e-18 1.939672982373305070e-18
1.490365820312500000e+04 2.888293428221314706e-18 1.543327323916990477e-18
1.491059765625000000e+04 7.829991589572841054e-18 1.252036911977360611e-18
1.491753710937500000e+04 1.628251682661125308e-18 9.440071561742248311e-19
1.492447656250000000e+04 3.218011177261585515e-17 2.010552641496902044e-18
1.493141601562500000e+04 3.948510919819415315e-17 2.119966923046588088e-18
1.493835546875000000e+04 9.751060659584369117e-18 2.049477072786656729e-18
1.494529492187500000e+04 4.606530780999633682e-18 1.474328983699068796e-18
1.495223437500000000e+04 -4.164906496583085184e-18 1.285880799944814600e-18
1.495917480468750000e+04 7.496716384872163439e-18 9.626083801990110410e-19
1.496611425781250000e+04 -3.356414582404621201e-18 9.167956023582210180e-19
1.497305371093750000e+04 -2.440207829244961370e-18 8.645158230909148555e-19
1.497999316406250000e+04 4.084892488750218264e-18 9.208823915721158203e-19
1.498693261718750000e+04 4.822206545194259906e-18 8.093076176600178368e-19
1.499387207031250000e+04 8.721796514662186569e-19 6.251426785151397874e-19
1.500081152343750000e+04 -1.285325865151368088e-18 2.556325996069083427e-18
1.500775097656250000e+04 -1.640554960297085903e-18 7.301738850952721919e-19
1.501469042968750000e+04 5.837150125761618162e-18 8.276083683272941593e-19
1.502162988281250000e+04 2.516989628834277334e-18 6.883543216615819100e-19
1.502856933593750000e+04 1.320160322581869641e-17 1.002099533605941119e-18
1.503550878906250000e+04 -4.293377571879921018e-19 5.687612724817011527e-19
1.504244824218750000e+04 -1.136273192045717526e-18 5.481661295903558696e-19
1.504938769531250000e+04 2.360323647409234648e-17 1.341166139967832189e-18
1.505632714843750000e+04 1.872237620602317648e-17 9.472718312568184931e-19
1.506326757812500000e+04 4.676251849598258258e-17 1.079267316348589640e-18
1.507020703125000000e+04 7.198382943606950818e-18 1.485718123360581726e-18
1.507714648437500000e+04 -2.209567126998332046e-18 8.321449369992646705e-19
1.508408593750000000e+04 3.784428230227069044e-18 7.423943929711891999e-19
1.509102539062500000e+04 3.754185266261211523e-18 8.570251339575760597e-19
1.509796484375000000e+04 4.380628582892014377e-19 4.933106236328938050e-18
1.510490429687500000e+04 -1.723444764927069993e-18 8.683183723668211237e-19
1.511184375000000000e+04 1.075555570824426380e-17 1.332326474351784258e-18
1.511878320312500000e+04 1.137877426125702868e-17 1.211134174855108791e-18
1.512572265625000000e+04 3.521073775524886305e-18 9.993406794679236336e-19
1.513266210937500000e+04 -2.044885806796681149e-18 1.024590574461257942e-18
1.513960156250000000e+04 4.511192425138609371e-18 1.083675051640155017e-18
1.514654101562500000e+04 4.505283046842530542e-18 1.012602039048373773e-18
1.515348046875000000e+04 -1.758696410899512666e-18 9.487191905336331533e-19
1.516042089843750000e+04 -1.301544809012001578e-18 1.110726649405206389e-18
1.516736035156250000e+04 4.387442896778226219e-18 1.026351021599923923e-18
1.517429980468750000e+04 9.481066426105223225e-18 1.387049641750995495e-18
1.518123925781250000e+04 1.759342852548222857e-17 1.292250090661472913e-18
1.518817871093750000e+04 1.627597382796595863e-18 8.986587368498067641e-19
1.519511816406250000e+04 -3.575937356833078419e-18 1.096764047460464420e-18
1.520205761718750000e+04 -1.412844028382542834e-18 9.961288405469567962e-19
1.520899707031250000e+04 6.947597498312511335e-18 7.918482647720727971e-19
1.521593652343750000e+04 4.639097385779032156e-20 2.782478545558970734e-20
1.522287597656250000e+04 -3.294195090704148151e-20 2.323160984162186614e-20
1.522981542968750000e+04 6.665949530773412112e-18 9.638563889482004215e-19
1.523675488281250000e+04 4.965030134697079892e-20 1.812505395087836489e-20
1.524369433593750000e+04 2.131409209062457551e-19 3.118088984526462116e-20
1.525063378906250000e+04 2.031018563266930059e-19 2.869138639420971524e-20
1.525757324218750000e+04 3.853493261881877813e-18 4.115178569505505112e-19
1.526451367187500000e+04 4.112657995082691183e-19 4.959890628906740651e-20
1.527145312500000000e+04 -1.046792670788852335e-19 4.008810639055487014e-20
1.527839257812500000e+04 -4.257257890327483440e-20 9.853326989117648884e-20
1.528533203125000000e+04 1.839536358574013784e-17 1.724507071628741219e-18
1.529227148437500000e+04 -1.101814005779615967e-17 5.460782947049990570e-18
1.529921093750000000e+04 -2.915383593282426362e-18 2.350580328333003162e-18
1.530615039062500000e+04 -2.340389256391196723e-18 1.708997641938525088e-18
1.531308984375000000e+04 6.031456919601855746e-18 1.530717369068925847e-18
1.532002929687500000e+04 4.854763133333428246e-18 5.529389617247868393e-19
1.532696875000000000e+04 0.000000000000000000e+00 -8.612329241854508846e-20
1.533390820312500000e+04 -4.789756702128202120e-20 8.827992675888129202e-20
1.534084765625000000e+04 1.079331236730424675e-17 3.337118113074984172e-18
1.534778710937500000e+04 -1.052476900861951887e-18 8.927847205249145763e-19
1.535472656250000000e+04 1.098011642619347524e-18 1.869225912860679188e-19
1.536166699218750000e+04 1.406289888648373061e-19 1.740438673624089101e-19
1.536860644531250000e+04 6.019335931893386524e-19 3.154730629970117725e-19
1.537554589843750000e+04 2.134331948359337105e-18 4.667620447380935866e-19
1.538248535156250000e+04 1.022163729941603928e-18 2.922443062822683608e-19
1.538942480468750000e+04 5.564843508880080281e-18 1.218179065337069790e-18
1.539636425781250000e+04 1.573269400935031835e-17 1.061181322447847397e-18
1.540330371093750000e+04 5.706825752302357270e-18 7.065862612416514775e-19
1.541024316406250000e+04 3.102793355175196801e-18 5.340900488053292822e-19
1.541718261718750000e+04 9.683627241687821195e-18 7.444815764518136270e-19
1.542412207031250000e+04 6.685021834157047271e-18 8.270120745032199955e-19
1.543106152343750000e+04 1.590504370742064209e-17 7.300330058971967544e-19
1.543800097656250000e+04 4.557352825631824804e-18 1.016967381333545808e-18
1.544494042968750000e+04 1.906641882075745686e-17 1.332321304472955802e-18
1.545187988281250000e+04 5.089012411002320153e-18 1.046652515373812881e-18
1.545882031250000000e+04 -5.510288982928253293e-19 1.691876140632019676e-18
1.546575976562500000e+04 2.292107137626782774e-18 4.957632555081441597e-19
1.547269921875000000e+04 2.183857319584418255e-18 5.286175769690433048e-19
1.547963867187500000e+04 1.659857633481317080e-18 4.065596329613310941e-19
1.548657812500000000e+04 2.698773528585921494e-18 5.421535605128610497e-19
1.549351757812500000e+04 -1.454867802029957145e-18 1.476125206399227695e-18
1.550045703125000000e+04 5.008643542686667984e-18 1.552225926151682811e-18
1.550739648437500000e+04 -2.943576493497647773e-19 3.794843571512453923e-19
1.551433593750000000e+04 8.937606902501505798e-19 4.433188672989399447e-19
1.552127539062500000e+04 1.808465469533051937e-17 1.034773374596938851e-18
1.552821484375000000e+04 6.374855160638957314e-18 4.489606526668578699e-19
1.553515429687500000e+04 -8.584832465823539092e-19 2.586507179982940894e-19
1.554209375000000000e+04 -1.625381598580113582e-19 2.370076148190265472e-19
1.554903320312500000e+04 2.156787420448314147e-18 2.869951215125834163e-19
1.555597265625000000e+04 1.118374740669356369e-17 1.001211348423212306e-18
1.556291308593750000e+04 3.537456087556499018e-18 5.151228490582766422e-19
1.556985253906250000e+04 5.781277745997629347e-20 1.000961953468527568e-19
1.557679199218750000e+04 3.963353186986576801e-20 7.728521007788837299e-20
1.558373144531250000e+04 -1.708000915149792832e-19 1.927325011134872469e-19
1.559067089843750000e+04 9.034666207626946683e-19 1.323193521509797995e-19
1.559761035156250000e+04 9.667549332121627996e-20 5.639941659880726985e-20
1.560454980468750000e+04 7.532129641256783659e-18 1.244551858011944833e-18
1.561148925781250000e+04 9.014289233622162261e-18 1.350710149875469022e-18
1.561842871093750000e+04 1.990982763125422096e-19 7.874727765996999169e-20
1.562536816406250000e+04 2.069638333597323807e-19 9.131243550798604718e-20
1.563230761718750000e+04 5.770143119470841326e-19 1.192016635031724638e-19
1.563924707031250000e+04 6.878323189962726650e-19 1.007843966917998047e-19
1.564618652343750000e+04 -2.928936740823954582e-18 1.276938150342503818e-18
1.565312597656250000e+04 6.561582291731218366e-19 1.145743117589742579e-19
1.566006640625000000e+04 1.274469016214033030e-18 1.582244905117297457e-19
1.566700585937500000e+04 1.439379796317606137e-17 1.010297100271494762e-18
1.567394531250000000e+04 1.756090102114264457e-21 1.614284582921802582e-19
1.568088476562500000e+04 1.073338189115386107e-18 2.950178170267645203e-19
1.568782421875000000e+04 2.306727037965774693e-19 9.995590551496376329e-19
1.569476367187500000e+04 8.580354420179906708e-18 9.567718971944134468e-19
1.570170312500000000e+04 1.382400886708447480e-18 1.605240965585972046e-18
1.570864257812500000e+04 -2.003824483641366428e-19 8.618946428260991645e-19
1.571558203125000000e+04 -1.428039116515291743e-20 1.142108434279396291e-18
1.572252148437500000e+04 -2.212008964166588584e-18 9.441396084698098847e-19
1.572946093750000000e+04 1.286583241720994631e-17 1.109924594403759659e-18
1.573640039062500000e+04 8.082135265433092609e-18 1.244030113840577010e-18
1.574333984375000000e+04 -6.548516456968060448e-19 6.777691498566822377e-19
1.575027929687500000e+04 3.562680133155691044e-18 5.611226214162919340e-19
1.575721875000000000e+04 -7.409641976920850151e-19 4.445604136995937547e-19
1.576415917968750000e+04 0.000000000000000000e+00 -9.190925924464012778e-20
1.577109863281250000e+04 3.190739869986082402e-19 1.001105779497535225e-18
1.577803808593750000e+04 3.832417940644945498e-18 1.051441270735035496e-18
1.578497753906250000e+04 2.722047082300713480e-18 1.210163064815971537e-18
1.579191699218750000e+04 2.022492828202982488e-17 1.405494011652126337e-18
1.579885644531250000e+04 2.048388379023445061e-17 2.244696453637693440e-18
1.580579589843750000e+04 -5.698653518043063063e-19 1.567442637302631739e-18
1.581273535156250000e+04 8.930303104487815702e-18 1.397954053573552352e-18
1.581967480468750000e+04 1.481337871144868424e-17 1.160468535155623293e-18
1.582661425781250000e+04 3.971617713922716611e-17 1.821422137134868169e-18
1.583355371093750000e+04 6.416901578355640263e-18 1.877711777819101703e-18
1.584049316406250000e+04 1.781523038929342252e-17 1.363051167626877349e-18
1.584743261718750000e+04 5.789341981488197098e-18 1.276265859299651345e-18
1.585437207031250000e+04 3.154740132207404428e-17 1.987902988759128178e-18
1.586131250000000000e+04 1.194666766617979685e-17 1.218501252185659194e-18
1.586825195312500000e+04 1.607627505730279413e-17 1.694566855767078106e-18
1.587519140625000000e+04 1.257247860323230292e-17 1.286929871756684977e-18
1.588213085937500000e+04 -4.581037488111055646e-18 1.279361169151824774e-18
1.588907031250000000e+04 5.561546366958443913e-18 1.265563176148980858e-18
1.589600976562500000e+04 9.703193371897150511e-18 9.657294360477501835e-19
1.590294921875000000e+04 5.859755731131773579e-19 8.445743079798513180e-19
1.590988867187500000e+04 -1.843319262310371918e-18 9.564236541565286222e-19
1.591682812500000000e+04 1.397029472443871205e-17 1.647875715513333336e-18
1.592376757812500000e+04 3.000804880779552424e-18 7.354498498372885407e-19
1.593070703125000000e+04 1.153303351933081771e-17 1.005476291661535716e-18
1.593764648437500000e+04 1.072760444816548445e-17 1.262146816821560284e-18
1.594458593750000000e+04 5.968728918619815721e-18 1.022204985574655010e-18
1.595152539062500000e+04 -5.189457159579787442e-19 5.278372871574643769e-19
1.595846582031250000e+04 -7.362430126471503251e-19 5.856795975502482277e-19
1.596540527343750000e+04 3.263431416542688499e-18 1.910902399897791938e-18
1.597234472656250000e+04 -1.840084572524983303e-18 7.894035841704606083e-19
1.597928417968750000e+04 1.185818829195806225e-17 1.365234821046440773e-18
1.598622363281250000e+04 -2.745138449485590662e-18 1.108114723223493635e-18
1.599316308593750000e+04 8.938650184049088304e-18 1.434321152602022783e-18
1.600010253906250000e+04 -4.233026474388052119e-18 1.376908821031401653e-18
1.600704199218750000e+04 1.111486807708627307e-17 1.536997220881851864e-18
1.601398144531250000e+04 3.265703102658942879e-17 1.786961792815909036e-18
1.602092089843750000e+04 1.888482620652246559e-17 1.426196377830373807e-18
1.602786035156250000e+04 -1.989058146484558481e-18 1.103580429298207644e-18
1.603479980468750000e+04 9.977184542096152633e-18 1.951845565472482287e-18
1.604173925781250000e+04 7.914031485447003560e-18 2.270729481875962327e-18
1.604867871093750000e+04 1.436404923962620429e-17 1.368793248644067329e-18
1.605561816406250000e+04 1.069725850021336407e-17 9.184477922342191216e-19
1.606255859375000000e+04 3.510506543199521377e-18 8.692158633314411587e-19
1.606949804687500000e+04 8.654363587904127350e-20 4.161966489890918585e-19
1.607643750000000000e+04 7.394198928474791401e-18 1.391646491210105809e-18
1.608337695312500000e+04 1.985620259781696215e-17 1.608476585949549782e-18
1.609031640625000000e+04 1.551154396386181619e-17 1.092445544277478200e-18
1.609725585937500000e+04 1.416563446006887523e-18 1.437536507040592970e-18
1.610419531250000000e+04 2.697244898813923498e-17 4.044103385564615916e-18
1.611113476562500000e+04 1.373035940723913063e-17 1.520121185422121562e-18
1.611807421875000000e+04 3.670722494300427264e-17 1.769233037542213132e-18
1.612501367187500000e+04 1.678539383538735327e-17 1.602490383254080090e-18
1.613195312500000000e+04 9.565674595060209660e-18 9.574843064969747419e-19
1.613889257812500000e+04 1.561670343513568259e-17 6.915034292728442571e-18
1.614583203125000000e+04 2.018567401247081467e-18 2.158401249823405104e-18
1.615277148437500000e+04 -1.366751430850162607e-19 1.383702972390182515e-18
1.615971191406250000e+04 -4.943115987695533451e-20 1.063721490711421176e-18
1.616665136718750000e+04 4.139054620898965410e-18 1.357259042182627911e-18
1.617359082031250000e+04 7.881294158343992383e-18 1.214689293730285135e-18
1.618053027343750000e+04 1.140962809810525661e-17 1.055820675090620932e-18
1.618746972656250000e+04 -6.591393260622170069e-18 3.352849020374211376e-18
1.619440917968750000e+04 1.929111747107381151e-17 1.622944491850985082e-18
1.620134863281250000e+04 6.161507496278361586e-18 1.328064012655298507e-18
1.620828808593750000e+04 8.412731852515170382e-19 1.260844317549518973e-18
1.621522753906250000e+04 2.025374890893239747e-17 1.303465005406466862e-17
1.622216699218750000e+04 -8.826079174486746768e-18 1.986427712136639853e-18
1.622910644531250000e+04 1.097023554698137618e-17 1.378345840550559400e-18
1.623604589843750000e+04 1.115736448105618487e-17 1.166227986965676886e-18
1.624298535156250000e+04 2.982219373186404722e-18 9.902955628672328451e-19
1.624992480468750000e+04 2.999371169982844889e-18 6.040204664772333721e-19
1.625686425781250000e+04 1.968131097372426296e-18 6.120169248563600597e-19
1.626380468750000000e+04 1.661983048215877943e-19 1.010959465146996599e-18
1.627074414062500000e+04 -2.981763183078581727e-18 1.027094967163338802e-18
1.627768359375000000e+04 1.325361820389240904e-18 5.881288793440177426e-19
1.628462304687500000e+04 2.999238821084836404e-18 5.316579310092702426e-19
1.629156250000000000e+04 -2.041467689710458900e-18 8.964257627862198658e-19
1.629850195312500000e+04 1.916323948427617620e-18 6.506089329374449968e-19
1.630544140625000000e+04 1.016037940517765912e-17 7.334079027964131073e-19
1.631238085937500000e+04 8.581801986251874506e-18 8.908034161626969367e-19
1.631932031250000000e+04 2.816012731935206041e-18 6.394001186494686261e-19
1.632625976562500000e+04 7.293586469028128986e-18 1.118658587696553940e-18
1.633319921875000000e+04 4.306038398335657660e-18 1.311520297006661384e-18
1.634013867187500000e+04 -5.296308835591784206e-18 3.423454469124747021e-18
1.634707812500000000e+04 4.668775294913636462e-18 7.567725497761624961e-19
1.635401757812500000e+04 3.147048965512855749e-18 4.858458252527279189e-19
1.636095800781250000e+04 2.363167328919069446e-17 1.369669646503067262e-18
1.636789746093750000e+04 1.277276301776915496e-17 8.019757989030775068e-19
1.637483691406250000e+04 4.833553808837262340e-18 5.317758042465590491e-19
1.638177636718750000e+04 7.588622768371705238e-18 6.679746593198066907e-19
1.638871484375000000e+04 2.994685812198191402e-18 5.124587587991847629e-19
1.639565429687500000e+04 1.646491594194348355e-17 1.849650502718852792e-18
1.640259375000000000e+04 4.968058753112366234e-18 7.802927067110718541e-19
1.640953515625000000e+04 -1.847642444233697890e-19 8.753866953245721009e-20
1.641647460937500000e+04 -8.107630807218961024e-20 5.920947192427208070e-20
1.642341406250000000e+04 -1.325639261936570018e-19 3.483909933545465384e-20
1.643035351562500000e+04 2.752297242737900213e-17 2.072538868264635140e-18
1.643729296875000000e+04 -3.208395135432231798e-20 1.461184825271659763e-20
1.644423242187500000e+04 -2.156751308844697379e-20 9.765992387627247920e-21
1.645117187500000000e+04 -1.518536229820287534e-20 6.875037344226330459e-21
