9.349013671875000000e+03 4.501733628068955301e-15 2.855326227626075043e-17
9.355963867187500000e+03 4.301012230558103749e-15 2.785168407664022469e-17
9.362913085937500000e+03 3.949430029976525036e-15 2.525900390623974197e-17
9.369863281250000000e+03 3.798214320100898322e-15 2.322147111470319783e-17
9.376813476562500000e+03 3.964524157096596668e-15 2.402845859414258099e-17
9.383762695312500000e+03 4.287508407796502066e-15 2.422637313622446860e-17
9.390712890625000000e+03 4.376121606606457951e-15 2.492147285728747903e-17
9.397663085937500000e+03 4.275219230281263050e-15 2.474146677546736447e-17
9.404612304687500000e+03 4.290711462886544203e-15 2.527499992492529242e-17
9.411562500000000000e+03 4.194066697670723043e-15 2.543349600209657806e-17
9.418511718750000000e+03 4.173177594642011115e-15 2.595215975286325279e-17
9.425461914062500000e+03 3.822286149428918284e-15 2.433881179688880165e-17
9.432412109375000000e+03 3.819913610143658989e-15 2.446434141792739892e-17
9.439361328125000000e+03 3.852329137518607435e-15 2.474415180373571159e-17
9.446311523437500000e+03 3.735084531025561691e-15 2.385708000611139450e-17
9.453261718750000000e+03 3.643850188760327374e-15 2.341617785036960480e-17
9.460210937500000000e+03 3.621708324002626336e-15 2.314834669419228507e-17
9.467161132812500000e+03 3.492183010323814119e-15 2.226643319486784866e-17
9.474111328125000000e+03 3.687116208189603409e-15 2.322734740577477453e-17
9.481060546875000000e+03 3.596534081293754903e-15 2.316214737553211979e-17
9.488010742187500000e+03 3.306981373989029485e-15 2.125115336538148760e-17
9.494959960937500000e+03 3.439615722100738612e-15 2.156977010244711301e-17
9.501910156250000000e+03 3.690881693156622401e-15 2.308604345045479103e-17
9.508860351562500000e+03 3.389306623715043071e-15 2.195001014078671388e-17
9.515809570312500000e+03 3.339682774983676258e-15 2.149492845498454017e-17
9.522759765625000000e+03 3.580800867814979901e-15 2.217194435349591631e-17
9.529709960937500000e+03 3.554888435892576345e-15 2.322426367645117685e-17
9.536659179687500000e+03 3.661252057145193348e-15 2.386366270942609150e-17
9.543609375000000000e+03 3.483998130954495814e-15 2.202080687505390241e-17
9.550558593750000000e+03 3.279383134743353058e-15 2.111514005725939326e-17
9.557508789062500000e+03 3.317335716494502866e-15 2.068235088896552365e-17
9.564458984375000000e+03 3.446064607444659228e-15 2.104557251338245853e-17
9.571408203125000000e+03 3.470562494345148102e-15 2.143521924964801243e-17
9.578358398437500000e+03 3.212702583553126399e-15 2.037392336268532643e-17
9.585308593750000000e+03 3.215333044370824629e-15 1.988962400328655468e-17
9.592257812500000000e+03 3.169798035434091138e-15 1.938152996638708254e-17
9.599208007812500000e+03 3.252311114716158365e-15 1.973329017623648267e-17
9.606158203125000000e+03 3.213409220789373300e-15 1.974467383582643743e-17
9.613107421875000000e+03 3.206080691729729093e-15 1.954831108457369930e-17
9.620057617187500000e+03 3.216715613898980461e-15 1.926341519235941061e-17
9.627006835937500000e+03 3.226662957073298151e-15 1.959827444793312728e-17
9.633957031250000000e+03 3.161645343316768497e-15 1.874766146298769743e-17
9.640907226562500000e+03 3.293055728819695160e-15 1.917378355554438964e-17
9.647856445312500000e+03 3.153055793956899451e-15 1.836880116190983502e-17
9.654806640625000000e+03 3.069574979532594186e-15 1.781414181960730273e-17
9.661756835937500000e+03 3.116066076908540969e-15 1.756189143744803184e-17
9.668706054687500000e+03 3.118116108399133189e-15 1.731680443939347016e-17
9.675656250000000000e+03 3.175868085292352268e-15 1.739361146799146899e-17
9.682605468750000000e+03 3.152402943312803199e-15 1.729682141015541412e-17
9.689555664062500000e+03 3.117194113036046883e-15 1.701313981908035328e-17
9.696505859375000000e+03 3.139497125811963052e-15 1.711314099205433901e-17
9.703455078125000000e+03 3.092572982841732508e-15 1.688936382094036843e-17
9.710405273437500000e+03 3.122273346104257295e-15 1.705047213448609652e-17
9.717355468750000000e+03 3.120747204491541860e-15 1.731618074521160518e-17
9.724304687500000000e+03 3.064723810085431994e-15 1.714822668491638823e-17
9.731254882812500000e+03 2.988966453832428254e-15 1.692108785179300215e-17
9.738205078125000000e+03 2.995630062028477834e-15 1.682840060979521029e-17
9.745154296875000000e+03 2.871463502290469948e-15 1.635608544311110681e-17
9.752104492187500000e+03 2.861319647472389260e-15 1.607069158816806120e-17
9.759053710937500000e+03 2.911476491685815841e-15 1.612795730197510730e-17
9.766003906250000000e+03 2.933143382718344030e-15 1.634510544766007792e-17
9.772954101562500000e+03 2.881735259083586034e-15 2.072254359492947527e-17
9.779903320312500000e+03 2.821246306979551498e-15 1.594637626826869177e-17
9.786853515625000000e+03 2.786939355033384198e-15 1.561688376050921915e-17
9.793803710937500000e+03 2.775633794528144238e-15 1.536079029722402689e-17
9.800752929687500000e+03 2.807157396209633907e-15 1.538707478836851190e-17
9.807703125000000000e+03 2.790826389228334183e-15 1.545387624027706931e-17
9.814653320312500000e+03 2.754841465013656114e-15 1.523338297619493425e-17
9.821602539062500000e+03 2.771133508479382140e-15 1.514774827609976951e-17
9.828552734375000000e+03 2.791070758233617048e-15 1.525506172568872400e-17
9.835501953125000000e+03 2.728199949481903419e-15 1.506412693361555883e-17
9.842452148437500000e+03 2.741398840382493554e-15 1.504287004623417113e-17
9.849402343750000000e+03 2.701886023942501325e-15 1.488819223477043027e-17
9.856351562500000000e+03 2.745627440613423835e-15 1.501225774612480868e-17
9.863301757812500000e+03 2.680408233015447658e-15 1.491407471613721451e-17
9.870251953125000000e+03 2.667548155293759243e-15 1.472769934360044163e-17
9.877201171875000000e+03 2.626663992512162302e-15 1.450626805670367144e-17
9.884151367187500000e+03 2.624141951911712622e-15 1.452553474753125656e-17
9.891100585937500000e+03 2.581105478411142504e-15 1.437726262273112635e-17
9.898050781250000000e+03 2.578013596395427494e-15 1.422302487135326370e-17
9.905000976562500000e+03 2.577397379926299990e-15 1.432369109753974207e-17
9.911950195312500000e+03 2.604391472922347288e-15 1.457869268241636433e-17
9.918900390625000000e+03 2.590285197977010984e-15 1.435285252285468650e-17
9.925850585937500000e+03 2.561138370745516882e-15 1.427635651416700761e-17
9.932799804687500000e+03 2.590845086755146076e-15 1.441074358520482270e-17
9.939750000000000000e+03 2.572968244645107254e-15 1.420563918923862417e-17
9.946700195312500000e+03 2.536884641092074059e-15 1.412904557323866402e-17
9.953649414062500000e+03 2.571730517750931908e-15 1.423492800036790177e-17
9.960599609375000000e+03 2.580957671161846628e-15 1.421331873404556648e-17
9.967548828125000000e+03 2.532338403505923416e-15 1.407447646822854078e-17
9.974499023437500000e+03 2.569206147809877279e-15 1.447792884891760471e-17
9.981449218750000000e+03 2.592449367157245721e-15 1.425146168645161169e-17
9.988398437500000000e+03 2.607265243954144315e-15 1.425726683999050884e-17
9.995348632812500000e+03 2.595481109833705675e-15 1.423793397471391947e-17
1.000229882812500000e+04 2.602726629664518961e-15 1.425094718011060371e-17
1.000924804687500000e+04 2.599320498425372605e-15 1.437241368998034050e-17
1.001619824218750000e+04 2.599965302256469941e-15 1.425429064414654304e-17
1.002314746093750000e+04 2.652992317611667719e-15 1.450376500817008598e-17
1.003009765625000000e+04 2.688560289858059858e-15 1.470114022849258902e-17
1.003704785156250000e+04 2.664249597238914184e-15 1.462054967577277264e-17
1.004399707031250000e+04 2.635789501969406506e-15 1.435549619209240598e-17
1.005094726562500000e+04 2.538940390055060246e-15 1.386676810769402532e-17
1.005789746093750000e+04 2.515094930282193997e-15 1.373477407016832614e-17
1.006484667968750000e+04 2.430753530383478363e-15 1.339575078739101754e-17
1.007179687500000000e+04 2.435807140705034332e-15 1.340466448567188896e-17
1.007874707031250000e+04 2.461836674932395795e-15 1.346533156615775312e-17
1.008569628906250000e+04 2.518193800319723855e-15 1.378125665751013098e-17
1.009264648437500000e+04 2.443973808865986669e-15 1.351566633361221741e-17
1.009959570312500000e+04 2.449551944340129864e-15 1.380481641571686631e-17
1.010654589843750000e+04 2.411757545991879796e-15 1.337930230091040058e-17
1.011349609375000000e+04 2.461754724494748942e-15 1.347024253745448044e-17
1.012044531250000000e+04 2.457023621967860047e-15 1.335401208086220431e-17
1.012739550781250000e+04 2.480665793833385264e-15 1.356905505188822747e-17
1.013434570312500000e+04 2.442079419679452426e-15 1.353762963323672540e-17
1.014129492187500000e+04 2.410433209978847698e-15 1.331482026343944186e-17
1.014824511718750000e+04 2.429327126900302121e-15 1.320960206234208419e-17
1.015519433593750000e+04 2.354141306128458219e-15 1.299699679258125480e-17
1.016214453125000000e+04 2.327831192237318769e-15 1.275355422958444855e-17
1.016909472656250000e+04 2.295715302767461531e-15 1.283144651914611695e-17
1.017604394531250000e+04 2.298694741159428533e-15 1.268431011332702205e-17
1.018299414062500000e+04 2.314853588694198820e-15 1.277806607267623242e-17
1.018994433593750000e+04 2.226085382854895399e-15 1.251336414075620079e-17
1.019689355468750000e+04 2.294665405429339826e-15 1.311811505941310678e-17
1.020384375000000000e+04 2.228417476316923301e-15 1.250693115713237590e-17
1.021079394531250000e+04 2.185940256319777834e-15 1.244696138990289395e-17
1.021774316406250000e+04 2.162971475647319786e-15 1.230078782231681077e-17
1.022469335937500000e+04 2.115838327297354243e-15 1.218732263051229941e-17
1.023164257812500000e+04 2.097349715641161003e-15 1.208838107590299411e-17
1.023859277343750000e+04 2.104195647679107072e-15 1.214070438555003587e-17
1.024554296875000000e+04 2.088154749482241945e-15 1.225165660265361113e-17
1.025249218750000000e+04 2.106235726532569054e-15 1.207291114408702738e-17
1.025944238281250000e+04 2.081054072285409146e-15 1.229378325688971173e-17
1.026639257812500000e+04 2.057625352722592012e-15 1.188042952426838806e-17
1.027334179687500000e+04 2.098989359668808515e-15 1.203134945420930051e-17
1.028029199218750000e+04 2.050930616065730835e-15 1.193835284666241382e-17
1.028724121093750000e+04 2.094534813399198149e-15 1.202709195559649007e-17
1.029419140625000000e+04 1.997511636214191130e-15 1.182891933316348592e-17
1.030114160156250000e+04 1.939769823716339103e-15 1.144959994684565657e-17
1.030809082031250000e+04 1.985545601768329629e-15 1.160709265393391538e-17
1.031504101562500000e+04 1.997893436315166006e-15 1.175737234608071179e-17
1.032199121093750000e+04 1.980272609913434796e-15 1.162257416627845784e-17
1.032894042968750000e+04 1.971727741541533414e-15 1.154341794474080841e-17
1.033589062500000000e+04 1.900036355193587129e-15 1.140228107990456062e-17
1.034284082031250000e+04 1.907636993587536779e-15 1.130457119722734678e-17
1.034979003906250000e+04 1.906143462743290634e-15 1.154578947155699794e-17
1.035674023437500000e+04 1.882759424168441165e-15 1.140927654634492158e-17
1.036368945312500000e+04 1.824268834545216336e-15 1.113633754988508690e-17
1.037063964843750000e+04 1.827089877776046783e-15 1.108013062726210867e-17
1.037758984375000000e+04 1.809165178304488093e-15 1.115585487643827559e-17
1.038453906250000000e+04 1.808868928531185902e-15 1.091500966056488584e-17
1.039148925781250000e+04 1.811115048149067493e-15 1.098046115371375671e-17
1.039843945312500000e+04 1.821081237806461590e-15 1.097669748192664043e-17
1.040538867187500000e+04 1.852351364878485410e-15 1.109742614668997993e-17
1.041233886718750000e+04 1.850714473707916474e-15 1.111343374590410612e-17
1.041928808593750000e+04 1.838337204766163011e-15 1.108163113289327987e-17
1.042623828125000000e+04 1.843850118703367624e-15 1.110909104768820273e-17
1.043318847656250000e+04 1.885787778713112102e-15 1.130525113969086537e-17
1.044013769531250000e+04 1.901654188122842842e-15 1.131796573288641796e-17
1.044708789062500000e+04 1.881763948697180548e-15 1.137478476916268543e-17
1.045403808593750000e+04 1.887810705149392185e-15 1.117773214927907807e-17
1.046098730468750000e+04 1.874825054793273320e-15 1.111505584708532261e-17
1.046793750000000000e+04 1.904137900482429265e-15 1.112595808755877151e-17
1.047488769531250000e+04 1.939011093953836064e-15 1.108508792067313897e-17
1.048183691406250000e+04 2.178959646043218332e-15 1.275434418706943669e-17
1.048878710937500000e+04 1.973135510299870062e-15 1.131905430257253774e-17
1.049573632812500000e+04 2.018613979787374328e-15 1.145018476353873156e-17
1.050268652343750000e+04 2.043622415796820732e-15 1.335904299334775183e-17
1.050963671875000000e+04 2.072118298208349904e-15 1.169938367641829434e-17
1.051658593750000000e+04 2.056874458014851074e-15 1.161830674149829678e-17
1.052353613281250000e+04 2.031231594327911200e-15 1.149448524842462151e-17
1.053048632812500000e+04 2.049946363781021338e-15 1.171860652667341415e-17
1.053743554687500000e+04 2.046765331547607814e-15 1.149320973592006474e-17
1.054438574218750000e+04 1.951349822896489457e-15 1.145890159283381536e-17
1.055133496093750000e+04 1.945324454026195991e-15 1.132731700971132993e-17
1.055828515625000000e+04 2.042351866375939282e-15 1.150234263706326272e-17
1.056523535156250000e+04 2.041825223640983920e-15 1.157287963661810960e-17
1.057218457031250000e+04 1.989978336939548197e-15 1.140565845834561463e-17
1.057913476562500000e+04 2.013770221878500612e-15 1.137756657756270126e-17
1.058608496093750000e+04 2.015164438109681190e-15 1.130697663844865098e-17
1.059303417968750000e+04 2.009172103524330642e-15 1.127767541961018508e-17
1.059998437500000000e+04 2.019525175480383142e-15 1.135087676791806527e-17
1.060693457031250000e+04 2.011728025442670494e-15 1.123948449072861180e-17
1.061388378906250000e+04 2.001762471059986837e-15 1.141661446555887948e-17
1.062083398437500000e+04 1.992370146224357527e-15 1.118037664569741010e-17
1.062778320312500000e+04 1.997341382591793016e-15 1.121109399774456678e-17
1.063473339843750000e+04 1.978562450392928364e-15 1.113290805906544205e-17
1.064168359375000000e+04 2.006971511927363970e-15 1.126312283109353967e-17
1.064863281250000000e+04 2.004739368353112075e-15 1.122009537717036883e-17
1.065558300781250000e+04 1.963204896026260644e-15 1.106255303924535684e-17
1.066253320312500000e+04 2.035824418726160830e-15 1.137676007646546206e-17
1.066948242187500000e+04 2.021312838515563343e-15 1.143202484037074239e-17
1.067643261718750000e+04 2.025856323244635410e-15 1.142550086687953666e-17
1.068338183593750000e+04 1.973968990719968293e-15 1.107517167948985327e-17
1.069033203125000000e+04 1.958974813487672668e-15 1.097244825511995553e-17
1.069728222656250000e+04 1.867717601332862486e-15 1.069830488368824365e-17
1.070423144531250000e+04 1.862240898054152993e-15 1.065264699541715418e-17
1.071118164062500000e+04 1.908972341028883184e-15 1.082557654709687760e-17
1.071813183593750000e+04 1.918042158069845418e-15 1.082069535430220218e-17
1.072508105468750000e+04 1.904417421355023184e-15 1.081057149078516567e-17
1.073203125000000000e+04 1.875014154898747842e-15 1.071431579162482006e-17
1.073898144531250000e+04 1.812952050853425257e-15 1.048256790812828850e-17
1.074593066406250000e+04 1.839653705724433007e-15 1.166312669580887003e-17
1.075288085937500000e+04 1.769996680757554737e-15 1.035200489306230606e-17
1.075983007812500000e+04 1.760703776414109401e-15 1.025723894618516845e-17
1.076678027343750000e+04 1.786809649485842158e-15 1.031869350261418309e-17
1.077373046875000000e+04 1.764198634354480644e-15 1.026621551019259390e-17
1.078067968750000000e+04 1.715281740496715952e-15 1.026149396325614122e-17
1.078762988281250000e+04 1.716109821081775438e-15 1.028789756840883387e-17
1.079458007812500000e+04 1.707542823974127037e-15 1.013571453367255294e-17
1.080152929687500000e+04 1.660905719293897295e-15 9.961238154247355366e-18
1.080847949218750000e+04 1.671440585696254248e-15 1.003217137331561515e-17
1.081542968750000000e+04 1.644868526866176406e-15 9.942167505224945313e-18
1.082237890625000000e+04 1.640967410748478319e-15 9.823445580627659463e-18
1.082932910156250000e+04 1.593470249989430241e-15 9.620930259978751909e-18
1.083627832031250000e+04 1.538710205224150165e-15 9.677664096651926418e-18
1.084322851562500000e+04 1.545823270277836559e-15 9.594858354251693030e-18
1.085017871093750000e+04 1.524974401314119210e-15 9.580755751988276461e-18
1.085712792968750000e+04 1.522112065227110116e-15 9.548757924352887692e-18
1.086407812500000000e+04 1.475273684342789070e-15 9.384880210116332061e-18
1.087102832031250000e+04 1.450657106950566187e-15 9.155814873346309978e-18
1.087797753906250000e+04 1.399964408518882854e-15 9.149372790735746998e-18
1.088492773437500000e+04 1.338384901495258406e-15 8.772393498370830166e-18
1.089187695312500000e+04 1.314497513591503068e-15 8.888411369545680168e-18
1.089882714843750000e+04 1.301708374879147201e-15 8.750851233678111666e-18
1.090577734375000000e+04 1.331257331002350282e-15 8.947594488012624192e-18
1.091272656250000000e+04 1.310986350266897180e-15 8.950286133725871745e-18
1.091967675781250000e+04 1.268468260930046693e-15 9.029554024646215834e-18
1.092662695312500000e+04 1.287294309336602365e-15 8.924938011034796764e-18
1.093357617187500000e+04 1.234332303760106355e-15 8.666655000668176638e-18
1.094052636718750000e+04 1.172098675542964773e-15 9.163670607623726082e-18
1.094747656250000000e+04 1.159402816333925286e-15 8.196986811944242842e-18
1.095442578125000000e+04 1.178885632911958262e-15 8.412706416711334377e-18
1.096137597656250000e+04 1.202198203081883150e-15 8.359115039185248820e-18
1.096832519531250000e+04 1.171816613571529091e-15 8.324306451828404862e-18
1.097527539062500000e+04 1.154898612757782137e-15 8.342753406668949932e-18
1.098222558593750000e+04 1.147172295850283630e-15 8.384898258878526692e-18
1.098917480468750000e+04 1.110301692810132784e-15 8.187247587412043495e-18
1.099612500000000000e+04 1.134464578179982582e-15 8.308944880672682585e-18
1.100307519531250000e+04 1.157422453303244732e-15 8.535178778205935654e-18
1.101002441406250000e+04 1.138553100337260683e-15 8.262951157072896587e-18
1.101697460937500000e+04 1.096925877902684907e-15 8.052995346814074550e-18
1.102392382812500000e+04 1.086216310954956753e-15 8.011700836274202302e-18
1.103087402343750000e+04 1.111319932291850859e-15 8.156700634571072736e-18
1.103782421875000000e+04 1.115097381599249819e-15 8.181164501187328529e-18
1.104477343750000000e+04 1.070631116483714441e-15 8.103101812419474201e-18
1.105172363281250000e+04 1.067977044622611497e-15 8.184919073987706722e-18
1.105867382812500000e+04 1.111337084709032759e-15 8.327351303663212557e-18
1.106562304687500000e+04 1.093484065400635464e-15 8.255017667817900499e-18
1.107257324218750000e+04 1.049160101820238809e-15 8.074349841507743512e-18
1.107952343750000000e+04 1.037062353751079264e-15 8.125787240718740985e-18
1.108647265625000000e+04 1.088444219364472377e-15 8.606884583966319964e-18
1.109342285156250000e+04 1.075853392240892423e-15 8.606806001808127427e-18
1.110037207031250000e+04 1.025249844026907605e-15 8.263412723854701177e-18
1.110732226562500000e+04 1.108174581321340422e-15 8.775967745797671798e-18
1.111427246093750000e+04 1.117813075107265512e-15 9.134124543323944486e-18
1.112122167968750000e+04 9.926297581951972447e-16 8.613541733536146731e-18
1.112817187500000000e+04 1.007303439336075523e-15 8.825142806033336741e-18
1.113512207031250000e+04 1.105500074790384969e-15 9.473702037111663619e-18
1.114207128906250000e+04 1.207542239825228937e-15 1.082042155751944713e-17
1.114902148437500000e+04 1.085405806303552795e-15 1.095825797171160834e-17
1.115597070312500000e+04 9.064616258666093052e-16 9.313051981625289903e-18
1.116292089843750000e+04 9.192123304589835085e-16 9.181076969253679443e-18
1.116987109375000000e+04 1.109344757337972238e-15 1.050247318238876456e-17
1.117682031250000000e+04 1.058446759295698144e-15 1.075949308796001622e-17
1.118377050781250000e+04 9.551615734107584896e-16 9.954259231419245471e-18
1.119072070312500000e+04 1.016070547977512752e-15 1.000451789825735488e-17
1.119766992187500000e+04 1.141303204558758583e-15 1.116107852200654796e-17
1.120462011718750000e+04 1.097824156343248092e-15 1.170557925920631651e-17
1.121157031250000000e+04 8.755308413690792400e-16 1.044161171445895045e-17
1.121851953125000000e+04 8.097557154599082253e-16 9.220328343680545712e-18
1.122546972656250000e+04 9.326800484412084771e-16 9.673448784250356189e-18
1.123241894531250000e+04 1.108163569893026116e-15 1.113699515847206656e-17
1.123936914062500000e+04 1.031671518437397676e-15 1.094150094686250911e-17
1.124631933593750000e+04 8.501355760005336378e-16 9.507095318440429347e-18
1.125326855468750000e+04 8.570671113057115945e-16 9.460802982639511706e-18
1.126021875000000000e+04 8.718768471137425952e-16 9.548785221313101941e-18
1.126716894531250000e+04 8.860318793931052251e-16 9.956809429247746456e-18
1.127411816406250000e+04 9.668397225336719351e-16 1.176038907377469268e-17
1.128106835937500000e+04 7.926120862448364068e-16 9.100091851381675269e-18
1.128801757812500000e+04 7.227463735355783587e-16 7.601841114560302620e-18
1.129496777343750000e+04 7.341086852482843570e-16 7.301383473482053824e-18
1.130191796875000000e+04 8.579189088132942002e-16 8.107665367858929255e-18
1.130886718750000000e+04 9.347650200408749374e-16 9.101193655957595901e-18
1.131581738281250000e+04 1.079313839467781460e-15 1.102672950127691031e-17
1.132276757812500000e+04 1.172764231681269840e-15 1.481443584827152701e-17
1.132971679687500000e+04 8.980957990839338011e-16 1.228521201138243725e-17
1.133666699218750000e+04 5.320772454053856234e-16 9.857940666532345823e-18
1.134361718750000000e+04 5.816064382048967678e-16 7.494631889728529809e-18
1.135056640625000000e+04 6.761631083870584674e-16 7.038177084109518077e-18
1.135751660156250000e+04 7.302079926470598972e-16 7.106333457861437346e-18
1.136446582031250000e+04 7.693005219265363834e-16 7.601431660157088871e-18
1.137141601562500000e+04 7.480290894012575457e-16 7.195076702698576367e-18
1.137836621093750000e+04 7.800243296156902494e-16 7.285016877882079619e-18
1.138531542968750000e+04 8.264118242742759905e-16 8.007009067839801529e-18
1.139226562500000000e+04 7.896903519724011045e-16 7.829078382176582511e-18
1.139921582031250000e+04 7.271002817031430726e-16 7.397532466343380102e-18
1.140616503906250000e+04 7.083746596403962380e-16 7.175641267026030428e-18
1.141311523437500000e+04 8.007367733353404522e-16 7.428110852047627876e-18
1.142006445312500000e+04 8.644104634419327512e-16 8.329908118936613966e-18
1.142701464843750000e+04 8.334897904002105343e-16 8.814574746527359259e-18
1.143396484375000000e+04 8.061177618910102087e-16 8.747373766382938738e-18
1.144091406250000000e+04 7.583025931998273444e-16 8.890200561210632367e-18
1.144786425781250000e+04 8.396606371791949259e-16 9.023341898245942596e-18
1.145481445312500000e+04 6.756447242233388356e-16 7.836780260860063752e-18
1.146176367187500000e+04 6.081899319797625433e-16 6.844732212467560749e-18
1.146871386718750000e+04 7.132059238132979536e-16 7.394583567459628559e-18
1.147566406250000000e+04 7.742726053269191264e-16 7.914201057472576930e-18
1.148261328125000000e+04 7.536077013314335712e-16 7.897678951917442756e-18
1.148956347656250000e+04 6.912442123755660646e-16 7.236680578787543447e-18
1.149651269531250000e+04 7.325201808348273235e-16 7.710221627139450518e-18
1.150346289062500000e+04 7.569801100713673646e-16 7.537160553742331174e-18
1.151041308593750000e+04 7.045127187965086624e-16 7.237059427508092733e-18
1.151736230468750000e+04 6.923958066069174893e-16 7.265976007361721475e-18
1.152431250000000000e+04 6.611225561009006699e-16 7.166354510288897587e-18
1.153126269531250000e+04 6.272780312043750150e-16 6.551739876417603028e-18
1.153821191406250000e+04 6.321070189762309846e-16 6.724566857701369865e-18
1.154516210937500000e+04 6.233117464892975502e-16 6.353038685573177485e-18
1.155211132812500000e+04 6.479839633582432003e-16 6.405444713281474554e-18
1.155906152343750000e+04 6.539939797563676816e-16 6.469411417230812737e-18
1.156601171875000000e+04 6.766518463976241987e-16 6.374793535683322113e-18
1.157296093750000000e+04 6.785581469849792050e-16 6.492199829516342373e-18
1.157991113281250000e+04 6.816599286982652495e-16 6.961398179652346049e-18
1.158686132812500000e+04 6.855623153653842179e-16 6.561129203550692445e-18
1.159381054687500000e+04 6.238420420538379457e-16 6.093159216624330016e-18
1.160076074218750000e+04 6.340367717883130944e-16 6.039825092268748450e-18
1.160771093750000000e+04 6.253599250953176519e-16 5.842779503420347792e-18
1.161466015625000000e+04 6.232955999237405151e-16 5.846343824679838788e-18
1.162161035156250000e+04 6.264921963875598378e-16 5.665236351874109868e-18
1.162855957031250000e+04 6.420898845947741514e-16 5.965205129210339824e-18
1.163550976562500000e+04 6.584020980325566708e-16 6.100292822226987326e-18
1.164245996093750000e+04 6.683478000805390552e-16 6.348150461743295368e-18
1.164940917968750000e+04 6.246356060462968183e-16 5.858167957945978042e-18
1.165635937500000000e+04 6.283795446127200292e-16 5.782076440577837580e-18
1.166330957031250000e+04 6.446253189037022893e-16 5.880457580322138203e-18
1.167025878906250000e+04 6.341524976647317131e-16 5.826739230572025756e-18
1.167720898437500000e+04 6.451683729020107026e-16 5.735959880657087457e-18
1.168415820312500000e+04 6.358709686960330783e-16 6.142390525141648564e-18
1.169110839843750000e+04 6.067952922321083378e-16 5.629283360139798796e-18
1.169805859375000000e+04 6.085091045821998043e-16 5.513174912687874237e-18
1.170500781250000000e+04 6.207869000922100911e-16 5.691529114824720405e-18
1.171195800781250000e+04 6.323324356193190353e-16 5.689316820276447333e-18
1.171890820312500000e+04 6.175984033809488877e-16 5.729901196260442806e-18
1.172585742187500000e+04 5.986358767907668660e-16 5.613876294050386103e-18
1.173280761718750000e+04 5.841157733111376326e-16 5.551104452495880768e-18
1.173975781250000000e+04 5.829575616348857837e-16 5.494055873599629832e-18
1.174670703125000000e+04 5.882866694225362143e-16 5.478530520682622055e-18
1.175365722656250000e+04 5.930239658778519059e-16 5.464821242800474451e-18
1.176060644531250000e+04 5.766934353525850123e-16 5.443810855241627548e-18
1.176755664062500000e+04 5.388818845871530452e-16 5.306778874195174154e-18
1.177450683593750000e+04 5.661246876323378866e-16 5.395391424495529797e-18
1.178145605468750000e+04 5.660038795582357420e-16 5.483373663169120033e-18
1.178840625000000000e+04 5.784171474002475135e-16 5.427929401070915694e-18
1.179535644531250000e+04 5.835769015380062874e-16 5.592886172416546749e-18
1.180230566406250000e+04 5.711919034206091282e-16 5.500428473038738357e-18
1.180925585937500000e+04 5.479023090193785132e-16 5.412660060553493079e-18
1.181620605468750000e+04 5.589593182941585397e-16 5.449573822569284492e-18
1.182315527343750000e+04 5.502189441301190247e-16 5.371713379461199380e-18
1.183010546875000000e+04 5.432275871230412331e-16 5.242398166349253181e-18
1.183705468750000000e+04 5.126333394033671421e-16 5.047624015462923137e-18
1.184400488281250000e+04 5.174918674492586055e-16 5.113315390989434383e-18
1.185095507812500000e+04 5.449998447464932463e-16 5.206173032193412163e-18
1.185790429687500000e+04 5.484414454903058754e-16 5.374849634753694184e-18
1.186485449218750000e+04 5.485904174099042255e-16 5.333268506131572312e-18
1.187180468750000000e+04 5.091990972582837848e-16 5.131921578097895911e-18
1.187875390625000000e+04 5.110844867197534506e-16 5.124042682763328322e-18
1.188570410156250000e+04 4.964358989299375805e-16 4.963276821991197181e-18
1.189265332031250000e+04 4.703875182194997093e-16 4.782120959119633908e-18
1.189960351562500000e+04 4.805940005361180115e-16 4.931121002858810783e-18
1.190655371093750000e+04 4.823250711825097844e-16 4.953346105147191807e-18
1.191350292968750000e+04 4.825521818914923437e-16 4.970745022151632192e-18
1.192045312500000000e+04 4.811787709070786991e-16 4.948076964645229021e-18
1.192740332031250000e+04 4.861816651309178172e-16 4.919154180937006132e-18
1.193435253906250000e+04 4.837562392260143316e-16 5.435858340832542740e-18
1.194130273437500000e+04 4.620959656383865667e-16 5.267057247590071489e-18
1.194825292968750000e+04 4.471676981572991674e-16 4.699546000110302815e-18
1.195520214843750000e+04 4.462696844145319988e-16 4.756432451606493357e-18
1.196215234375000000e+04 4.490784456676272587e-16 4.865947855986064009e-18
1.196910156250000000e+04 4.102277707643714770e-16 4.652634519620889233e-18
1.197605175781250000e+04 3.959386955211058540e-16 4.613328964863900740e-18
1.198300195312500000e+04 3.834058636846332177e-16 4.382919046008173711e-18
1.198995117187500000e+04 3.610258503198557128e-16 4.341479778861104683e-18
1.199690136718750000e+04 3.597701504453308143e-16 4.331128440675616095e-18
1.200385156250000000e+04 3.718261556720584829e-16 4.446006870556674302e-18
1.201080078125000000e+04 3.803493452944660749e-16 4.591500909269545169e-18
1.201775097656250000e+04 4.063569360745377312e-16 4.692433901203571883e-18
1.202470019531250000e+04 3.811443651248030409e-16 4.544356163847391633e-18
1.203165039062500000e+04 3.420445831257156897e-16 4.347527709909786145e-18
1.203860058593750000e+04 3.305373228999107993e-16 4.095872484201247153e-18
1.204554980468750000e+04 3.485965947309645164e-16 4.220288720135348046e-18
1.205250000000000000e+04 3.655863551172116709e-16 4.245243932035460338e-18
1.205945019531250000e+04 3.534769338752477780e-16 4.243338107904138162e-18
1.206639941406250000e+04 3.658021367605247039e-16 4.347902422727272667e-18
1.207334960937500000e+04 3.563649985880297218e-16 4.259739445089839595e-18
1.208029980468750000e+04 3.450500677808107609e-16 4.137320023154441711e-18
1.208724902343750000e+04 3.562460433984996960e-16 4.169882815148204198e-18
1.209419921875000000e+04 3.419921200225451265e-16 4.159285390730481084e-18
1.210114843750000000e+04 3.353977303001539831e-16 4.178208801603856698e-18
1.210809863281250000e+04 3.424887195576525618e-16 4.118254337215706976e-18
1.211504882812500000e+04 3.404184916252242466e-16 4.118302727281541328e-18
1.212199804687500000e+04 3.382370376789096012e-16 4.180593976900153354e-18
1.212894824218750000e+04 3.422919961556527505e-16 4.399676484447579222e-18
1.213589843750000000e+04 3.327710017213795926e-16 4.087183779046990150e-18
1.214284765625000000e+04 3.591989855410853989e-16 4.573949377442088752e-18
1.214979785156250000e+04 3.396972430706372099e-16 4.120531151851759185e-18
1.215674707031250000e+04 3.523888671149404258e-16 4.169860067681358990e-18
1.216369726562500000e+04 3.436261259871374769e-16 4.102549899696081469e-18
1.217064746093750000e+04 3.514460929748667879e-16 4.289597770070859958e-18
1.217759667968750000e+04 3.583924248868420931e-16 4.175410036001283529e-18
1.218454687500000000e+04 3.501803345840932445e-16 4.152049214731867198e-18
1.219149707031250000e+04 3.394403273898231399e-16 4.243699172241517558e-18
1.219844628906250000e+04 3.350138126168109715e-16 4.090323343061935167e-18
1.220539648437500000e+04 3.335631098759603719e-16 4.091758087834408393e-18
1.221234667968750000e+04 3.305786422258690481e-16 4.002540041325663934e-18
1.221929589843750000e+04 3.300323589144492278e-16 4.080001783378498488e-18
1.222624609375000000e+04 3.405910216486681069e-16 4.112128651189445529e-18
1.223319531250000000e+04 3.179401959687856412e-16 4.392890294702194183e-18
1.224014550781250000e+04 3.199517668696165960e-16 3.973336843389785569e-18
1.224709570312500000e+04 3.462260936187345518e-16 4.112483511672230778e-18
1.225404492187500000e+04 3.296245390201258839e-16 3.949933008728516480e-18
1.226099511718750000e+04 3.283789506014088335e-16 3.876462413131250286e-18
1.226794531250000000e+04 2.946002825165322005e-16 4.338642962950354075e-18
1.227489453125000000e+04 3.254146793931536044e-16 4.240200611840724528e-18
1.228184472656250000e+04 3.073257614089459867e-16 3.725807180986354802e-18
1.228879394531250000e+04 3.045800247010823671e-16 3.883296165761857124e-18
1.229574414062500000e+04 3.107134961512691626e-16 3.795356526889813369e-18
1.230269433593750000e+04 3.083713706427722171e-16 3.842503753853804564e-18
1.230964355468750000e+04 3.181823415125819643e-16 3.881680682025541061e-18
1.231659375000000000e+04 3.098585752096935566e-16 3.833548696542305487e-18
1.232354394531250000e+04 2.987932014845593939e-16 3.716231324625134677e-18
1.233049316406250000e+04 3.000049879947250774e-16 3.607528625197397375e-18
1.233744335937500000e+04 3.046663955919227040e-16 3.752696341158616073e-18
1.234439355468750000e+04 3.100458753701551638e-16 3.939951006686532819e-18
1.235134277343750000e+04 3.083609150798295468e-16 3.815465287580977472e-18
1.235829296875000000e+04 3.116807548374743702e-16 3.784932810400726391e-18
1.236524218750000000e+04 2.980010139206398095e-16 3.666999602517509853e-18
1.237219238281250000e+04 2.971269023888529733e-16 3.875098805891456620e-18
1.237914257812500000e+04 2.843370754622274619e-16 3.648492677082554688e-18
1.238609179687500000e+04 2.944504370942069944e-16 3.699581419665361060e-18
1.239304199218750000e+04 2.865112237493720390e-16 3.668086931432710808e-18
1.239999218750000000e+04 2.884294886771070123e-16 3.606161295644847220e-18
1.240694140625000000e+04 3.088696642437741609e-16 3.740453654502524987e-18
1.241389160156250000e+04 2.937073774412281594e-16 3.670105665717646472e-18
1.242084082031250000e+04 2.743320811079372765e-16 3.517437489552103195e-18
1.242779101562500000e+04 2.874628123260530421e-16 3.639247279376049498e-18
1.243474121093750000e+04 2.797111373696961091e-16 3.589278125752333649e-18
1.244169042968750000e+04 2.740682038750879602e-16 3.575842644652941097e-18
1.244864062500000000e+04 2.885555907071294963e-16 3.709240821268449041e-18
1.245559082031250000e+04 2.757576640279458657e-16 3.582379439443641398e-18
1.246254003906250000e+04 2.862672782605628005e-16 3.590580935217104668e-18
1.246949023437500000e+04 2.661661011612545839e-16 3.516972614047848394e-18
1.247644042968750000e+04 2.698005342494655748e-16 3.575360398355822682e-18
1.248338964843750000e+04 2.708491345683867969e-16 3.680505393968969412e-18
1.249033984375000000e+04 2.682025536549111338e-16 3.542197900417959249e-18
1.249728906250000000e+04 2.667596594990430349e-16 3.537624418811153559e-18
1.250423925781250000e+04 2.919653483060812840e-16 3.681049678812029304e-18
1.251118945312500000e+04 2.806599466195189340e-16 3.599124470173858614e-18
1.251813867187500000e+04 2.680654137267947422e-16 3.704794725475976517e-18
1.252508886718750000e+04 2.657846981069737335e-16 3.530534653780961559e-18
1.253203906250000000e+04 2.757991686423613264e-16 3.592660467277062979e-18
1.253898828125000000e+04 2.988979159326637068e-16 3.740562015162769433e-18
1.254593847656250000e+04 3.107169636923969849e-16 3.843036458168288714e-18
1.255288769531250000e+04 3.111749438190655444e-16 3.832973392426274856e-18
1.255983789062500000e+04 3.116384031901116552e-16 3.865730158273681028e-18
1.256678808593750000e+04 3.156929116806015756e-16 3.898010054497950380e-18
1.257373730468750000e+04 3.258929883105562671e-16 4.023291107762475463e-18
1.258068750000000000e+04 3.205086910324362985e-16 4.396191986117199593e-18
1.258763769531250000e+04 3.308448487993233137e-16 3.999807863762401284e-18
1.259458691406250000e+04 3.369048930808950021e-16 4.111612490487212440e-18
1.260153710937500000e+04 3.563447492066344237e-16 4.191027619556590968e-18
1.260848730468750000e+04 3.235459129532738043e-16 4.315291240667675827e-18
1.261543652343750000e+04 3.649329221379641816e-16 4.529898287510883539e-18
1.262238671875000000e+04 3.531790694453898830e-16 4.451129600090215202e-18
1.262933593750000000e+04 3.261259753106104031e-16 3.884848783771619157e-18
1.263628613281250000e+04 3.729994021831240956e-16 4.525427376300034425e-18
1.264323632812500000e+04 3.625255221529694516e-16 4.417430675525111131e-18
1.265018554687500000e+04 3.494381749036208672e-16 4.090793595240171563e-18
1.265713574218750000e+04 4.017120191500319617e-16 4.632607649810367880e-18
1.266408593750000000e+04 3.668079619156095839e-16 4.488449507786770152e-18
1.267103515625000000e+04 3.937180398312010955e-16 4.663383318090709551e-18
1.267798535156250000e+04 3.533733046881071347e-16 4.431870353888143059e-18
1.268493554687500000e+04 3.817520583248987980e-16 4.656034645528788453e-18
1.269188476562500000e+04 3.758749202203748351e-16 4.355036028329929977e-18
1.269883496093750000e+04 4.385697049377371799e-16 4.772162945315414285e-18
1.270578417968750000e+04 4.331401708062779113e-16 4.759920258659323199e-18
1.271273437500000000e+04 4.155054742400354122e-16 4.654649118002762131e-18
1.271968457031250000e+04 4.697583844979265778e-16 5.003552246016404099e-18
1.272663378906250000e+04 4.655709712440565372e-16 4.878313378963119220e-18
1.273358398437500000e+04 4.584260895152889037e-16 5.378508668193322502e-18
1.274053417968750000e+04 4.103889187825866076e-16 4.338287275286956273e-18
1.274748339843750000e+04 4.108266495278598690e-16 4.430485239952423014e-18
1.275443359375000000e+04 5.011992945879405453e-16 5.318620378254177022e-18
1.276138281250000000e+04 4.176846253155247100e-16 4.349807006087676013e-18
1.276833300781250000e+04 4.261922771773061060e-16 4.438788892531536582e-18
1.277528320312500000e+04 4.142900878398438980e-16 4.316333901829798919e-18
1.278223242187500000e+04 4.342347756021468826e-16 4.477230043548407161e-18
1.278918261718750000e+04 4.579388338123808674e-16 4.688447717831678842e-18
1.279613281250000000e+04 4.896368713414457185e-16 4.870211972043774867e-18
1.280308203125000000e+04 5.049927316422189293e-16 4.962651473448107092e-18
1.281003222656250000e+04 4.904356763502657271e-16 4.937537442870384619e-18
1.281698242187500000e+04 4.456084163805224072e-16 4.452029986186979173e-18
1.282393164062500000e+04 4.557838231758883172e-16 4.426377874620790955e-18
1.283088183593750000e+04 4.403727469148659666e-16 4.242165579385844245e-18
1.283783105468750000e+04 4.341571132687955040e-16 4.300672891292332446e-18
1.284478125000000000e+04 4.714198396239658879e-16 4.636578530340928689e-18
1.285173144531250000e+04 4.687027167478517026e-16 4.590022323924606632e-18
1.285868066406250000e+04 4.684220841445145122e-16 4.569277047752082975e-18
1.286563085937500000e+04 4.624942299422736981e-16 4.576189382540882350e-18
1.287258105468750000e+04 4.733153405412434019e-16 4.654455557739424723e-18
1.287953027343750000e+04 4.572045091866705924e-16 4.545086564328275957e-18
1.288648046875000000e+04 4.764523800009589066e-16 4.762799674371620288e-18
1.289342968750000000e+04 4.927472292633227127e-16 4.818146329157543370e-18
1.290037988281250000e+04 4.658487980507559478e-16 4.605034411271525255e-18
1.290733007812500000e+04 4.715422358848441343e-16 4.699959176826273052e-18
1.291427929687500000e+04 4.788140666765815061e-16 4.645388003864618434e-18
1.292122949218750000e+04 5.135472879534545322e-16 4.787877722592696704e-18
1.292817968750000000e+04 4.907607781833337682e-16 4.822059307045225467e-18
1.293512890625000000e+04 4.919955934017529280e-16 4.691513662772106639e-18
1.294207910156250000e+04 4.775967744522586697e-16 4.711405288552475572e-18
1.294902929687500000e+04 4.773452586064833459e-16 4.688099888384100294e-18
1.295597851562500000e+04 4.688106605090674225e-16 4.624084794368927759e-18
1.296292871093750000e+04 4.665281714140131000e-16 4.643082237907126869e-18
1.296987792968750000e+04 4.787841558256315886e-16 4.694480759629334350e-18
1.297682812500000000e+04 4.854482404777139999e-16 4.656507379248862508e-18
1.298377832031250000e+04 4.820355976727856272e-16 4.739015750218883083e-18
1.299072753906250000e+04 4.775895217326478048e-16 4.664521932203888793e-18
1.299767773437500000e+04 4.913053144892998766e-16 5.243987180305967547e-18
1.300462792968750000e+04 4.581207870773629318e-16 4.694893109164692034e-18
1.301157714843750000e+04 4.686386069416563927e-16 4.761350453938427383e-18
1.301852734375000000e+04 4.953341208237965494e-16 4.858957766219684649e-18
1.302547656250000000e+04 4.594451760299542338e-16 4.835053900878127255e-18
1.303242675781250000e+04 4.367912533858583695e-16 4.552094024887518931e-18
1.303937695312500000e+04 4.546996739429620162e-16 4.608638850790725073e-18
1.304632617187500000e+04 4.581093521325749988e-16 4.698393737517016447e-18
1.305327636718750000e+04 4.467393112442253050e-16 4.606198667983693641e-18
1.306022656250000000e+04 4.279903163660901720e-16 4.450684990510967950e-18
1.306717578125000000e+04 4.530317072511406886e-16 4.690722050925893392e-18
1.307412597656250000e+04 4.788519714009711360e-16 4.759398721283108515e-18
1.308107617187500000e+04 4.653589483094469452e-16 4.793003347258381540e-18
1.308802539062500000e+04 4.372847824265320080e-16 4.683276598232303590e-18
1.309497558593750000e+04 4.167519891010385219e-16 4.435038869224527432e-18
1.310192480468750000e+04 4.454975609435505007e-16 4.697365138425306757e-18
1.310887500000000000e+04 4.652455517736332757e-16 5.174567701758679805e-18
1.311582519531250000e+04 4.495232438440541732e-16 4.852528918498922518e-18
1.312277441406250000e+04 4.259824512344034548e-16 5.251586902183798489e-18
1.312972460937500000e+04 4.439915893028915581e-16 4.730678596824961117e-18
1.313667480468750000e+04 4.293768034216270549e-16 4.657069034884786014e-18
1.314362402343750000e+04 4.188589041479947889e-16 4.506645826901711655e-18
1.315057421875000000e+04 4.272415127709377689e-16 4.518969990848139214e-18
1.315752343750000000e+04 4.199153395216781133e-16 4.553924161992792505e-18
1.316447363281250000e+04 4.086798180532642431e-16 4.546977912798878455e-18
1.317142382812500000e+04 4.277545500391778579e-16 4.580587915448133075e-18
1.317837304687500000e+04 4.290368520422024618e-16 4.642715796895765878e-18
1.318532324218750000e+04 3.848529400656783847e-16 4.533559388902043240e-18
1.319227343750000000e+04 3.349181508333304389e-16 4.903062209300399532e-18
1.319922265625000000e+04 3.834691793974404767e-16 4.612068755200676202e-18
1.320617285156250000e+04 4.090479862177442451e-16 4.821622142091491192e-18
1.321312304687500000e+04 3.961309455303529785e-16 4.513653287460954629e-18
1.322007226562500000e+04 3.821464051014048782e-16 4.620644136611013440e-18
1.322702246093750000e+04 3.917312975836365323e-16 4.547494900681724097e-18
1.323397167968750000e+04 4.036247783636097821e-16 4.416918650725940807e-18
1.324092187500000000e+04 4.198773024483904749e-16 4.506958914763562976e-18
1.324787207031250000e+04 4.113966762315824114e-16 4.631625786423267436e-18
1.325482128906250000e+04 4.065652267702234840e-16 4.681761203350106443e-18
1.326177148437500000e+04 4.205084743429929372e-16 4.799437985243431543e-18
1.326872167968750000e+04 3.984558921518884227e-16 4.724991730113659052e-18
1.327567089843750000e+04 3.871016007824017386e-16 4.592007970985040175e-18
1.328262109375000000e+04 3.716618842198503520e-16 4.575396529923750273e-18
1.328957031250000000e+04 4.021153921213822206e-16 4.946503667120153163e-18
1.329652050781250000e+04 3.836747172360476530e-16 4.882065883811966030e-18
1.330347070312500000e+04 3.750137788805928303e-16 4.991046102335214873e-18
1.331041992187500000e+04 3.555493058598238306e-16 4.667087019283415732e-18
1.331737011718750000e+04 3.496571593902657055e-16 4.630497512067745106e-18
1.332432031250000000e+04 3.544993291123633202e-16 4.367890828639310304e-18
1.333126953125000000e+04 3.175693278867862662e-16 4.877397276434716742e-18
1.333821972656250000e+04 3.487311670904595434e-16 4.466905588732826546e-18
1.334516992187500000e+04 3.506455409605930672e-16 4.505425735498195939e-18
1.335211914062500000e+04 3.340550771996375103e-16 4.818525591468398933e-18
1.335906933593750000e+04 3.396448858465850535e-16 4.411190011393704814e-18
1.336601855468750000e+04 3.246764372400622782e-16 4.476280440205196285e-18
1.337296875000000000e+04 3.315749911998565206e-16 4.402815221281911685e-18
1.337991894531250000e+04 3.384499341162460493e-16 4.514774944371576534e-18
1.338686816406250000e+04 3.309620834531792292e-16 4.665806957285489922e-18
1.339381835937500000e+04 3.211689796846006273e-16 4.561073484027088323e-18
1.340076855468750000e+04 2.807891456137548165e-16 4.311006031504344867e-18
1.340771777343750000e+04 3.157341251274414177e-16 4.292895739173108879e-18
1.341466796875000000e+04 3.287024377779211711e-16 4.744620726049542399e-18
1.342161718750000000e+04 3.458051447137287663e-16 5.049913651398469917e-18
1.342856738281250000e+04 3.109304954044438737e-16 4.980598811198670134e-18
1.343551757812500000e+04 2.705757282148808698e-16 4.604288294359002424e-18
1.344246679687500000e+04 2.942640633760314466e-16 4.578287112574316829e-18
1.344941699218750000e+04 3.125324464659385692e-16 5.212251568924758087e-18
1.345636718750000000e+04 3.821410052663661320e-16 6.402923880364719202e-18
1.346331640625000000e+04 3.577720526623171231e-16 7.206703553388621724e-18
1.347026660156250000e+04 2.636117674296908344e-16 5.364804766985156493e-18
1.347721679687500000e+04 1.708547775626485061e-16 6.676745478538147953e-18
1.348416601562500000e+04 4.484984034610479243e-18 1.135413751389274930e-17
1.349111621093750000e+04 1.788870057130038244e-16 8.526214621907698493e-18
1.349806542968750000e+04 3.022082795092111227e-16 7.302340521450777677e-18
1.350501562500000000e+04 2.916816452083102968e-16 9.333451082711460118e-18
1.351196582031250000e+04 3.983610244617959411e-16 1.110505688784078161e-17
1.351891503906250000e+04 3.383220850807698533e-16 1.381705455287958836e-17
1.352586523437500000e+04 4.284342675095698322e-16 1.714904228500036551e-17
1.353281542968750000e+04 6.147517903430232012e-16 3.045770005287628732e-17
1.353976464843750000e+04 1.584930199117416368e-16 7.433657098054795927e-18
1.354671484375000000e+04 1.412893969412025723e-16 9.454401431878963825e-18
1.355366406250000000e+04 2.952800264567037765e-16 1.930815904605362899e-17
1.356061425781250000e+04 3.522772175845804684e-16 2.010934468067656521e-17
1.356756445312500000e+04 -8.076930975891153980e-17 3.879400972257344917e-17
1.357451367187500000e+04 1.497947459321586207e-16 1.761730922976663448e-17
1.358146386718750000e+04 1.016931543733506948e-16 3.748406665219977327e-17
1.358841406250000000e+04 1.342392214368718500e-15 5.550479848415341977e-17
1.359536328125000000e+04 4.958941684206092521e-16 5.635636438116451070e-17
1.360231347656250000e+04 1.185931782362811566e-15 5.312236611876799031e-17
1.360926367187500000e+04 8.039815050933654607e-17 1.282929502237286653e-17
1.361621289062500000e+04 2.346472640400932208e-16 3.723497279125800473e-17
1.362316308593750000e+04 4.224638697540641908e-17 2.831519638724553885e-17
1.363011230468750000e+04 -5.465911020170288563e-16 9.226952240589747847e-17
1.363706250000000000e+04 3.814315423811467508e-17 1.623127877792788088e-17
1.364401269531250000e+04 2.506611895315442179e-16 2.151473446757150987e-17
1.365096191406250000e+04 2.606810069624113536e-16 4.427635106433810302e-17
1.365791210937500000e+04 4.308349971101049346e-16 2.912337169804454816e-17
1.366486230468750000e+04 1.113097960327256043e-15 6.057282160070251312e-17
1.367181152343750000e+04 9.970748812232694061e-16 3.489184473985864493e-17
1.367876171875000000e+04 4.222132340284606234e-16 3.603772480753855332e-17
1.368571191406250000e+04 1.563704082854815635e-16 2.085323316862917832e-17
1.369266113281250000e+04 2.257696440688189074e-16 1.368499649157447757e-16
1.369961132812500000e+04 9.749927587581293980e-17 2.896360672581360619e-17
1.370656054687500000e+04 1.086867811640293319e-16 5.273359123086806730e-17
1.371351074218750000e+04 3.303556872722839552e-16 1.659194772297447712e-17
1.372046093750000000e+04 3.823925608168108584e-17 5.923531356359612013e-18
1.372741015625000000e+04 2.560373870571060672e-16 1.436138571805378354e-17
1.373436035156250000e+04 1.803173928980101215e-16 1.060241314399742137e-17
1.374131054687500000e+04 1.853413570664121904e-16 1.097021073156299959e-17
1.374825976562500000e+04 3.293884815256379510e-16 1.386714612923396205e-17
1.375520996093750000e+04 2.429823329388715531e-16 9.373099503832351841e-18
1.376215917968750000e+04 2.828757583397565820e-16 9.711001956879651093e-18
1.376910937500000000e+04 2.798836409233603677e-16 1.776917297278646994e-17
1.377605957031250000e+04 4.942948113975155228e-16 1.647868022733636593e-17
1.378300878906250000e+04 2.398360819958546579e-16 1.471899740355638378e-17
1.378995898437500000e+04 1.015677524689986757e-15 4.568231656893938458e-17
1.379690917968750000e+04 7.009770047513222001e-17 2.888893878627966949e-17
1.380385839843750000e+04 4.324766263712225738e-16 4.834983838680244014e-17
1.381080859375000000e+04 5.964933069506871133e-16 6.464131936971193038e-17
1.381775878906250000e+04 3.289088438252992831e-15 9.475107086100146192e-17
1.382470800781250000e+04 -7.550098982011640611e-17 1.414895911930526561e-17
1.383165820312500000e+04 3.830938379226884148e-16 2.438231157094174027e-17
1.383860742187500000e+04 5.338905311872202668e-16 2.569036370643511995e-17
1.384555761718750000e+04 1.092068792459781736e-16 2.082533567529021491e-17
1.385250781250000000e+04 1.849689007976367135e-16 9.358925764036255711e-18
1.385945703125000000e+04 9.511714129544802943e-17 1.125846249552241591e-17
1.386640722656250000e+04 2.208241495620460689e-16 1.467117478362224304e-17
1.387335742187500000e+04 6.673300105850742082e-17 6.202685374351863857e-18
1.388030664062500000e+04 1.017487673802938599e-16 7.260042640827878607e-18
1.388725683593750000e+04 2.209615144832890749e-16 7.935316496969218068e-18
1.389420605468750000e+04 3.284355429901972614e-16 1.241505372495427346e-17
1.390115625000000000e+04 3.084477624267027143e-16 1.414159390313109345e-17
1.390810644531250000e+04 2.058358353859322202e-16 1.230451013507329939e-17
1.391505566406250000e+04 2.437386804212104399e-16 1.332449910378692484e-17
1.392200585937500000e+04 2.158453957772036983e-16 1.451937059760651140e-17
1.392895605468750000e+04 7.008649184695988146e-16 2.687123351402602141e-17
1.393590527343750000e+04 5.610252316525117782e-16 3.232811423653629307e-17
1.394285546875000000e+04 -1.213681746385164920e-17 6.719123595680464667e-18
1.394980566406250000e+04 3.368084107342468169e-16 1.464201501266852371e-17
1.395675488281250000e+04 9.953711141545367835e-17 5.302739337673771444e-18
1.396370507812500000e+04 5.522293834478720069e-17 5.271042603781351976e-18
1.397065429687500000e+04 2.310528532586399956e-16 9.935697298473555530e-18
1.397760449218750000e+04 4.049476850085433890e-16 1.418082873394570866e-17
1.398455468750000000e+04 1.079430412377147333e-15 4.643674499225714837e-17
1.399150390625000000e+04 3.162806201970980516e-16 1.736015532093614924e-17
1.399845410156250000e+04 5.280849739841841927e-17 3.963894990287799035e-18
1.400540429687500000e+04 2.276268696847923677e-17 4.840147265499922523e-18
1.401235351562500000e+04 1.774878793377071312e-16 8.219077497383084000e-18
1.401930371093750000e+04 3.909148901713813953e-16 1.175552773331471854e-17
1.402625292968750000e+04 3.977190793668955882e-16 1.763335653365016322e-17
1.403320312500000000e+04 2.041175099384186643e-16 1.055909948558230718e-17
1.404015332031250000e+04 2.524077284553907324e-17 4.163464720775405256e-18
1.404710253906250000e+04 1.411162581128278730e-16 9.760763488169616132e-18
1.405405273437500000e+04 3.301037214402554026e-16 1.163029507011602781e-17
1.406100292968750000e+04 2.620016901458584180e-16 1.105165493467497070e-17
1.406795214843750000e+04 2.140497653383633867e-16 8.996658706046207029e-18
1.407490234375000000e+04 4.364047416641143916e-16 1.599555381004619438e-17
1.408185253906250000e+04 2.930221542566790321e-16 1.125846249552241591e-17
1.408880175781250000e+04 1.589327623602646272e-16 6.835968647467867697e-18
1.409575195312500000e+04 2.209165555626355928e-16 8.514276751307333198e-18
1.410270117187500000e+04 1.174075544562737904e-16 5.599184325600525502e-18
1.410965136718750000e+04 1.712309131307886189e-16 6.579275064648268213e-18
1.411660156250000000e+04 3.200385348071509584e-16 9.943621688741813535e-18
1.412355078125000000e+04 4.092762086574700756e-16 1.202674371255860525e-17
1.413050097656250000e+04 2.471309679656251077e-16 9.684863876703587971e-18
1.413745117187500000e+04 7.216351457181195217e-17 4.045323063377825355e-18
1.414440039062500000e+04 1.422466765204979402e-16 4.298745974055390168e-18
1.415135058593750000e+04 1.951085469207607310e-16 4.932355156332739901e-18
1.415829980468750000e+04 2.236532263709856312e-16 6.028458389881351020e-18
1.416525000000000000e+04 3.261418571783714212e-16 8.924804007775563174e-18
1.417220019531250000e+04 3.051868179286716665e-16 1.119952835841985035e-17
1.417914941406250000e+04 1.889885353535013983e-16 7.502332941231398497e-18
1.418609960937500000e+04 1.393755657015508832e-16 6.034315655798839009e-18
1.419304980468750000e+04 1.145377009518578140e-16 4.089919265332703013e-18
1.419999902343750000e+04 1.851957203390436541e-16 4.619280115780913498e-18
1.420694921875000000e+04 2.321501315022487383e-16 5.491848128544725801e-18
1.421389941406250000e+04 2.577186151085078449e-16 6.194553361749855042e-18
1.422084863281250000e+04 1.898251789122620326e-16 4.570873092744004042e-18
1.422779882812500000e+04 1.218349559669026157e-16 5.581631553002150254e-18
1.423474804687500000e+04 1.780277437275735401e-16 5.086397279495733756e-18
1.424169824218750000e+04 6.137388977567846682e-17 5.923754281534695054e-18
1.424864843750000000e+04 2.001163512887159639e-16 4.983233381449651527e-18
1.425559765625000000e+04 2.369012981220757191e-16 5.380272630849591834e-18
1.426254785156250000e+04 2.369556405795980028e-16 5.889188885277941686e-18
1.426949804687500000e+04 1.406637969352062673e-16 3.778056457968573072e-18
1.427644726562500000e+04 1.574050457956628906e-16 3.760668707902402154e-18
1.428339746093750000e+04 1.896563546579624099e-16 4.603855678898637191e-18
1.429034667968750000e+04 2.044252608309577932e-16 5.084135767701013778e-18
1.429729687500000000e+04 2.348801716308085517e-16 6.638487961617264147e-18
1.430424707031250000e+04 1.935165484963962735e-16 6.049831909729108702e-18
1.431119628906250000e+04 1.268768401760950334e-16 4.801175478120099177e-18
1.431814648437500000e+04 1.876663698623966389e-16 5.133594137296478132e-18
1.432509667968750000e+04 1.511872151578854870e-16 4.342248229650166446e-18
1.433204589843750000e+04 1.853104271289476076e-16 4.961852830566687144e-18
1.433899609375000000e+04 1.699795675350081994e-16 5.074635598365842255e-18
1.434594628906250000e+04 2.220366110515915956e-16 5.158395907192961838e-18
1.435289550781250000e+04 2.332804175610207970e-16 5.855135513820358643e-18
1.435984570312500000e+04 1.656699697784967261e-16 5.409623066934504638e-18
1.436679492187500000e+04 1.359530629037208785e-16 4.306316331021475477e-18
1.437374511718750000e+04 1.619358382654159439e-16 3.737969217532721968e-18
1.438069531250000000e+04 2.125955818214951640e-16 4.302018300558649945e-18
1.438764453125000000e+04 1.888580525749548335e-16 4.861468672969089365e-18
1.439459472656250000e+04 2.468711670788344527e-16 7.113151080470099400e-18
1.440154492187500000e+04 1.951319065012592285e-16 4.384028295209607321e-18
1.440849414062500000e+04 2.031876398159008536e-16 4.859440426107109341e-18
1.441544433593750000e+04 1.880656400179086347e-16 4.802753325138544078e-18
1.442239355468750000e+04 1.687741602417265250e-16 4.217320382507201506e-18
1.442934375000000000e+04 2.123138110176351007e-16 4.381043413969209720e-18
1.443629394531250000e+04 2.226274959416402752e-16 4.935865297262108674e-18
1.444324316406250000e+04 1.608434436961437143e-16 4.876473729280801287e-18
1.445019335937500000e+04 1.402356482501488201e-16 3.772518897357836828e-18
1.445714355468750000e+04 1.495650279498852942e-16 3.423114704688140864e-18
1.446409277343750000e+04 1.485732714826587162e-16 3.707820965747001769e-18
1.447104296875000000e+04 1.923761774515959683e-16 3.408532958054902954e-18
1.447799316406250000e+04 2.383545949013272849e-16 4.624896258549842279e-18
1.448494238281250000e+04 2.737934210930427449e-16 5.845615078560179571e-18
1.449189257812500000e+04 2.124659593107856544e-16 5.711218908535626399e-18
1.449884179687500000e+04 1.298656091653716330e-16 3.581610161473967082e-18
1.450579199218750000e+04 1.042969932102145178e-16 4.193458289786578040e-18
1.451274218750000000e+04 1.363592416717089172e-16 3.218975835291944856e-18
1.451969140625000000e+04 1.706074836467196530e-16 3.669220582462214732e-18
1.452664160156250000e+04 7.658626269518679919e-16 7.165220445669087386e-18
1.453359179687500000e+04 3.115660877522398193e-16 1.864927494656941522e-18
1.454054101562500000e+04 1.768480782949545158e-16 3.350452678139645254e-18
1.454749121093750000e+04 1.724300206165250895e-16 3.314539804665043005e-18
1.455444140625000000e+04 1.869924095690680336e-16 3.314271384556269547e-18
1.456139062500000000e+04 1.566150552234502470e-16 3.436125635338140575e-18
1.456834082031250000e+04 1.609061903086895368e-16 3.173106602374348089e-18
1.457529003906250000e+04 1.787256459365518801e-16 3.654891746301264910e-18
1.458224023437500000e+04 1.985334849383140919e-16 3.475328619699172492e-18
1.458919042968750000e+04 2.088535358443134745e-16 3.677022549999814889e-18
1.459613964843750000e+04 1.747130391071714459e-16 3.228371159484475282e-18
1.460308984375000000e+04 1.869696323237207735e-16 3.614275523863686145e-18
1.461004003906250000e+04 2.065280730620757971e-16 4.169169371869877212e-18
1.461698925781250000e+04 1.943945246160049575e-16 3.622709043798970539e-18
1.462393945312500000e+04 1.761369411961753273e-16 3.376183578659179148e-18
1.463088867187500000e+04 2.036262970034601744e-16 3.934675662329975885e-18
1.463783886718750000e+04 2.430396400117092268e-16 4.279849860142228803e-18
1.464478906250000000e+04 2.276539217995453019e-16 4.477914121914988515e-18
1.465173828125000000e+04 1.862528306921068218e-16 3.804153179114008542e-18
1.465868847656250000e+04 1.667252669516571775e-16 3.371657866732748395e-18
1.466563867187500000e+04 1.645448717965266000e-16 3.345074763387131745e-18
1.467258789062500000e+04 2.150439834950929226e-16 3.925593219204143641e-18
1.467953808593750000e+04 2.367764137019149132e-16 4.516760591432010077e-18
1.468648828125000000e+04 2.249659156809929832e-16 5.223674106003502846e-18
1.469343750000000000e+04 2.615356632061909426e-16 7.065957944982111512e-18
1.470038769531250000e+04 1.939895105183193935e-16 4.812277069121173362e-18
1.470733691406250000e+04 1.563530838147322529e-16 3.413746057070365273e-18
1.471428710937500000e+04 1.612057885091113430e-16 3.288577293573994263e-18
1.472123730468750000e+04 1.379727732617793551e-16 2.797717978327370728e-18
1.472818652343750000e+04 1.639670232729317561e-16 2.904337216587240092e-18
1.473513671875000000e+04 1.909884330815280048e-16 3.705165302390400273e-18
1.474208691406250000e+04 2.049992712365103910e-16 3.654261021084193227e-18
1.474903613281250000e+04 2.255870555291264023e-16 3.899428255658172546e-18
1.475598632812500000e+04 2.099514361277428571e-16 4.215077482276263971e-18
1.476293554687500000e+04 1.944442083923173426e-16 3.608618022064129713e-18
1.476988574218750000e+04 2.029736448827109351e-16 3.672770428060986050e-18
1.477683593750000000e+04 2.116441785332713729e-16 3.619705964585096772e-18
1.478378515625000000e+04 2.241305823763226329e-16 4.285990021829209928e-18
1.479073535156250000e+04 2.086120255752275921e-16 3.905482390561448156e-18
1.479768554687500000e+04 1.843433404963098110e-16 3.628018302560642147e-18
1.480463476562500000e+04 1.754131647776363285e-16 3.405516230360922062e-18
1.481158496093750000e+04 1.752223970760468990e-16 3.066122784259495978e-18
1.481853515625000000e+04 1.923866330145386386e-16 3.183226123193168691e-18
1.482548437500000000e+04 2.027659762268458222e-16 3.994177658923059101e-18
1.483243457031250000e+04 2.226632301441025660e-16 3.397624513726859902e-18
1.483938378906250000e+04 2.103552855551259464e-16 3.729601872046441817e-18
1.484633398437500000e+04 2.298301876690580147e-16 3.623478735358951131e-18
1.485328417968750000e+04 2.495028984459535639e-16 4.004079010855318842e-18
1.486023339843750000e+04 2.178918670824394905e-16 3.700200150763550725e-18
1.486718359375000000e+04 2.060168357388486235e-16 3.813114026689795491e-18
1.487413378906250000e+04 2.072872528108320655e-16 3.533074511851805631e-18
1.488108300781250000e+04 1.936210511862637728e-16 3.208829431103216280e-18
1.488803320312500000e+04 1.841496875887437966e-16 2.800741737056558321e-18
1.489498242187500000e+04 2.206887831091629911e-16 3.520170494295978399e-18
1.490193261718750000e+04 2.023105107292394239e-16 3.279305632883040515e-18
1.490888281250000000e+04 1.934444183469816495e-16 3.617040788651450917e-18
1.491583203125000000e+04 2.182081015393409632e-16 3.326192918339536920e-18
1.492278222656250000e+04 2.360977550227070067e-16 3.075559053892347779e-18
1.492973242187500000e+04 2.407079435963753499e-16 3.316281019854467128e-18
1.493668164062500000e+04 2.423301440392653435e-16 3.528186701612229790e-18
1.494363183593750000e+04 2.276655420327904468e-16 3.359215829549032030e-18
1.495058203125000000e+04 2.419418588422880519e-16 3.152837368644348699e-18
1.495753125000000000e+04 2.291004687849984350e-16 2.972873886625780615e-18
1.496448144531250000e+04 2.334741234081460148e-16 3.062898227436611138e-18
1.497143066406250000e+04 2.411455419927506028e-16 3.066671825391078050e-18
1.497838085937500000e+04 2.350399696902639958e-16 3.033614586186161990e-18
1.498533105468750000e+04 2.417697788050974204e-16 3.065220537006353763e-18
1.499228027343750000e+04 2.510227137813441940e-16 3.145161339355009740e-18
1.499923046875000000e+04 2.607468902438399771e-16 3.121445864397961298e-18
1.500618066406250000e+04 2.766010706153947335e-16 3.569585850499589996e-18
1.501312988281250000e+04 2.790701981264206207e-16 3.567578696743230074e-18
1.502008007812500000e+04 2.995109295584594050e-16 3.646645996365030054e-18
1.502702929687500000e+04 2.735079180502588423e-16 3.474155677590572299e-18
1.503397949218750000e+04 2.646579325288887004e-16 3.509182227038823979e-18
1.504092968750000000e+04 1.568341720589930938e-16 4.532966713993148995e-18
1.504787890625000000e+04 2.698553002234614856e-16 3.542649954622719479e-18
1.505482910156250000e+04 2.649825049663647077e-16 3.772568528194590010e-18
1.506177929687500000e+04 2.617659238189461038e-16 3.235050642930840981e-18
1.506872851562500000e+04 2.722230749483924754e-16 3.561586186795589665e-18
1.507567871093750000e+04 2.455063852425709613e-16 3.885487780794816371e-18
1.508262890625000000e+04 2.868991648392145086e-16 3.782461194730417944e-18
1.508957812500000000e+04 2.805240507710438222e-16 3.283163603259987836e-18
1.509652832031250000e+04 2.783835720435526035e-16 3.197976407876214281e-18
1.510347753906250000e+04 2.820488688947791730e-16 3.332039637704214858e-18
1.511042773437500000e+04 2.889767249005924937e-16 3.319336418242084874e-18
1.511737792968750000e+04 2.919716216438468862e-16 3.372004248614254976e-18
1.512432714843750000e+04 3.051722595498907332e-16 3.408814819848630399e-18
1.513127734375000000e+04 3.022289259373004463e-16 3.316904093650872696e-18
1.513822753906250000e+04 2.963203682043892692e-16 3.311724288655065637e-18
1.514517675781250000e+04 3.010421268990787647e-16 3.437873467972465122e-18
1.515212695312500000e+04 2.989174241602301574e-16 3.443698267050910405e-18
1.515907617187500000e+04 3.056718766398727619e-16 3.405524915757353869e-18
1.516602636718750000e+04 2.998602247700833971e-16 3.506706061875146491e-18
1.517297656250000000e+04 3.022476400714788460e-16 3.381587963191294354e-18
1.517992578125000000e+04 3.167506970130445866e-16 3.438252937078473824e-18
1.518687597656250000e+04 3.339671445918006732e-16 3.548807073512257940e-18
1.519382617187500000e+04 3.326397645541143795e-16 3.568135389295478262e-18
1.520077539062500000e+04 3.217987222111045979e-16 3.446979072155448851e-18
1.520772558593750000e+04 3.291438478225590684e-16 3.491067385214218950e-18
1.521467578125000000e+04 3.260811619737447303e-16 3.440297107167245494e-18
1.522162500000000000e+04 3.438318755839814668e-16 3.690418326429804896e-18
1.522857519531250000e+04 3.586804954982473603e-16 3.727187331838399529e-18
1.523552441406250000e+04 3.725768650913422082e-16 3.749500942452323727e-18
1.524247460937500000e+04 3.677280779243441693e-16 3.674285822943183197e-18
1.524942480468750000e+04 3.561183531817011102e-16 4.050224522097508321e-18
1.525637402343750000e+04 3.719035268378342429e-16 3.762071192630985812e-18
1.526332421875000000e+04 3.807208751209554924e-16 3.765085852373435321e-18
1.527027441406250000e+04 3.985879498823212885e-16 3.864508826099246483e-18
1.527722363281250000e+04 4.053971683359598038e-16 3.896078174177332784e-18
1.528417382812500000e+04 4.234318232719839429e-16 4.023465229281417876e-18
1.529112304687500000e+04 4.271033934609761145e-16 4.358589596241457784e-18
1.529807324218750000e+04 4.305732903991829575e-16 4.093888905092344993e-18
1.530502343750000000e+04 4.158466696991012851e-16 3.912249968743050752e-18
1.531197265625000000e+04 4.180862248116416552e-16 3.925084916717729806e-18
1.531892285156250000e+04 4.327417476837131698e-16 4.486154081586935500e-18
1.532587304687500000e+04 4.489859602576989298e-16 4.043112423190777389e-18
1.533282226562500000e+04 4.747964835286359528e-16 4.461346935016470200e-18
1.533977246093750000e+04 4.503080198696852825e-16 4.174772693339311421e-18
1.534672265625000000e+04 4.562636673405078783e-16 4.089432469542215556e-18
1.535367187500000000e+04 4.850742754315012263e-16 4.190399789471663220e-18
1.536062207031250000e+04 4.880663663781178389e-16 4.196018827372735937e-18
1.536757128906250000e+04 4.914957380837544840e-16 4.264033339649602361e-18
1.537452148437500000e+04 4.834470722002665120e-16 4.212056205088914038e-18
1.538147167968750000e+04 4.923336124872665972e-16 4.278339428343706975e-18
1.538842089843750000e+04 5.342201858223797999e-16 4.540293052678531161e-18
1.539537109375000000e+04 5.030807665220291599e-16 5.044215204158592110e-18
1.540232128906250000e+04 5.007905482513311420e-16 4.339646333033380897e-18
1.540927050781250000e+04 5.280404451974492382e-16 4.351889433279778260e-18
1.541622070312500000e+04 5.479586367103709242e-16 4.421635648169024448e-18
1.542316992187500000e+04 5.496389912590458459e-16 5.144854960565468775e-18
1.543012011718750000e+04 5.754703197767498026e-16 4.646295834586895381e-18
1.543707031250000000e+04 5.520369415327227702e-16 4.658881387606889698e-18
1.544401953125000000e+04 5.556651012831681589e-16 5.051675546103207866e-18
1.545096972656250000e+04 5.632103648981910595e-16 4.589670358573965319e-18
1.545791992187500000e+04 5.648089807674559412e-16 4.587049023212784774e-18
1.546486914062500000e+04 5.751579234378905760e-16 4.576454080336899319e-18
1.547181933593750000e+04 5.775560854698043138e-16 4.620528744915562293e-18
1.547876953125000000e+04 5.547159479262105120e-16 4.496831328933769981e-18
1.548571875000000000e+04 5.623586203301676571e-16 4.506578411681788583e-18
1.549266894531250000e+04 5.611947441210810451e-16 4.489876807933730401e-18
1.549961816406250000e+04 5.584820152283807414e-16 4.509167073408773283e-18
1.550656835937500000e+04 5.783025332545721660e-16 5.579703808584595423e-18
1.551351855468750000e+04 5.662298255969158266e-16 4.542665820265639521e-18
1.552046777343750000e+04 5.581541075986749204e-16 4.536188996069349315e-18
1.552741796875000000e+04 5.641499361949328922e-16 4.530992233870984918e-18
1.553436816406250000e+04 5.433582948947144123e-16 4.958469248271038984e-18
1.554131738281250000e+04 5.613068701074738331e-16 4.622475100896899567e-18
1.554826757812500000e+04 5.846033995909600926e-16 4.647707418302217123e-18
1.555521777343750000e+04 5.770692532833699047e-16 4.628553224037939214e-18
1.556216699218750000e+04 5.659869918388498594e-16 4.527387794351785100e-18
1.556911718750000000e+04 5.669577445359624910e-16 4.563937596898053181e-18
1.557606640625000000e+04 5.937702019043829445e-16 4.652881433033736311e-18
1.558301660156250000e+04 6.071842921131348752e-16 4.683441620764507919e-18
1.558996679687500000e+04 6.140404414860071991e-16 4.748530395214774284e-18
1.559691601562500000e+04 6.163945578046637133e-16 4.756277768831945941e-18
1.560386621093750000e+04 6.369353714733765135e-16 4.869516726738924047e-18
1.561081640625000000e+04 6.431851511351331652e-16 4.879479290036512713e-18
1.561776562500000000e+04 6.471076548347494233e-16 4.897336465100307474e-18
1.562471582031250000e+04 6.417901937501237393e-16 4.849061377371100226e-18
1.563166503906250000e+04 6.472744673857993170e-16 4.941234113027884100e-18
1.563861523437500000e+04 6.515092615451563950e-16 4.844140479907022264e-18
1.564556542968750000e+04 6.653716439412426641e-16 5.297982635561285258e-18
1.565251464843750000e+04 6.824984383764878034e-16 5.085111840823826351e-18
1.565946484375000000e+04 6.758021664724097287e-16 5.430349317952939576e-18
1.566641503906250000e+04 6.878130407249165041e-16 5.116881366610150485e-18
1.567336425781250000e+04 6.670873621154654529e-16 5.103284998881616369e-18
1.568031445312500000e+04 6.791564169435367580e-16 5.149007820830791250e-18
1.568726464843750000e+04 6.962859642358604738e-16 5.159142437695790945e-18
1.569421386718750000e+04 6.832619326993191484e-16 5.087596691383935646e-18
1.570116406250000000e+04 6.684233977710815015e-16 5.156765534205619820e-18
1.570811328125000000e+04 6.784877903107978947e-16 5.206871586220713195e-18
1.571506347656250000e+04 6.545335926833278743e-16 5.144866541094044517e-18
1.572201367187500000e+04 6.614673514499923735e-16 5.095180696830128080e-18
1.572896289062500000e+04 6.756154486470993589e-16 5.142997112909674675e-18
1.573591308593750000e+04 6.826691155153595449e-16 5.130057940177813939e-18
1.574286328125000000e+04 6.793907274325709789e-16 5.222371296538731828e-18
1.574981250000000000e+04 6.857898495908404043e-16 5.238557566765169473e-18
1.575676269531250000e+04 6.740338263763387665e-16 5.135355618410909805e-18
1.576371191406250000e+04 6.368630030959454742e-16 4.931647503318700785e-18
1.577066210937500000e+04 6.187764673919020093e-16 4.825914382290028852e-18
1.577761230468750000e+04 5.992753337263846593e-16 4.687654038033934212e-18
1.578456152343750000e+04 6.019861038553944374e-16 4.687661896249753466e-18
1.579151171875000000e+04 5.819050702583631121e-16 4.635671940389570571e-18
1.579846191406250000e+04 5.968138030421044592e-16 4.794000927077120492e-18
1.580541113281250000e+04 6.128049380533183953e-16 4.761197425525105073e-18
1.581236132812500000e+04 6.236160430755986576e-16 5.205161803894566087e-18
1.581931152343750000e+04 6.223899099448888545e-16 4.783758776732488903e-18
1.582626074218750000e+04 6.327704575321679153e-16 4.924638801988538982e-18
1.583321093750000000e+04 6.060996134846165402e-16 4.732174966553069544e-18
1.584016015625000000e+04 6.165850872782367275e-16 4.791259236936813482e-18
1.584711035156250000e+04 6.143650139234832063e-16 4.824159105030191328e-18
1.585406054687500000e+04 6.097959064477566967e-16 4.770922174396584743e-18
1.586100976562500000e+04 6.185542800619253656e-16 4.751849871012949584e-18
1.586795996093750000e+04 6.393335335052902513e-16 4.879108299531782680e-18
1.587491015625000000e+04 6.474939547982565876e-16 4.989885154345496699e-18
1.588185937500000000e+04 6.604359300180326527e-16 5.054178594636793328e-18
1.588880957031250000e+04 6.311844412779934414e-16 4.802228065449572905e-18
1.589575878906250000e+04 6.043110504769298817e-16 4.670058252043706208e-18
1.590270898437500000e+04 6.075193995228923578e-16 4.634169366806867996e-18
1.590965917968750000e+04 5.994774569634232168e-16 4.538356209274238247e-18
1.591660839843750000e+04 5.781949600702708698e-16 4.603092191193250746e-18
1.592355859375000000e+04 5.988934806858505801e-16 4.745155911905864208e-18
1.593050878906250000e+04 6.089075806443237492e-16 4.688865857631324398e-18
1.593745800781250000e+04 6.177180467847485576e-16 4.746706461964094858e-18
1.594440820312500000e+04 6.392799057318172135e-16 4.867214683094188971e-18
1.595135839843750000e+04 6.298041481508833556e-16 4.837884512934283716e-18
1.595830761718750000e+04 6.182605184479057336e-16 4.757924685431539019e-18
1.596525781250000000e+04 6.065996276212925944e-16 4.978521347090243205e-18
1.597220703125000000e+04 6.135358216076804497e-16 4.761123392860281577e-18
1.597915722656250000e+04 6.409139911057483690e-16 4.905502392107430963e-18
1.598610742187500000e+04 6.215971929853772362e-16 4.921064554561697349e-18
1.599305664062500000e+04 6.448067427730923198e-16 5.133507696922466341e-18
1.600000683593750000e+04 6.706628470045034648e-16 5.592889481138996961e-18
1.600695703125000000e+04 6.696968588677191386e-16 5.531991617262230511e-18
1.601390625000000000e+04 6.333337344420920251e-16 5.226783477926089677e-18
1.602085644531250000e+04 6.531818339786284178e-16 5.010063811798421533e-18
1.602780566406250000e+04 6.294571293403051094e-16 4.800034382465082276e-18
1.603475585937500000e+04 5.982592647665939227e-16 4.999742252114984853e-18
1.604170605468750000e+04 6.171070713319821901e-16 4.864921738436191979e-18
1.604865527343750000e+04 6.363854882719308624e-16 4.858574781596072597e-18
1.605560546875000000e+04 6.304322230812724193e-16 4.845389109041671060e-18
1.606255566406250000e+04 6.184846645415729028e-16 4.862139516445869870e-18
1.606950488281250000e+04 6.273627344991004450e-16 4.974099239535534719e-18
1.607645507812500000e+04 6.277257410565581161e-16 5.045783538599992650e-18
1.608340527343750000e+04 6.471225837904447803e-16 5.298917349653470179e-18
1.609035449218750000e+04 6.394949991608606023e-16 5.093460161156017783e-18
1.609730468750000000e+04 6.158511861690000797e-16 4.821132864759166076e-18
1.610425390625000000e+04 6.132480951034100045e-16 4.721537423875637608e-18
1.611120410156250000e+04 6.142705697498643518e-16 4.855090696855999245e-18
1.611815429687500000e+04 6.272143978542125357e-16 4.831878768096842459e-18
1.612510351562500000e+04 6.326104212446960560e-16 5.226403802024927838e-18
1.613205371093750000e+04 6.019134178406081778e-16 4.737416810094818081e-18
1.613900390625000000e+04 6.301527022086785002e-16 4.944537045213808339e-18
1.614595312500000000e+04 6.231951206403724738e-16 4.816556074429910174e-18
1.615290332031250000e+04 6.122836951534017802e-16 4.690233600774180829e-18
1.615985253906250000e+04 5.926856820945422197e-16 4.554098697102041193e-18
1.616680273437500000e+04 5.925962142394884842e-16 4.602183946880667522e-18
1.617375292968750000e+04 6.142345708496060441e-16 4.699677521827698746e-18
1.618070214843750000e+04 6.110716439454400798e-16 4.708695444865751854e-18
1.618765234375000000e+04 6.015274355144562338e-16 4.679630799682476120e-18
1.619460253906250000e+04 6.104321340702630831e-16 4.753888044042280244e-18
1.620155175781250000e+04 6.102077232787998969e-16 4.821271003921462432e-18
1.620850195312500000e+04 5.937791486898883180e-16 4.642108232735845679e-18
1.621545214843750000e+04 6.003850527664061996e-16 4.587832363252872491e-18
1.622240136718750000e+04 6.138471062157964050e-16 4.664715492467226202e-18
1.622935156250000000e+04 6.247020981326562809e-16 4.832136434857652727e-18
1.623630078125000000e+04 6.341009874736268110e-16 4.944283514356060836e-18
1.624325097656250000e+04 6.050599334814210899e-16 5.958589752261446985e-18
1.625020117187500000e+04 6.256568630828894875e-16 4.743901906097233818e-18
1.625715039062500000e+04 6.391541213391499499e-16 4.875223032194621109e-18
1.626410058593750000e+04 6.158446216636588588e-16 4.740262724992306772e-18
1.627105078125000000e+04 6.378253384031447662e-16 4.774563009862736894e-18
1.627800000000000000e+04 6.422286921190054499e-16 4.913233635702657836e-18
1.628495019531250000e+04 6.090747637722880668e-16 4.737380414147865747e-18
1.629189941406250000e+04 6.192656818585005711e-16 4.747477394294994280e-18
1.629884960937500000e+04 6.261949937021919852e-16 4.848732573077610397e-18
1.630579980468750000e+04 6.351980010194395367e-16 4.892595479419459796e-18
1.631274902343750000e+04 6.209044259136416253e-16 4.819060363734414465e-18
1.631969921875000000e+04 6.036308830202846785e-16 4.700316932441202236e-18
1.632664941406250000e+04 6.218367444907725930e-16 4.759878899628695547e-18
1.633359863281250000e+04 6.038949984811504100e-16 4.701859210693307356e-18
1.634054882812500000e+04 5.973453691560657360e-16 4.693186635560995138e-18
1.634749902343750000e+04 6.128252139044932951e-16 4.947714245946624519e-18
1.635444824218750000e+04 6.093055273108556602e-16 4.764460653041626767e-18
1.636139843750000000e+04 6.207126258906477297e-16 5.051547746698568423e-18
1.636834765625000000e+04 6.362933734389169572e-16 4.868892205376446511e-18
1.637529785156250000e+04 6.150632867093759702e-16 4.867215510274801524e-18
1.638224804687500000e+04 5.962053157486206512e-16 4.836253312766329145e-18
1.638919726562500000e+04 5.900831733641033819e-16 4.999358853901066525e-18
1.639614648437500000e+04 6.126896356933734036e-16 4.768332685488987490e-18
1.640309765625000000e+04 5.989830544200227223e-16 5.966185338236215161e-18
1.641004687500000000e+04 6.064709844924283475e-16 4.873344505023513183e-18
1.641699609375000000e+04 5.765872385968230044e-16 4.588767490935363689e-18
1.642394726562500000e+04 5.769911674335448989e-16 4.570823461907250860e-18
1.643089648437500000e+04 5.873517568070042803e-16 4.756692599909141285e-18
1.643784570312500000e+04 5.807688284991806716e-16 4.655056918044750774e-18
1.644479687500000000e+04 5.797996639888441418e-16 4.621283960814823207e-18
1.645174609375000000e+04 5.833614375320484748e-16 4.649674453798868223e-18
1.645869531250000000e+04 5.867176997064252331e-16 4.676385356549124316e-18
