9.358875976562500000e+03 5.012049802965989898e-15 2.687010523967049908e-17
9.365822265625000000e+03 5.081054189047008729e-15 2.670805724894891075e-17
9.372768554687500000e+03 4.909035349986816399e-15 2.593151167041270411e-17
9.379714843750000000e+03 4.706920583277731523e-15 2.438902993187689596e-17
9.386661132812500000e+03 4.806540975237257041e-15 2.367935032533702587e-17
9.393607421875000000e+03 5.003650200744542628e-15 2.440672828826308054e-17
9.400553710937500000e+03 5.138018425299281308e-15 2.462762025340046616e-17
9.407500000000000000e+03 5.097333738776762754e-15 2.494520963214530071e-17
9.414446289062500000e+03 5.039623690014432764e-15 2.505658784726434078e-17
9.421392578125000000e+03 4.916561661239644485e-15 2.502663067420012033e-17
9.428338867187500000e+03 4.825289626008257352e-15 2.511786869576471929e-17
9.435285156250000000e+03 4.791947021072539073e-15 2.502313666329269634e-17
9.442231445312500000e+03 4.534594694774159510e-15 2.429412915455991221e-17
9.449177734375000000e+03 4.609260225558152457e-15 2.399071103406933612e-17
9.456124023437500000e+03 4.533389366890216640e-15 2.389473988503970875e-17
9.463070312500000000e+03 4.480814031854142218e-15 2.335191749730281029e-17
9.470016601562500000e+03 4.412514377185238965e-15 2.294168885303571196e-17
9.476962890625000000e+03 4.345575904462573372e-15 2.276984208077782046e-17
9.483909179687500000e+03 4.267957193307978306e-15 2.227234753624760281e-17
9.490855468750000000e+03 4.400091791980807396e-15 2.301443111610362521e-17
9.497801757812500000e+03 4.188270027696188239e-15 2.245147349789596095e-17
9.504748046875000000e+03 4.183755342087322818e-15 2.159081523159168714e-17
9.511694335937500000e+03 4.386787445478284100e-15 2.263678677052621574e-17
9.518640625000000000e+03 4.247817714437586434e-15 2.244997133790356466e-17
9.525586914062500000e+03 4.140284340684811243e-15 2.180279349844820133e-17
9.532533203125000000e+03 4.347277170137133634e-15 2.203877654668100439e-17
9.539479492187500000e+03 4.314115830252127776e-15 2.248519103402484747e-17
9.546425781250000000e+03 4.418454195727859746e-15 2.298407855070660441e-17
9.553372070312500000e+03 4.141248687695260264e-15 2.184734048315663209e-17
9.560318359375000000e+03 4.046668988804845088e-15 2.136692556391440935e-17
9.567264648437500000e+03 3.953557198012021615e-15 2.078004919111416175e-17
9.574210937500000000e+03 4.036656212335352004e-15 2.075895443113283444e-17
9.581157226562500000e+03 4.031449077292106192e-15 2.092646346825849786e-17
9.588102539062500000e+03 3.930982499418273629e-15 2.057389758449247109e-17
9.595048828125000000e+03 3.828255614124692965e-15 2.005853428436988294e-17
9.601995117187500000e+03 3.794262064369009757e-15 1.966422555817198017e-17
9.608941406250000000e+03 3.841721743920141832e-15 1.963054110926759578e-17
9.615887695312500000e+03 3.882172649349218199e-15 1.988460301696835781e-17
9.622833984375000000e+03 3.786201698842937835e-15 1.948524352595020626e-17
9.629780273437500000e+03 3.823622343903211943e-15 1.937229035894486522e-17
9.636726562500000000e+03 3.766701306331249333e-15 1.926674045842187378e-17
9.643672851562500000e+03 3.730377568937669544e-15 1.893671690070914212e-17
9.650619140625000000e+03 3.708053168579835204e-15 1.874156679623440673e-17
9.657565429687500000e+03 3.737109786802446723e-15 1.875460316268824244e-17
9.664511718750000000e+03 3.589101790698072045e-15 1.807436787723280992e-17
9.671458007812500000e+03 3.623748826372561946e-15 1.788834984672065995e-17
9.678404296875000000e+03 3.592960449289289010e-15 1.766850012915509115e-17
9.685350585937500000e+03 3.518398256524861087e-15 1.735330295674175996e-17
9.692296875000000000e+03 3.581581408675874739e-15 1.738789234123627736e-17
9.699243164062500000e+03 3.489638946866735827e-15 1.713115864015696905e-17
9.706189453125000000e+03 3.518022173896280178e-15 1.713905325192317515e-17
9.713135742187500000e+03 3.460702183806160792e-15 1.701853634539664923e-17
9.720082031250000000e+03 3.459057245822592941e-15 1.710649542301308798e-17
9.727028320312500000e+03 3.446499347104837498e-15 1.735774491663116971e-17
9.733974609375000000e+03 3.414007375006399350e-15 1.696354041519044863e-17
9.740920898437500000e+03 3.341606386806890774e-15 1.677483073896505111e-17
9.747867187500000000e+03 3.387630769028900438e-15 1.685428143680076942e-17
9.754813476562500000e+03 3.371282186113945187e-15 1.673482828454198669e-17
9.761759765625000000e+03 3.243339765255314443e-15 1.616913766159044723e-17
9.768706054687500000e+03 3.288464598487340039e-15 1.643158718070249696e-17
9.775652343750000000e+03 3.267569566227997331e-15 1.657684009626680862e-17
9.782598632812500000e+03 3.203135769930362704e-15 1.596638742164757462e-17
9.789544921875000000e+03 3.213657824959392437e-15 1.686904164765116565e-17
9.796491210937500000e+03 3.120972727013748317e-15 1.568930673186068694e-17
9.803437500000000000e+03 3.085557644214335579e-15 1.544906701219568601e-17
9.810383789062500000e+03 3.070645629177923622e-15 1.525645138911781309e-17
9.817330078125000000e+03 3.073321618016536770e-15 1.524660628546720695e-17
9.824276367187500000e+03 3.033407943234256443e-15 1.519765539117754388e-17
9.831222656250000000e+03 3.014453463457073337e-15 1.498556131903527227e-17
9.838168945312500000e+03 3.014179448298636571e-15 1.495903529115192177e-17
9.845115234375000000e+03 2.984052815705406057e-15 1.489174745704318319e-17
9.852061523437500000e+03 2.959419615291593308e-15 1.481567827355158165e-17
9.859007812500000000e+03 2.917822886043118687e-15 1.459761361174790229e-17
9.865954101562500000e+03 2.916708402442768841e-15 1.458776354501362083e-17
9.872900390625000000e+03 2.943792069172988281e-15 1.498262482786070902e-17
9.879846679687500000e+03 2.902588151453802841e-15 1.452037314050892567e-17
9.886792968750000000e+03 2.893337916395075440e-15 1.455376642183769140e-17
9.893739257812500000e+03 2.879871574841389760e-15 1.446350447339590502e-17
9.900685546875000000e+03 2.835570692908805784e-15 1.419715727923750542e-17
9.907631835937500000e+03 2.811751491157304418e-15 1.410862579263717998e-17
9.914578125000000000e+03 2.864492632892803869e-15 1.431399323203817037e-17
9.921524414062500000e+03 2.830254925890074609e-15 1.427654180262421949e-17
9.928470703125000000e+03 2.889480316595042543e-15 1.465187665993138090e-17
9.935416992187500000e+03 2.847940126795797146e-15 1.422853223987164176e-17
9.942363281250000000e+03 2.856786750655157872e-15 1.428969397436381263e-17
9.949309570312500000e+03 2.868564320270255291e-15 1.430769507885419162e-17
9.956255859375000000e+03 2.820626067103924536e-15 1.415964794718067583e-17
9.963202148437500000e+03 2.839788916986132200e-15 1.422276679100214716e-17
9.970148437500000000e+03 2.827494657273209658e-15 1.415992257114404343e-17
9.977094726562500000e+03 2.829395822723321935e-15 1.416808022634504139e-17
9.984041015625000000e+03 2.847311628348934455e-15 1.423642685163784786e-17
9.990987304687500000e+03 2.812613770697609296e-15 1.411854699690414099e-17
9.997933593750000000e+03 2.755070587425888402e-15 1.388628129834415124e-17
1.000487988281250000e+04 2.757593475059285336e-15 1.394534695716411274e-17
1.001182617187500000e+04 2.740549266336397491e-15 1.389286565602007334e-17
1.001877246093750000e+04 2.712261542271656063e-15 1.374532475888144001e-17
1.002571875000000000e+04 2.700919135833210541e-15 1.371804351509882860e-17
1.003266503906250000e+04 2.685611344652194012e-15 1.377152487760344461e-17
1.003961132812500000e+04 2.716924035129817359e-15 1.388678587851780859e-17
1.004655761718750000e+04 2.708877857405611947e-15 1.394516001434567575e-17
1.005350390625000000e+04 2.654042850224499865e-15 1.365929880235653768e-17
1.006044921875000000e+04 2.578868676155680710e-15 1.334694216816671359e-17
1.006739550781250000e+04 2.574163831650156699e-15 1.319436456827824487e-17
1.007434179687500000e+04 2.524975569611915410e-15 1.303751458052593976e-17
1.008128808593750000e+04 2.527092728463577534e-15 1.329037128607421202e-17
1.008823437500000000e+04 2.503806310435899123e-15 1.307487253853067215e-17
1.009518066406250000e+04 2.473452461254567643e-15 1.287504555487256193e-17
1.010212695312500000e+04 2.476010077238802003e-15 1.282831729488882885e-17
1.010907324218750000e+04 2.460147691235570720e-15 1.271490090674045812e-17
1.011601953125000000e+04 2.445687780034755746e-15 1.277976096575135357e-17
1.012296582031250000e+04 2.452307130759311289e-15 1.272050174666805467e-17
1.012991210937500000e+04 2.468261631595556477e-15 1.495353784880089435e-17
1.013685839843750000e+04 2.382603307222097219e-15 1.254605349138368390e-17
1.014380468750000000e+04 2.340393114361573670e-15 1.239099269529633099e-17
1.015075097656250000e+04 2.342930613313310741e-15 1.236431777490272095e-17
1.015769726562500000e+04 2.316026094051435585e-15 1.218977356666729403e-17
1.016464355468750000e+04 2.293897993579127430e-15 1.212839924675769703e-17
1.017158984375000000e+04 2.264534114154899413e-15 1.202081034602476238e-17
1.017853613281250000e+04 2.196933685183954585e-15 1.181408384887734737e-17
1.018548242187500000e+04 2.210931116395568712e-15 1.182948429752185963e-17
1.019242871093750000e+04 2.217736602610283388e-15 1.185266272546620802e-17
1.019937500000000000e+04 2.208072591956822261e-15 1.181452556332445068e-17
1.020632128906250000e+04 2.187445857383522353e-15 1.172279785083722034e-17
1.021326757812500000e+04 2.161659633370259688e-15 1.171839394125598802e-17
1.022021386718750000e+04 2.184922546233651793e-15 1.176888504584622483e-17
1.022716015625000000e+04 2.110685825879206334e-15 1.151322750674384801e-17
1.023410644531250000e+04 2.142474125356712972e-15 1.163465596630540737e-17
1.024105273437500000e+04 2.120910995860223434e-15 1.158907169710883512e-17
1.024799902343750000e+04 2.132438478997644021e-15 1.159201066982523603e-17
1.025494531250000000e+04 2.078432081797183459e-15 1.140566673015174016e-17
1.026189160156250000e+04 2.075652966697242099e-15 1.138621309650571806e-17
1.026883789062500000e+04 2.073999558384201705e-15 1.134986016294523760e-17
1.027578417968750000e+04 2.101576410047959961e-15 1.141496920332051151e-17
1.028273046875000000e+04 2.079304313974618575e-15 1.136181954024152927e-17
1.028967675781250000e+04 2.074847226606166446e-15 1.129334470195377709e-17
1.029662304687500000e+04 2.055207920691128239e-15 1.126033605960984852e-17
1.030356933593750000e+04 2.049440685111510521e-15 1.114366637011230673e-17
1.031051562500000000e+04 2.021447728512413590e-15 1.110403945568734139e-17
1.031746191406250000e+04 2.019461224492865442e-15 1.108978465219121506e-17
1.032440820312500000e+04 2.003254307838338473e-15 1.104800375945116163e-17
1.033135449218750000e+04 2.002935823450170856e-15 1.105524241699161318e-17
1.033830078125000000e+04 2.003007821250687472e-15 1.101572965349118015e-17
1.034524707031250000e+04 1.972496847457640319e-15 1.092271071206775453e-17
1.035219335937500000e+04 1.978666847203677456e-15 1.093090559039631738e-17
1.035913964843750000e+04 1.963198119762682610e-15 1.086844518234243826e-17
1.036608593750000000e+04 1.970073062679072139e-15 1.093748002190488884e-17
1.037303222656250000e+04 1.962746227685322441e-15 1.194029920264375109e-17
1.037997851562500000e+04 1.961374034310770474e-15 1.160392786091028750e-17
1.038692480468750000e+04 1.935827732379817590e-15 1.072440574073674189e-17
1.039387109375000000e+04 1.914345071013317211e-15 1.070473455858961834e-17
1.040081738281250000e+04 1.942069306409897715e-15 1.072567463579639823e-17
1.040776367187500000e+04 1.937124963338537550e-15 1.071836235918142947e-17
1.041470996093750000e+04 1.910782662195402437e-15 1.064447527814574282e-17
1.042165625000000000e+04 1.884396527097246914e-15 1.062736504717508345e-17
1.042860253906250000e+04 1.898340171716710392e-15 1.068947473064924008e-17
1.043554882812500000e+04 1.934037528245795626e-15 1.071227100115058897e-17
1.044249511718750000e+04 1.897545654812185859e-15 1.060499312032797426e-17
1.044944140625000000e+04 1.959102080187997627e-15 1.086868092881701587e-17
1.045638769531250000e+04 1.901397325381587976e-15 1.063645989801010399e-17
1.046333398437500000e+04 1.881973377593389174e-15 1.049961940927545662e-17
1.047028027343750000e+04 1.852897277612990806e-15 1.138382585325789002e-17
1.047722656250000000e+04 1.889345952366290604e-15 1.052264729034832035e-17
1.048417285156250000e+04 1.875492093239236081e-15 1.044568806051761177e-17
1.049111914062500000e+04 1.870600266210605683e-15 1.044351340268720986e-17
1.049806542968750000e+04 1.859511757898099638e-15 1.059672875882795696e-17
1.050501171875000000e+04 1.852555711577010510e-15 1.058312990955758519e-17
1.051195800781250000e+04 1.868209727475217234e-15 1.061281742174211335e-17
1.051890429687500000e+04 1.882896643505896361e-15 1.045887662820415724e-17
1.052585058593750000e+04 1.832891418190028300e-15 1.061724862828355992e-17
1.053279687500000000e+04 1.875965584656751235e-15 1.050591342655637260e-17
1.053974218750000000e+04 1.873614432953410111e-15 1.110653754113725153e-17
1.054668847656250000e+04 1.843160845642539437e-15 1.030281659793684027e-17
1.055363476562500000e+04 1.862451809258019314e-15 1.035522179846452479e-17
1.056058105468750000e+04 1.832283460292136526e-15 1.026621716455381901e-17
1.056752734375000000e+04 1.864224649216622565e-15 1.033966749422607766e-17
1.057447363281250000e+04 1.886292186833202038e-15 1.170845205747371318e-17
1.058141992187500000e+04 1.893577093696062648e-15 1.445603999554822649e-17
1.058836621093750000e+04 1.876982871226403650e-15 1.151454437827903243e-17
1.059531250000000000e+04 1.881319468158108854e-15 1.052156285656526334e-17
1.060225878906250000e+04 1.880095505549326390e-15 1.042576872418672231e-17
1.060920507812500000e+04 1.856644551371643831e-15 1.032735491080822584e-17
1.061615136718750000e+04 1.869675306232203987e-15 1.026932322775395563e-17
1.062309765625000000e+04 1.900859247701844681e-15 1.038602269575354933e-17
1.063004394531250000e+04 1.906034830767805270e-15 1.045101841238490348e-17
1.063699023437500000e+04 1.830608240880704334e-15 1.013613887732679264e-17
1.064393652343750000e+04 1.885195279166507719e-15 1.026747696062673727e-17
1.065088281250000000e+04 1.842096760502551223e-15 1.096956718504643334e-17
1.065782910156250000e+04 1.914003081460863287e-15 1.035132660496001258e-17
1.066477539062500000e+04 1.946422208725837565e-15 1.070092621904942420e-17
1.067172167968750000e+04 1.898165259413102379e-15 1.033532810473262447e-17
1.067866796875000000e+04 1.960670573448075778e-15 1.056430410599649083e-17
1.068561425781250000e+04 1.985207635622375164e-15 1.074136873355836683e-17
1.069256054687500000e+04 1.975983870343249460e-15 1.058547910249723578e-17
1.069950683593750000e+04 1.940715324243711716e-15 1.035967616606312284e-17
1.070645312500000000e+04 1.936366233576034511e-15 1.029803053091260845e-17
1.071339941406250000e+04 1.892933560414386193e-15 1.030586889439716095e-17
1.072034570312500000e+04 1.958554685145834535e-15 1.038689702566101788e-17
1.072729199218750000e+04 1.975875661884237723e-15 1.046068567220381071e-17
1.073423828125000000e+04 1.948271705166167329e-15 1.031654283302154521e-17
1.074118457031250000e+04 1.968890392926468322e-15 1.036681473474945547e-17
1.074813085937500000e+04 1.984614289042823526e-15 1.041652746238327988e-17
1.075507714843750000e+04 1.967341169665940206e-15 1.026577958600977846e-17
1.076202343750000000e+04 1.912344167433665740e-15 1.003558680206484660e-17
1.076896972656250000e+04 1.925533105697125637e-15 1.012550795209426113e-17
1.077591601562500000e+04 1.968389584696404217e-15 1.026167180708784012e-17
1.078286230468750000e+04 2.015809877215488967e-15 1.044315523348197440e-17
1.078980859375000000e+04 2.013159299365293448e-15 1.045280512250801802e-17
1.079675488281250000e+04 1.999132645516999048e-15 1.037944247398068999e-17
1.080370117187500000e+04 1.983199532262672031e-15 1.032331330633529175e-17
1.081064746093750000e+04 2.008739057930046881e-15 1.063685859906535454e-17
1.081759375000000000e+04 2.022719548482715922e-15 1.038009098358093157e-17
1.082454003906250000e+04 2.007684078394241650e-15 1.032310981990460370e-17
1.083148632812500000e+04 2.017348300805939590e-15 1.061774659101231684e-17
1.083843261718750000e+04 2.006676532703482660e-15 1.030361648158917905e-17
1.084537890625000000e+04 2.007733629821656027e-15 1.032010963582287387e-17
1.085232519531250000e+04 2.036126385971856988e-15 1.042154265843718889e-17
1.085927148437500000e+04 2.020363102823454458e-15 1.038527078857673862e-17
1.086621777343750000e+04 2.055487865080195785e-15 1.050774976751624033e-17
1.087316406250000000e+04 2.001561724251487567e-15 1.024228352071020971e-17
1.088011035156250000e+04 2.009693028786892037e-15 1.021225438293269714e-17
1.088705664062500000e+04 2.055461183542357274e-15 1.038006699534316753e-17
1.089400292968750000e+04 2.039990126760757479e-15 1.029306662005667774e-17
1.090094921875000000e+04 2.008798350236354682e-15 1.043751138016252509e-17
1.090789550781250000e+04 2.034675418533210371e-15 1.047755850233866737e-17
1.091484179687500000e+04 2.062508497663513053e-15 1.059760060719358785e-17
1.092178808593750000e+04 2.044710641375805694e-15 1.138539336051867801e-17
1.092873437500000000e+04 2.089608893294440765e-15 1.096484398374875555e-17
1.093568066406250000e+04 2.108437376920719794e-15 1.088598802877346287e-17
1.094262695312500000e+04 2.068661344992368291e-15 1.053853742991546402e-17
1.094957324218750000e+04 2.051426977372821855e-15 1.040409741931844553e-17
1.095651953125000000e+04 2.061511539884594742e-15 1.040834499176390533e-17
1.096346582031250000e+04 2.095166064703139416e-15 1.047804736608068621e-17
1.097041210937500000e+04 2.059024015876745675e-15 1.023011073081587935e-17
1.097735839843750000e+04 2.088260416842411919e-15 1.062266335257333204e-17
1.098430468750000000e+04 2.082375020166652227e-15 1.043798700901474308e-17
1.099125097656250000e+04 2.083381930582700776e-15 1.038193642352753737e-17
1.099819726562500000e+04 2.073284874334955889e-15 1.054270228429966851e-17
1.100514355468750000e+04 2.071445118773519549e-15 1.039708044618215820e-17
1.101208886718750000e+04 2.094558318563484456e-15 1.049571015370053101e-17
1.101903515625000000e+04 2.087860617291307889e-15 1.040386994464999345e-17
1.102598144531250000e+04 2.048972275891678893e-15 1.029944335539884903e-17
1.103292773437500000e+04 2.053231157550473515e-15 1.028829875100592208e-17
1.103987402343750000e+04 2.064086731802484628e-15 1.032693056715398614e-17
1.104682031250000000e+04 2.085914347336754321e-15 1.042949351848504859e-17
1.105376660156250000e+04 2.096073025231411958e-15 1.057006955486598543e-17
1.106071289062500000e+04 2.064676902008484062e-15 1.036773704113245210e-17
1.106765917968750000e+04 2.087881369598515620e-15 1.053930009044023791e-17
1.107460546875000000e+04 2.073464868836247428e-15 1.039787453957020911e-17
1.108155175781250000e+04 2.062303092173803885e-15 1.039300823602655965e-17
1.108849804687500000e+04 2.088817976279942062e-15 1.046252697624735375e-17
1.109544433593750000e+04 2.110834268403212650e-15 1.059230334255079826e-17
1.110239062500000000e+04 2.114350513925502065e-15 1.075891075280877888e-17
1.110933691406250000e+04 2.061124657585936340e-15 1.058679928275487042e-17
1.111628320312500000e+04 2.082712351037896252e-15 1.073027789590525583e-17
1.112322949218750000e+04 2.164081935841170173e-15 1.122990573923524774e-17
1.113017578125000000e+04 2.096329040939719571e-15 1.119273472404895233e-17
1.113712207031250000e+04 2.055790891117076011e-15 1.124775629685414207e-17
1.114406835937500000e+04 2.143864741697867719e-15 1.155192880606336652e-17
1.115101464843750000e+04 2.234057233437979247e-15 1.234646556292260151e-17
1.115796093750000000e+04 2.239382741335603846e-15 1.291178147305665445e-17
1.116490722656250000e+04 2.006092503486350820e-15 1.234673356944106869e-17
1.117185351562500000e+04 1.985262692763946693e-15 1.166066996938958753e-17
1.117879980468750000e+04 2.130382518276421021e-15 1.224973754363248811e-17
1.118574609375000000e+04 2.166302220954160508e-15 1.268983485263826372e-17
1.119269238281250000e+04 2.033777351850883999e-15 1.219780135451212116e-17
1.119963867187500000e+04 2.033415245265932786e-15 1.197081554980205739e-17
1.120658496093750000e+04 2.133246760187561437e-15 1.254114665599001934e-17
1.121353125000000000e+04 2.240072014396432033e-15 1.372845606464964612e-17
1.122047753906250000e+04 2.005919708765110943e-15 1.330784382215316963e-17
1.122742382812500000e+04 1.936979697188083438e-15 1.239118873710150605e-17
1.123437011718750000e+04 1.960885931574915184e-15 1.241208662809704575e-17
1.124131640625000000e+04 2.112654118690388515e-15 1.288978177748519412e-17
1.124826269531250000e+04 2.193992575032850841e-15 1.380101221207973494e-17
1.125520898437500000e+04 1.890205055533043278e-15 1.259309442563896203e-17
1.126215527343750000e+04 1.891040865293746459e-15 1.195920606990487565e-17
1.126910156250000000e+04 2.043887960625784955e-15 1.252973818098168798e-17
1.127604785156250000e+04 1.985823005058555413e-15 1.240333588439684727e-17
1.128299414062500000e+04 2.066570655920307864e-15 1.276014189598282086e-17
1.128994042968750000e+04 1.978383726441057706e-15 1.232326231955987653e-17
1.129688671875000000e+04 1.806344770348368087e-15 1.111063952979490199e-17
1.130383300781250000e+04 1.846238751614624751e-15 1.052699660600912417e-17
1.131077929687500000e+04 1.983661800493636065e-15 1.083171836314508383e-17
1.131772558593750000e+04 2.093651993309922354e-15 1.158883264191180729e-17
1.132467187500000000e+04 2.207102103957505647e-15 1.290429548851304955e-17
1.133161816406250000e+04 2.302254185362027916e-15 1.492268732067511663e-17
1.133856445312500000e+04 2.200754227292545107e-15 1.560830093447336894e-17
1.134551074218750000e+04 1.669273769538059341e-15 1.375612939204260766e-17
1.135245703125000000e+04 1.635757840485509151e-15 1.116964811315259733e-17
1.135940332031250000e+04 1.728118418933236467e-15 1.031858100605087587e-17
1.136634960937500000e+04 1.875644982686215483e-15 1.041872197254838306e-17
1.137329589843750000e+04 1.943157955505356305e-15 1.071985955609015045e-17
1.138024218750000000e+04 1.871343749380058145e-15 1.043555840673628739e-17
1.138718847656250000e+04 1.874528169745260688e-15 1.032543254306465260e-17
1.139413476562500000e+04 1.962505035053591779e-15 1.074165328368908507e-17
1.140108105468750000e+04 1.955362853242343518e-15 1.110087962574738882e-17
1.140802734375000000e+04 1.871781665413788619e-15 1.064416177669358523e-17
1.141497363281250000e+04 1.833879905639474069e-15 1.033999340338742355e-17
1.142191992187500000e+04 1.865424683144645095e-15 1.042080894923385435e-17
1.142886621093750000e+04 1.949247910637877911e-15 1.084477458193362082e-17
1.143581250000000000e+04 1.951017150706455330e-15 1.145080597617875888e-17
1.144275878906250000e+04 1.868769616253352327e-15 1.128908968488280431e-17
1.144970507812500000e+04 1.899396633560173318e-15 1.137366393943267608e-17
1.145665136718750000e+04 1.924826680219115550e-15 1.171661053985532369e-17
1.146359765625000000e+04 1.844684234398176297e-15 1.151295453714170551e-17
1.147054394531250000e+04 1.712463132485608861e-15 1.057996098063089454e-17
1.147749023437500000e+04 1.796410979701206466e-15 1.046037465229349077e-17
1.148443554687500000e+04 1.909143441684228552e-15 1.093508864275399804e-17
1.149138183593750000e+04 1.876425523547110320e-15 1.102734988673632508e-17
1.149832812500000000e+04 1.826542059217410065e-15 1.063900099685186689e-17
1.150527441406250000e+04 1.834126392227125070e-15 1.047046791012786282e-17
1.151222070312500000e+04 1.887351825050217168e-15 1.066673470842954480e-17
1.151916699218750000e+04 1.835816646473371026e-15 1.052522561231764814e-17
1.152611328125000000e+04 1.800043904011980160e-15 1.026379021663658843e-17
1.153305957031250000e+04 1.807727763392997546e-15 1.027852643924922062e-17
1.154000585937500000e+04 1.778775541981135119e-15 1.005834254071618039e-17
1.154695214843750000e+04 1.791929328377283963e-15 1.015323504622703862e-17
1.155389843750000000e+04 1.776638901371686147e-15 9.982069870793890815e-18
1.156084472656250000e+04 1.785373293365535678e-15 9.707033144300621666e-18
1.156779101562500000e+04 1.812866288767515759e-15 9.745404398555731514e-18
1.157473730468750000e+04 1.763261710035698981e-15 9.568876611211402431e-18
1.158168359375000000e+04 1.754238056290362106e-15 9.536293966882938671e-18
1.158862988281250000e+04 1.813388484579498035e-15 9.660507543566964071e-18
1.159557617187500000e+04 1.789612269750069824e-15 9.797845995030368362e-18
1.160252246093750000e+04 1.761425766122525285e-15 9.615771134498258676e-18
1.160946875000000000e+04 1.731580030830427979e-15 9.180650144057602081e-18
1.161641503906250000e+04 1.716564254257977370e-15 9.055965901605034007e-18
1.162336132812500000e+04 1.738095090623352837e-15 9.042205752115214392e-18
1.163030761718750000e+04 1.742021935366823773e-15 9.194584828656670385e-18
1.163725390625000000e+04 1.753412834441499604e-15 9.234968613342121749e-18
1.164420019531250000e+04 1.757559378355664625e-15 9.175478610867920552e-18
1.165114648437500000e+04 1.742965847707420284e-15 9.208943856909978392e-18
1.165809277343750000e+04 1.758955606290094932e-15 9.270275163427722629e-18
1.166503906250000000e+04 1.750668871208869298e-15 9.101138234856554849e-18
1.167198535156250000e+04 1.707079285193742121e-15 8.902288978682482314e-18
1.167893164062500000e+04 1.744714123710553160e-15 9.040996414059661865e-18
1.168587792968750000e+04 1.731170384521312118e-15 8.945966596567119834e-18
1.169282421875000000e+04 1.742610305627810292e-15 8.935031268869168808e-18
1.169977050781250000e+04 1.687619656142640232e-15 8.771150245910162965e-18
1.170671679687500000e+04 1.696635792470570225e-15 8.772137899561551280e-18
1.171366308593750000e+04 1.705831182145962910e-15 8.841863434935483642e-18
1.172060937500000000e+04 1.698927016592893108e-15 8.826898910473786818e-18
1.172755566406250000e+04 1.711941148431863399e-15 8.928526320532051799e-18
1.173450195312500000e+04 1.699780614045488629e-15 8.967454267339409834e-18
1.174144824218750000e+04 1.684811741922492227e-15 8.892258586574664300e-18
1.174839453125000000e+04 1.745470206495096030e-15 9.033458317137466124e-18
1.175534082031250000e+04 1.731988512469241365e-15 9.014845926174410448e-18
1.176228710937500000e+04 1.692324288889927430e-15 8.754492482734570094e-18
1.176923339843750000e+04 1.723620991620671353e-15 8.916080561035578944e-18
1.177617968750000000e+04 1.684641805937449333e-15 8.812452201075548190e-18
1.178312597656250000e+04 1.679102210462406208e-15 8.744936892298357518e-18
1.179007226562500000e+04 1.687327747413192719e-15 8.716378481649964238e-18
1.179701855468750000e+04 1.683859359252423173e-15 8.721028063873124806e-18
1.180396484375000000e+04 1.730954391119762271e-15 8.964212546518814518e-18
1.181091113281250000e+04 1.737276009763357928e-15 9.111071846832704158e-18
1.181785742187500000e+04 1.675659762685646325e-15 8.939889300606692740e-18
1.182480371093750000e+04 1.700853910668778234e-15 8.914991164168846607e-18
1.183175000000000000e+04 1.699753614870294898e-15 8.818445951794107429e-18
1.183869628906250000e+04 1.672493447649691344e-15 8.719277749696962600e-18
1.184564257812500000e+04 1.604577287147657474e-15 8.495815734396374726e-18
1.185258886718750000e+04 1.628090815884318445e-15 8.550058103064539516e-18
1.185953515625000000e+04 1.679487822211643729e-15 8.668231606915702709e-18
1.186648144531250000e+04 1.681971640450348558e-15 8.775841187163951185e-18
1.187342773437500000e+04 1.686972099454464320e-15 8.866630876836546397e-18
1.188037402343750000e+04 1.671130465758440767e-15 8.795484245170247933e-18
1.188732031250000000e+04 1.683286764980079266e-15 8.796030184374532932e-18
1.189426660156250000e+04 1.704408166794575685e-15 8.829364735879807394e-18
1.190121289062500000e+04 1.692299407297101835e-15 8.742517389006639912e-18
1.190815917968750000e+04 1.664290674709362292e-15 8.585990828873843038e-18
1.191510546875000000e+04 1.681619804139882803e-15 8.635768076595446585e-18
1.192205175781250000e+04 1.694032013190710506e-15 8.669262273958943781e-18
1.192899804687500000e+04 1.689443741594552368e-15 8.681921446053455317e-18
1.193594433593750000e+04 1.692552987785686091e-15 8.702613369076469304e-18
1.194289062500000000e+04 1.705908368023281458e-15 8.768265867114190558e-18
1.194983691406250000e+04 1.692335512076478549e-15 8.700716643931885212e-18
1.195678222656250000e+04 1.680394888619034677e-15 8.632047418200183066e-18
1.196372851562500000e+04 1.681230486621501045e-15 8.593343637338826901e-18
1.197067480468750000e+04 1.679139691670322211e-15 8.634638147878699149e-18
1.197762109375000000e+04 1.705849287475210471e-15 8.758219758574734037e-18
1.198456738281250000e+04 1.727104308737136256e-15 8.884261404412501629e-18
1.199151367187500000e+04 1.690771783376728704e-15 8.691755796356098263e-18
1.199845996093750000e+04 1.706898126022148108e-15 8.709554241596401759e-18
1.200540625000000000e+04 1.701519043290609674e-15 8.693579729606777689e-18
1.201235253906250000e+04 1.699447941855454502e-15 8.708400324641890286e-18
1.201929882812500000e+04 1.722778829112863765e-15 8.806271507538551967e-18
1.202624511718750000e+04 1.810757812003562991e-15 9.209479042766300201e-18
1.203319140625000000e+04 1.744860872168664968e-15 9.123894800688501193e-18
1.204013769531250000e+04 1.635412251043029397e-15 8.625204152992531868e-18
1.204708398437500000e+04 1.632417671937130225e-15 8.473970721599461819e-18
1.205403027343750000e+04 1.672304347544216821e-15 8.585308404868486791e-18
1.206097656250000000e+04 1.686303366942607049e-15 8.608143552858625673e-18
1.206792285156250000e+04 1.669198595363990522e-15 8.561360698954464086e-18
1.207486914062500000e+04 1.662310205799563331e-15 8.576535327291749379e-18
1.208181542968750000e+04 1.704994631231430881e-15 8.763006652779578408e-18
1.208876171875000000e+04 1.690704020740948360e-15 8.634237792462223484e-18
1.209570800781250000e+04 1.698125299908316913e-15 8.649141105558591383e-18
1.210265429687500000e+04 1.730766455684590224e-15 8.802947068656701349e-18
1.210960058593750000e+04 1.741097293025777298e-15 9.231022961820243807e-18
1.211654687500000000e+04 1.672811826158740554e-15 8.573112453917004950e-18
1.212349316406250000e+04 1.711813669973301626e-15 8.649923618418066547e-18
1.213043945312500000e+04 1.729672830270566515e-15 8.914571783598282222e-18
1.213738574218750000e+04 1.702210857450279623e-15 8.599596295589115238e-18
1.214433203125000000e+04 1.691974676040948217e-15 8.528931910219935189e-18
1.215127832031250000e+04 1.696230487205309043e-15 8.537627232819092616e-18
1.215822460937500000e+04 1.697856366947563672e-15 8.583987397430239605e-18
1.216517089843750000e+04 1.733730541604388241e-15 8.682231638783162702e-18
1.217211718750000000e+04 1.704753756237055440e-15 8.617152376909940697e-18
1.217906347656250000e+04 1.719372168478125375e-15 8.654834589714793873e-18
1.218600976562500000e+04 1.728877995728686761e-15 8.692812933178941032e-18
1.219295605468750000e+04 1.697248514928790305e-15 8.568697790987809442e-18
1.219990234375000000e+04 1.720571355373200651e-15 8.597127161460644450e-18
1.220684863281250000e+04 1.720399513564026435e-15 8.581835900656989180e-18
1.221379492187500000e+04 1.725677375858367980e-15 8.598439897092766105e-18
1.222074121093750000e+04 1.707786028309107428e-15 8.564219435151447350e-18
1.222768750000000000e+04 1.730209849159125741e-15 8.596747485559482610e-18
1.223463378906250000e+04 1.747732737376330673e-15 8.577825729047332102e-18
1.224158007812500000e+04 1.714906081384608670e-15 8.514606796371741856e-18
1.224852636718750000e+04 1.729258207642885535e-15 8.523057273509583587e-18
1.225547265625000000e+04 1.748218193134225794e-15 8.580433002338099245e-18
1.226241894531250000e+04 1.764186987651455898e-15 8.661164175762049640e-18
1.226936523437500000e+04 1.766655029901518115e-15 8.678661527259383835e-18
1.227631152343750000e+04 1.752696456326359280e-15 8.772279347446297848e-18
1.228325781250000000e+04 1.757021830071513364e-15 8.549879432052228062e-18
1.229020410156250000e+04 1.763300673551272679e-15 8.546208404493717725e-18
1.229715039062500000e+04 1.747542049084080049e-15 8.507404534778242644e-18
1.230409667968750000e+04 1.755349892912751782e-15 8.530850969241058214e-18
1.231104296875000000e+04 1.748617886806211417e-15 8.455566780150769506e-18
1.231798925781250000e+04 1.763571618215275649e-15 8.535385573359073911e-18
1.232493554687500000e+04 1.785230568313923329e-15 8.571050292649910252e-18
1.233188183593750000e+04 1.778093892216832221e-15 8.587261378294724489e-18
1.233882812500000000e+04 1.779828192176335401e-15 8.588603065248285500e-18
1.234577441406250000e+04 1.812905252283089456e-15 8.640042946001120632e-18
1.235272070312500000e+04 1.818211701939400834e-15 8.605759618333247847e-18
1.235966699218750000e+04 1.813204890188180665e-15 8.654622004297367745e-18
1.236661328125000000e+04 1.823266371052140872e-15 8.677783061448852519e-18
1.237355957031250000e+04 1.824308221577263661e-15 8.657055569659498752e-18
1.238050585937500000e+04 1.845761448548846953e-15 8.698561011255572022e-18
1.238745214843750000e+04 1.852401551580610227e-15 8.729459515856877817e-18
1.239439843750000000e+04 1.873297219114663376e-15 8.785937753720773441e-18
1.240134472656250000e+04 1.878538870750509800e-15 8.802779150992353084e-18
1.240829101562500000e+04 1.884369633801171590e-15 8.799948538936196624e-18
1.241523730468750000e+04 1.895837612874047562e-15 8.802898265000560720e-18
1.242218359375000000e+04 1.887918066575456667e-15 8.828180213242631458e-18
1.242912890625000000e+04 1.913439592792702364e-15 8.899289621781365035e-18
1.243607519531250000e+04 1.914588381227416009e-15 9.095943540609721835e-18
1.244302148437500000e+04 1.927961549156903716e-15 8.858384713310005264e-18
1.244996777343750000e+04 1.929208805171735673e-15 8.852425704177173252e-18
1.245691406250000000e+04 1.921192697117157788e-15 8.828963553282719175e-18
1.246386035156250000e+04 1.955873614109537861e-15 8.967786793945656151e-18
1.247080664062500000e+04 1.945664961270992220e-15 8.981958052199914621e-18
1.247775292968750000e+04 1.981554594279104180e-15 9.018509509107407808e-18
1.248469921875000000e+04 1.985458992649472877e-15 9.007335953393041510e-18
1.249164550781250000e+04 1.976708507029625514e-15 8.999758151801443224e-18
1.249859179687500000e+04 2.007542835650286996e-15 9.095406700392174920e-18
1.250553808593750000e+04 1.996402023053287997e-15 9.092014432700094953e-18
1.251248437500000000e+04 1.993852242123815739e-15 9.027877329544570846e-18
1.251943066406250000e+04 2.024028002627987002e-15 9.138688925944012093e-18
1.252637695312500000e+04 2.025182085018620987e-15 1.073631466001566783e-17
1.253332324218750000e+04 1.980013206073338167e-15 9.032751077713733286e-18
1.254026953125000000e+04 2.018915523516596859e-15 9.185676920640086830e-18
1.254721582031250000e+04 2.018411962429454178e-15 9.315340790380224130e-18
1.255416210937500000e+04 2.047874097675563693e-15 9.252254206602642368e-18
1.256110839843750000e+04 2.085272296362735561e-15 9.405784718556772176e-18
1.256805468750000000e+04 2.070412162094342930e-15 9.324833515089882676e-18
1.257500097656250000e+04 2.068271074561920872e-15 9.323987309323240928e-18
1.258194726562500000e+04 2.094785746909822235e-15 9.604221211605180750e-18
1.258889355468750000e+04 2.145840446047338375e-15 1.082548803877133442e-17
1.259583984375000000e+04 2.120702413996962063e-15 1.422585217468696995e-17
1.260278613281250000e+04 2.134476228510501054e-15 1.209415396939800169e-17
1.260973242187500000e+04 2.165035059665068075e-15 1.222520832974784063e-17
1.261667871093750000e+04 2.223989399826914633e-15 1.048038084258869830e-17
1.262362500000000000e+04 2.161949106879983845e-15 1.000591666067318205e-17
1.263057128906250000e+04 2.176186460173907752e-15 1.011366107136127667e-17
1.263751757812500000e+04 2.159108581891366549e-15 1.015510530159202102e-17
1.264446386718750000e+04 2.145916890770828075e-15 1.004164590005179753e-17
1.265141015625000000e+04 2.154830218474785078e-15 1.004811031653889944e-17
1.265835644531250000e+04 2.160373413839854033e-15 1.004982092604565910e-17
1.266530273437500000e+04 2.238259575647544644e-15 1.041171078967638360e-17
1.267224902343750000e+04 2.310851569776659065e-15 1.081633611247404772e-17
1.267919531250000000e+04 2.287401674390160573e-15 1.113787031556014767e-17
1.268614160156250000e+04 2.065426737925040931e-15 1.039333497236851809e-17
1.269308789062500000e+04 2.061462623731890806e-15 9.995923491692928922e-18
1.270003417968750000e+04 2.166219423483566400e-15 1.004003951530221955e-17
1.270698046875000000e+04 2.188742241309295060e-15 1.000334082024569192e-17
1.271392675781250000e+04 2.196857452218701698e-15 9.986475434736348240e-18
1.272087304687500000e+04 2.213770582593001940e-15 1.001053067413000284e-17
1.272781933593750000e+04 2.235811226913506089e-15 1.010783275676522804e-17
1.273476562500000000e+04 2.231452818883409087e-15 1.005431334395243459e-17
1.274171191406250000e+04 2.227926197207515807e-15 1.003227063498912151e-17
1.274865820312500000e+04 2.135261851569079418e-15 9.644604169110019561e-18
1.275560449218750000e+04 2.268129980774230732e-15 1.037692619055730368e-17
1.276255078125000000e+04 2.103235959349867949e-15 9.490023964958559961e-18
1.276949707031250000e+04 2.106397933341968252e-15 9.399624704535089779e-18
1.277644335937500000e+04 2.186793642014136542e-15 9.696937404924411963e-18
1.278338964843750000e+04 2.082805312903857411e-15 9.447724429974435785e-18
1.279033593750000000e+04 2.092220931145536214e-15 9.499941033322458210e-18
1.279728222656250000e+04 2.095221968877658200e-15 9.501280238734181562e-18
1.280422851562500000e+04 2.124078899082954518e-15 9.788483137676880642e-18
1.281117480468750000e+04 2.194232285356923808e-15 9.732905699500055266e-18
1.281812109375000000e+04 2.166176224803256431e-15 9.556570645238451038e-18
1.282506738281250000e+04 2.107666576938718381e-15 9.404220520018434401e-18
1.283201367187500000e+04 2.061545209444248100e-15 9.187749008074532164e-18
1.283895996093750000e+04 2.052200318453665032e-15 9.149070869812165143e-18
1.284590625000000000e+04 2.017267620917713618e-15 9.015680551412476453e-18
1.285285253906250000e+04 2.020800383582474491e-15 9.137575540839515718e-18
1.285979882812500000e+04 2.022944435730211939e-15 9.106792841523967346e-18
1.286674511718750000e+04 2.031537373221870002e-15 9.149319023995931052e-18
1.287369140625000000e+04 2.014269971317380649e-15 9.112699738278208516e-18
1.288063769531250000e+04 2.020899698195540058e-15 9.174351163693010775e-18
1.288758398437500000e+04 1.971542664842558350e-15 9.017322504928394213e-18
1.289453027343750000e+04 1.981111172531216554e-15 8.911000017713278248e-18
1.290147656250000000e+04 2.002678325434205549e-15 8.994847180504715898e-18
1.290842187500000000e+04 1.969176266546166648e-15 8.904446265720020610e-18
1.291536816406250000e+04 1.950025910399930985e-15 8.984739033419317900e-18
1.292231445312500000e+04 1.917395660172853573e-15 8.915225256282199114e-18
1.292926074218750000e+04 1.917103857322524467e-15 8.839509278912157725e-18
1.293620703125000000e+04 1.922755472904841972e-15 8.788478025381923789e-18
1.294315332031250000e+04 1.926145087001516869e-15 8.822195561510810303e-18
1.295009960937500000e+04 1.899771022122859719e-15 8.709643577102557486e-18
1.295704589843750000e+04 1.892191347794354613e-15 8.750840480330148477e-18
1.296399218750000000e+04 1.900269712770555688e-15 8.773758346381542661e-18
1.297093847656250000e+04 1.886487004411070527e-15 9.033469897666041867e-18
1.297788476562500000e+04 1.854700398999458398e-15 8.682407001073023944e-18
1.298483105468750000e+04 1.864167686250919713e-15 8.646853951164882262e-18
1.299177734375000000e+04 1.850851057770661230e-15 8.643752023867808408e-18
1.299872363281250000e+04 1.812505029215511800e-15 8.610569673595243703e-18
1.300566992187500000e+04 1.799170189526887349e-15 9.230213979181166946e-18
1.301261621093750000e+04 1.787036019040995870e-15 9.439509699311171667e-18
1.301956250000000000e+04 1.825144878370914096e-15 9.245341458223536716e-18
1.302650878906250000e+04 1.813477211280722923e-15 8.679481263246423885e-18
1.303345507812500000e+04 1.836835203592444322e-15 8.817445063252918265e-18
1.304040136718750000e+04 1.773431293479552518e-15 8.529149458721036636e-18
1.304734765625000000e+04 1.739904670636043243e-15 8.404043354156066518e-18
1.305429394531250000e+04 1.819805182671422987e-15 8.811707738524250465e-18
1.306124023437500000e+04 1.784678726348787152e-15 8.924009087206899714e-18
1.306818652343750000e+04 1.751707757118676698e-15 8.791862021267878225e-18
1.307513281250000000e+04 1.747719926003003452e-15 8.470949030821805608e-18
1.308207910156250000e+04 1.739048637963724366e-15 8.502804583391835257e-18
1.308902539062500000e+04 1.784812769312690145e-15 8.682770960542547276e-18
1.309597167968750000e+04 1.750142334353032344e-15 8.819897653769137992e-18
1.310291796875000000e+04 1.673583155536334001e-15 8.329468058850735755e-18
1.310986425781250000e+04 1.709263571406474148e-15 8.372220888810538990e-18
1.311681054687500000e+04 1.748992169489779411e-15 8.556282637174001049e-18
1.312375683593750000e+04 1.742206270911969990e-15 8.744652342167639277e-18
1.313070312500000000e+04 1.725192978891656927e-15 8.641791605816057732e-18
1.313764941406250000e+04 1.696278238687710504e-15 8.535432722653989434e-18
1.314459570312500000e+04 1.687468884278028967e-15 8.538235210569319092e-18
1.315154199218750000e+04 1.684243806331358218e-15 8.521604744353940470e-18
1.315848828125000000e+04 1.660264515352825789e-15 8.306210221567582276e-18
1.316543457031250000e+04 1.654034164509296783e-15 8.369483748163601022e-18
1.317238085937500000e+04 1.682719994059247732e-15 8.533184445749070305e-18
1.317932714843750000e+04 1.679547855671780377e-15 8.557258710296813622e-18
1.318627343750000000e+04 1.655076120913537979e-15 8.572990031186347102e-18
1.319321972656250000e+04 1.657575079866174979e-15 8.637428228084840511e-18
1.320016601562500000e+04 1.641682200676842542e-15 8.557042816156937282e-18
1.320711230468750000e+04 1.616297046764104788e-15 8.430735645342540168e-18
1.321405859375000000e+04 1.634899690230822138e-15 8.488312379059906212e-18
1.322100488281250000e+04 1.661120124508671039e-15 8.590388121010174933e-18
1.322795117187500000e+04 1.638777195305115512e-15 8.567490107293482021e-18
1.323489746093750000e+04 1.568291877994940943e-15 8.290210894159581614e-18
1.324184375000000000e+04 1.578382899132936643e-15 8.351009496362841702e-18
1.324879003906250000e+04 1.584544322670382831e-15 8.261161965407944389e-18
1.325573632812500000e+04 1.614520924552830927e-15 8.346986917043996328e-18
1.326268261718750000e+04 1.585892163847701236e-15 8.338653899553137127e-18
1.326962890625000000e+04 1.576843099113946732e-15 8.502249545200812176e-18
1.327657519531250000e+04 1.629554806454529096e-15 8.809955769986863153e-18
1.328352148437500000e+04 1.592379377432485109e-15 8.679968472627217619e-18
1.329046777343750000e+04 1.595969950095896088e-15 8.666415118290536260e-18
1.329741406250000000e+04 1.559406078861769705e-15 8.568006267995715111e-18
1.330436035156250000e+04 1.576260128687998960e-15 8.827994097604807027e-18
1.331130664062500000e+04 1.551168048175011194e-15 8.888210364656829783e-18
1.331825292968750000e+04 1.512464571716120448e-15 8.703620047881946339e-18
1.332519921875000000e+04 1.513722309763674678e-15 8.602254026897248115e-18
1.333214550781250000e+04 1.534880875148731880e-15 8.626394465893995675e-18
1.333909179687500000e+04 1.481120858656803912e-15 8.359589840856854258e-18
1.334603808593750000e+04 1.477742150109324915e-15 8.339579514658583965e-18
1.335298437500000000e+04 1.513579055316470294e-15 8.459365193523613009e-18
1.335993066406250000e+04 1.508592784114221041e-15 8.442781876603149910e-18
1.336687695312500000e+04 1.471314334709967250e-15 8.386220093497386431e-18
1.337382324218750000e+04 1.464896471947739823e-15 8.332991021079599100e-18
1.338076855468750000e+04 1.470715270658021646e-15 8.296651322408919488e-18
1.338771484375000000e+04 1.462885298093602893e-15 8.291982715031670200e-18
1.339466113281250000e+04 1.479930565607674806e-15 8.473894620983106940e-18
1.340160742187500000e+04 1.438392916907271172e-15 8.351558744289576912e-18
1.340855371093750000e+04 1.401652439303642268e-15 8.124435627597829338e-18
1.341550000000000000e+04 1.406106244419423786e-15 8.035207654921734243e-18
1.342244628906250000e+04 1.467960931271787475e-15 8.367108912624961279e-18
1.342939257812500000e+04 1.566624705396507666e-15 9.076739715508690744e-18
1.343633886718750000e+04 1.541792981635682191e-15 9.358977049234233999e-18
1.344328515625000000e+04 1.418031409525580266e-15 8.994631286364839558e-18
1.345023144531250000e+04 1.382133729704469391e-15 8.938512044886791949e-18
1.345717773437500000e+04 1.453841315557531915e-15 9.153703081242462098e-18
1.346412402343750000e+04 1.559911863410398929e-15 1.003124989411323108e-17
1.347107031250000000e+04 1.644091056499715365e-15 1.138014241799019139e-17
1.347801660156250000e+04 1.433192769885840209e-15 1.116619794281763865e-17
1.348496289062500000e+04 1.298746300662598913e-15 1.020384112892242030e-17
1.349190917968750000e+04 1.481369356947704642e-15 1.081025054470749510e-17
1.349885546875000000e+04 1.629939782929056176e-15 1.228693916450144798e-17
1.350580175781250000e+04 1.489631528073459901e-15 1.262174134461289848e-17
1.351274804687500000e+04 1.494725054822655230e-15 1.301366200038236065e-17
1.351969433593750000e+04 1.512991320330194216e-15 1.356882178695548752e-17
1.352664062500000000e+04 1.658619047973665904e-15 1.588883096741460274e-17
1.353358691406250000e+04 1.760763492236890829e-15 1.831086212308417075e-17
1.354053320312500000e+04 1.829393595634341667e-15 2.201360709500224086e-17
1.354747949218750000e+04 1.385141967216643039e-15 1.966100617122792379e-17
1.355442578125000000e+04 1.266976318272576649e-15 1.771045142110133050e-17
1.356137207031250000e+04 1.450392197396312404e-15 1.841381798520619589e-17
1.356831835937500000e+04 1.645547423773400728e-15 2.042104122473757200e-17
1.357526464843750000e+04 1.659138914445043231e-15 2.367057890212151357e-17
1.358221093750000000e+04 1.758674920747198538e-15 2.750647348288101944e-17
1.358915722656250000e+04 1.620566198697384868e-15 2.756365978734926045e-17
1.359610351562500000e+04 1.643138991467001531e-15 3.228912755990544377e-17
1.360304980468750000e+04 2.084731677584150504e-15 4.213457200892395101e-17
1.360999609375000000e+04 2.183106931111212200e-15 5.451559635065840546e-17
1.361694238281250000e+04 9.817036684503272111e-16 3.221499563340844143e-17
1.362388867187500000e+04 1.047641159987575035e-15 2.415029071784306622e-17
1.363083496093750000e+04 1.531304490287187410e-15 2.744452923552937341e-17
1.363778125000000000e+04 2.001513443373494072e-15 3.451030602795733581e-17
1.364472753906250000e+04 1.358474193663525460e-15 3.007446065763556917e-17
1.365167382812500000e+04 1.111526396572744095e-15 2.163733752360289453e-17
1.365862011718750000e+04 1.544549862120758125e-15 2.499719297056058318e-17
1.366556640625000000e+04 2.127168875274538205e-15 3.565395601670580123e-17
1.367251269531250000e+04 2.336491257090046736e-15 4.639043942156642988e-17
1.367945898437500000e+04 1.328411617936931053e-15 3.407777659437580785e-17
1.368640527343750000e+04 1.173890467863762839e-15 2.670275667558367095e-17
1.369335156250000000e+04 1.578654373192531647e-15 2.928329548895310032e-17
1.370029785156250000e+04 1.848009050474386239e-15 3.593661355818252143e-17
1.370724414062500000e+04 1.501316029943477754e-15 3.486146074159834712e-17
1.371419042968750000e+04 1.164705030825500393e-15 2.710073312061763383e-17
1.372113671875000000e+04 1.153926748329926234e-15 2.126125820374443539e-17
1.372808300781250000e+04 1.268849319877192721e-15 1.828908576627809974e-17
1.373502929687500000e+04 1.381541124278746601e-15 1.781344367917030798e-17
1.374197558593750000e+04 1.344538066461468864e-15 1.655143076221040472e-17
1.374892187500000000e+04 1.418242003092091367e-15 1.756614149143532929e-17
1.375586816406250000e+04 1.563978574469285232e-15 1.692974677844520724e-17
1.376281445312500000e+04 1.413341811613106833e-15 1.595993706723088611e-17
1.376976074218750000e+04 1.338091192820797977e-15 1.551284594614597465e-17
1.377670703125000000e+04 1.645277749658818640e-15 1.614670617773923423e-17
1.378365332031250000e+04 1.781293135658611713e-15 1.903755683482425662e-17
1.379059960937500000e+04 1.638172625539012755e-15 1.910040270904358545e-17
1.379754589843750000e+04 1.998568521574127684e-15 2.505311699741406828e-17
1.380449218750000000e+04 2.011768683024138700e-15 3.014025129483558678e-17
1.381143847656250000e+04 1.645635832837270395e-15 2.998502258108388561e-17
1.381838476562500000e+04 1.826298960761548081e-15 3.684266749650370540e-17
1.382533105468750000e+04 1.432455215947018527e-15 3.804338963879587952e-17
1.383227734375000000e+04 1.259819736901225066e-15 3.182922506549331102e-17
1.383922363281250000e+04 1.196128788498332460e-15 2.973415524490880338e-17
1.384616992187500000e+04 1.326159992604892309e-15 3.272279850273229491e-17
1.385311523437500000e+04 1.147975918358991147e-15 1.966374744777792452e-17
1.386006152343750000e+04 1.219053417578414879e-15 1.740634177761866009e-17
1.386700781250000000e+04 1.533160657111976802e-15 1.827760780809831393e-17
1.387395410156250000e+04 1.536993904714776139e-15 1.872057626101026110e-17
1.388090039062500000e+04 1.136198772260367355e-15 1.499813777306852850e-17
1.388784667968750000e+04 1.197484464730412968e-15 1.260165739934011097e-17
1.389479296875000000e+04 1.359575971769666491e-15 1.311710176316272932e-17
1.390173925781250000e+04 1.431061529111429982e-15 1.395868276299969265e-17
1.390868554687500000e+04 1.607676686580779366e-15 1.532609668797232781e-17
1.391563183593750000e+04 1.688951721331316026e-15 1.742162145789373962e-17
1.392257812500000000e+04 1.416397800607681941e-15 1.710970653815101884e-17
1.392952441406250000e+04 1.310078013310085349e-15 1.587179600987968569e-17
1.393647070312500000e+04 1.653037100851260065e-15 1.908277879891253064e-17
1.394341699218750000e+04 2.074703654521606842e-15 2.963381492788367091e-17
1.395036328125000000e+04 1.726901338467150444e-15 3.520994531622203725e-17
1.395730957031250000e+04 8.650176272464364744e-16 2.051551352249725329e-17
1.396425585937500000e+04 7.792587177104907687e-16 1.265354643916556240e-17
1.397120214843750000e+04 9.760571350656932314e-16 1.105772478600988481e-17
1.397814843750000000e+04 1.331644954454837531e-15 1.290375782111489008e-17
1.398509472656250000e+04 1.704281641248079574e-15 1.625385419120567812e-17
1.399204101562500000e+04 2.015890557103714939e-15 2.435310547787371797e-17
1.399898730468750000e+04 1.870045247871917303e-15 3.200159627025956114e-17
1.400593359375000000e+04 6.940277743984805091e-16 1.682150688657019336e-17
1.401287988281250000e+04 6.144038715599384973e-16 1.062895323395118526e-17
1.401982617187500000e+04 9.859327980768495259e-16 1.139782009486106214e-17
1.402677246093750000e+04 1.377676324698662042e-15 1.377478727793935375e-17
1.403371875000000000e+04 1.591150544384255933e-15 1.692418481600640068e-17
1.404066503906250000e+04 1.385076428042349237e-15 1.833443180745825672e-17
1.404761132812500000e+04 9.103118141283537273e-16 1.441022080705768918e-17
1.405455761718750000e+04 1.027059424039598011e-15 1.233053820022789296e-17
1.406150390625000000e+04 1.305599326601478236e-15 1.401269600263818025e-17
1.406845019531250000e+04 1.208464235188315243e-15 1.401610233240067362e-17
1.407539648437500000e+04 1.138602334127319839e-15 1.284237440221855500e-17
1.408234277343750000e+04 1.386014728789670188e-15 1.448759362719467429e-17
1.408928906250000000e+04 1.338561719622997741e-15 1.563850129863767998e-17
1.409623535156250000e+04 9.499175924343071162e-16 1.241356066394861524e-17
1.410318164062500000e+04 9.399545791504652220e-16 1.081686633524669422e-17
1.411012792968750000e+04 1.032331145345071963e-15 1.060547453944448012e-17
1.411707421875000000e+04 1.063402537311846242e-15 1.012846264124230055e-17
1.412402050781250000e+04 1.111848904367411170e-15 1.012054321405771786e-17
1.413096679687500000e+04 1.391633733603518403e-15 1.227120536207007684e-17
1.413791308593750000e+04 1.390900308950314586e-15 1.425611375021660992e-17
1.414485937500000000e+04 9.673608595544701434e-16 1.162018195994695449e-17
1.415180566406250000e+04 8.302505775912324797e-16 8.758222240116571696e-18
1.415875195312500000e+04 9.758817992456115913e-16 8.751062991914925241e-18
1.416569824218750000e+04 1.184622057668119604e-15 9.810903040999517904e-18
1.417264453125000000e+04 1.284101418641927280e-15 1.084641074518525070e-17
1.417959082031250000e+04 1.289072337372007548e-15 1.169602449595071649e-17
1.418653710937500000e+04 1.300159681014211119e-15 1.279691751883631592e-17
1.419348339843750000e+04 9.272262150520748508e-16 1.085369986074306798e-17
1.420042968750000000e+04 8.749268539381277205e-16 9.346802604978678538e-18
1.420737597656250000e+04 8.942117295042992069e-16 8.321469222327347977e-18
1.421432226562500000e+04 1.019071691588753145e-15 8.534830535168050830e-18
1.422126855468750000e+04 1.139066508182415196e-15 9.349033511090734053e-18
1.422821484375000000e+04 1.143916301201038099e-15 9.918889815607090561e-18
1.423516113281250000e+04 9.546023199073338378e-16 8.930574419728733095e-18
1.424210742187500000e+04 9.402645932091602959e-16 8.123315625048432539e-18
1.424905371093750000e+04 1.029717942823674039e-15 8.473722567415695910e-18
1.425600000000000000e+04 9.923884596843481759e-16 8.286247871844840059e-18
1.426294628906250000e+04 1.029332119316199706e-15 8.442940695280760091e-18
1.426989257812500000e+04 1.109753027218548811e-15 9.450159649697791899e-18
1.427683886718750000e+04 1.027661558585977412e-15 9.150998200639413698e-18
1.428378515625000000e+04 9.052819207293208784e-16 8.288157004698612447e-18
1.429073144531250000e+04 8.827695319967552873e-16 7.692392576216482559e-18
1.429767773437500000e+04 9.900359315524677635e-16 7.961214694767640811e-18
1.430462402343750000e+04 1.151884022498504082e-15 9.238476686319959139e-18
1.431157031250000000e+04 1.202434101757693472e-15 1.070732363390690931e-17
1.431851660156250000e+04 9.348656052033613856e-16 9.682336839932238472e-18
1.432546191406250000e+04 8.486324101565124751e-16 8.323217882142285078e-18
1.433240820312500000e+04 9.743746099950909706e-16 8.430854759350747804e-18
1.433935449218750000e+04 9.633935689877678142e-16 8.327204892694790671e-18
1.434630078125000000e+04 8.966435610958663031e-16 8.253549422230618875e-18
1.435324707031250000e+04 9.236525830476089577e-16 7.982153117613195601e-18
1.436019335937500000e+04 1.008646410073947217e-15 9.123171017652517294e-18
1.436713964843750000e+04 1.013899496654581574e-15 9.142381460198448808e-18
1.437408593750000000e+04 8.971996382257387513e-16 8.884698155775929627e-18
1.438103222656250000e+04 8.107434088159659429e-16 7.637219629359195613e-18
1.438797851562500000e+04 9.085327273017644763e-16 9.638050417116761923e-18
1.439492480468750000e+04 9.246789752214443561e-16 8.572585539866808672e-18
1.440187109375000000e+04 9.537506282788696388e-16 7.916368270677465863e-18
1.440881738281250000e+04 9.550804700060588903e-16 8.087727833554563629e-18
1.441576367187500000e+04 9.215152012843311376e-16 7.767021638261629269e-18
1.442270996093750000e+04 9.074764772165383638e-16 7.760643248558232873e-18
1.442965625000000000e+04 8.812697013449639384e-16 7.254964579047415570e-18
1.443660253906250000e+04 9.399143450854706427e-16 7.898002379536950989e-18
1.444354882812500000e+04 1.025334970838106662e-15 8.122526494744056950e-18
1.445049511718750000e+04 1.033562837129498122e-15 8.961051889398249400e-18
1.445744140625000000e+04 8.579976828773888502e-16 7.891011876180265353e-18
1.446438769531250000e+04 8.065355079526841890e-16 7.078440927606149252e-18
1.447133398437500000e+04 8.518510824165196130e-16 6.607297875850033408e-18
1.447828027343750000e+04 8.797736823414352338e-16 6.626292837846394859e-18
1.448522656250000000e+04 9.606922750398554436e-16 7.078052152718249329e-18
1.449217285156250000e+04 1.053455405895765366e-15 7.938341496469324490e-18
1.449911914062500000e+04 1.072187751282531031e-15 8.952600585079795116e-18
1.450606542968750000e+04 8.253701855073900147e-16 8.194932095302661122e-18
1.451301171875000000e+04 7.388700692030375928e-16 7.353536383922909666e-18
1.451995800781250000e+04 8.140129559923675422e-16 6.898825688625465994e-18
1.452690429687500000e+04 8.344489493338576227e-16 6.677839838488555609e-18
1.453385058593750000e+04 8.886521228758771998e-16 6.316620404744305336e-18
1.454079687500000000e+04 9.440009614186174215e-16 6.591030955513871843e-18
1.454774316406250000e+04 9.559862658640289577e-16 6.799970160799866209e-18
1.455468945312500000e+04 8.842525808082791604e-16 6.394853492718345587e-18
1.456163574218750000e+04 8.794113639982472069e-16 6.416001605849182569e-18
1.456858203125000000e+04 9.034652468156972177e-16 6.241158371822317727e-18
1.457552832031250000e+04 8.731756662592386579e-16 6.226090449784051775e-18
1.458247460937500000e+04 8.734359171322825417e-16 6.152444905487230615e-18
1.458942089843750000e+04 9.376108389854125730e-16 6.284601484003296464e-18
1.459636718750000000e+04 9.326558021230933228e-16 6.534978715665441028e-18
1.460331347656250000e+04 9.000697034883915412e-16 6.923503795020373021e-18
1.461025976562500000e+04 8.813548810957221990e-16 6.413492353461002960e-18
1.461720605468750000e+04 8.851080311454468004e-16 6.523055320725795411e-18
1.462415234375000000e+04 8.860722722767774145e-16 6.449331607861087990e-18
1.463109863281250000e+04 8.721285217781955292e-16 6.626744064870542536e-18
1.463804492187500000e+04 8.530624983497708726e-16 6.214549625877711933e-18
1.464499121093750000e+04 9.536149971281905439e-16 6.865263662451739449e-18
1.465193750000000000e+04 9.875539132587758499e-16 7.375490584560679574e-18
1.465888378906250000e+04 9.036306299986486198e-16 7.103671590650241703e-18
1.466583007812500000e+04 8.765353165654044335e-16 7.074826148329292522e-18
1.467277636718750000e+04 8.139515990432508088e-16 6.377237854393416310e-18
1.467972265625000000e+04 8.527226793192442880e-16 6.596018027426954047e-18
1.468666894531250000e+04 9.513516192140086467e-16 7.161880290355598260e-18
1.469361523437500000e+04 9.986697383838308469e-16 7.862295474034874444e-18
1.470056152343750000e+04 9.442646004234503225e-16 8.158967936630080585e-18
1.470750781250000000e+04 8.556234495262350463e-16 7.654871663631077224e-18
1.471445410156250000e+04 8.391877810363902127e-16 7.253163806853887629e-18
1.472140039062500000e+04 8.296603015061146391e-16 7.076636019509558546e-18
1.472834667968750000e+04 8.049365215065048835e-16 6.522355939517881826e-18
1.473529296875000000e+04 8.126410273156115926e-16 6.060809010047993656e-18
1.474223925781250000e+04 8.419268208900146030e-16 6.203157280891325359e-18
1.474918554687500000e+04 9.005967697398205296e-16 6.333274445607141719e-18
1.475613183593750000e+04 9.036247007680178397e-16 6.547264415713384872e-18
1.476307812500000000e+04 8.843253727021838269e-16 6.733105843164754770e-18
1.477002441406250000e+04 8.793162845499179116e-16 6.811249182042333018e-18
1.477697070312500000e+04 8.660868475236674184e-16 6.586523648356070395e-18
1.478391699218750000e+04 8.529620190664028313e-16 6.493163081339660373e-18
1.479086328125000000e+04 8.905878049185900897e-16 6.614631245570622275e-18
1.479780859375000000e+04 8.865447049031085006e-16 6.564437098820292003e-18
1.480475488281250000e+04 8.229803349862712097e-16 6.426201983572880230e-18
1.481170117187500000e+04 8.392310855958185888e-16 6.239378692734409888e-18
1.481864746093750000e+04 8.653941863310502143e-16 6.236046395636740016e-18
1.482559375000000000e+04 8.349466341299287275e-16 5.883035488701159713e-18
1.483254003906250000e+04 8.664120022962946630e-16 6.028106010940403431e-18
1.483948632812500000e+04 8.820775060788485240e-16 6.358932347437617807e-18
1.484643261718750000e+04 8.350287963258123947e-16 6.032532254398174682e-18
1.485337890625000000e+04 8.699096660333036860e-16 6.194533923005460046e-18
1.486032519531250000e+04 8.929767554672024370e-16 6.514731815811980570e-18
1.486727148437500000e+04 8.481211728332853014e-16 6.232339385721583623e-18
1.487421777343750000e+04 8.204094311726767980e-16 6.223608907946392692e-18
1.488116406250000000e+04 8.242336261108523538e-16 6.184396824598622692e-18
1.488811035156250000e+04 8.145118583983003251e-16 5.797854910762286583e-18
1.489505664062500000e+04 8.331825821381532403e-16 5.774862184865456349e-18
1.490200292968750000e+04 8.419139036375689750e-16 5.714624411117507214e-18
1.490894921875000000e+04 8.483466424159325555e-16 5.556129161126834135e-18
1.491589550781250000e+04 8.564748235173440249e-16 5.670035240197836258e-18
1.492284179687500000e+04 8.450721718605250406e-16 5.683699023146293445e-18
1.492978808593750000e+04 8.176491625558118467e-16 5.546595077386547938e-18
1.493673437500000000e+04 8.165195382415298304e-16 5.554380087721590758e-18
1.494368066406250000e+04 8.555087824410004954e-16 5.459073991904456015e-18
1.495062695312500000e+04 8.415853607331527132e-16 5.414773507018566065e-18
1.495757324218750000e+04 8.051679732593421211e-16 5.520184027608342317e-18
1.496451953125000000e+04 8.142594955195777470e-16 5.323699680805558888e-18
1.497146582031250000e+04 8.238922188935496674e-16 5.571750466994898062e-18
1.497841210937500000e+04 8.478638336359976043e-16 5.448669714159764033e-18
1.498535839843750000e+04 8.336184864686339846e-16 5.527692346028486149e-18
1.499230468750000000e+04 8.334713144940485499e-16 5.508106777074761836e-18
1.499925097656250000e+04 8.332913199927570111e-16 5.444793545809340545e-18
1.500619726562500000e+04 8.378547629356487576e-16 5.490319498772727806e-18
1.501314355468750000e+04 8.719184046677172593e-16 5.655675384763915697e-18
1.502008984375000000e+04 8.863019770241609401e-16 5.900732604316425464e-18
1.502703613281250000e+04 9.387013939050024847e-16 5.952659280859748053e-18
1.503398242187500000e+04 9.146423759503097446e-16 5.928848886927409151e-18
1.504092871093750000e+04 8.700846842160301058e-16 5.683419022508944245e-18
1.504787500000000000e+04 8.522851868019874419e-16 5.694520613510018430e-18
1.505482128906250000e+04 8.618661882266176466e-16 5.848916769975184981e-18
1.506176757812500000e+04 8.518331888455088659e-16 5.344093405217747509e-18
1.506871386718750000e+04 8.695809643102098141e-16 5.398730339038100093e-18
1.507566015625000000e+04 8.707597165354325798e-16 5.665305421455258045e-18
1.508260644531250000e+04 8.821302338798151042e-16 5.622226682334108917e-18
1.508955273437500000e+04 8.966868656552946792e-16 5.713210345860347814e-18
1.509649902343750000e+04 8.952455332164230804e-16 5.534246511612050064e-18
1.510344531250000000e+04 9.214322979346186229e-16 5.596515427354123158e-18
1.511039160156250000e+04 9.217090659501339656e-16 5.615080255431957034e-18
1.511733789062500000e+04 9.169036362821235062e-16 5.592980057416071518e-18
1.512428417968750000e+04 9.237010756838392664e-16 5.742255138708922274e-18
1.513123046875000000e+04 9.154650567003304838e-16 5.903709627341003811e-18
1.513817675781250000e+04 9.074177143058225967e-16 5.581038878093256010e-18
1.514512304687500000e+04 9.083522034048809035e-16 5.545588812171377180e-18
1.515206933593750000e+04 9.350856220114106901e-16 5.644645758476133626e-18
1.515901562500000000e+04 9.392009315856457083e-16 5.645671048845393104e-18
1.516596191406250000e+04 9.332347491425416371e-16 5.763296131950433639e-18
1.517290820312500000e+04 9.436532543937695312e-16 5.767675226113289368e-18
1.517985449218750000e+04 9.429069124881200858e-16 5.619761270518394618e-18
1.518680078125000000e+04 1.050229586795265770e-15 7.750506977332008072e-18
1.519374707031250000e+04 9.564805095887518420e-16 6.035485702775295267e-18
1.520069335937500000e+04 9.327398701431083121e-16 5.681620318266947687e-18
1.520763964843750000e+04 9.384606247897454498e-16 5.596105972950909409e-18
1.521458593750000000e+04 9.487948502627215411e-16 5.644384369402566869e-18
1.522153222656250000e+04 9.447109867866533388e-16 5.625728551457352160e-18
1.522847851562500000e+04 9.388505775828376483e-16 5.574702261010793542e-18
1.523542480468750000e+04 9.359086203987866497e-16 5.586499510907024822e-18
1.524237109375000000e+04 9.452894044105096191e-16 5.884125712748504604e-18
1.524931738281250000e+04 9.570172108399558480e-16 5.639434107026743275e-18
1.525626367187500000e+04 9.414207931821624159e-16 5.839516689494132374e-18
1.526320996093750000e+04 9.417751705914699338e-16 5.758446372019035238e-18
1.527015625000000000e+04 9.421217129460153494e-16 5.777094745338736970e-18
1.527710156250000000e+04 9.342552120857462554e-16 5.642818102912697712e-18
1.528404785156250000e+04 9.326322969588070159e-16 5.752252443592238167e-18
1.529099414062500000e+04 9.348295004239846710e-16 5.586736911742827541e-18
1.529794042968750000e+04 9.208018936636246099e-16 5.617610187335450470e-18
1.530488671875000000e+04 8.992382347715430387e-16 5.469601105970112122e-18
1.531183300781250000e+04 9.351360204717723210e-16 5.573447841611856875e-18
1.531877929687500000e+04 9.176474370889311886e-16 5.544102368610619389e-18
1.532572558593750000e+04 9.071327935981899314e-16 5.581090163291234298e-18
1.533267187500000000e+04 9.360478514394915753e-16 5.900857508588920971e-18
1.533961816406250000e+04 9.340592298375752917e-16 5.560902820441877657e-18
1.534656445312500000e+04 9.246527172000794728e-16 5.539846937949340338e-18
1.535351074218750000e+04 9.000079759623603841e-16 5.503417903772504999e-18
1.536045703125000000e+04 8.983144394634438173e-16 5.495363646148076169e-18
1.536740332031250000e+04 9.066649137739503372e-16 5.623002164158377381e-18
1.537434960937500000e+04 9.194812634197367489e-16 5.519308043339648661e-18
1.538129589843750000e+04 9.004806203469282837e-16 5.488010837683092306e-18
1.538824218750000000e+04 9.030708470996319341e-16 5.531057316760351866e-18
1.539518847656250000e+04 8.952981551382712538e-16 5.662376788496514051e-18
1.540213476562500000e+04 8.971110174036322701e-16 5.456238830354930513e-18
1.540908105468750000e+04 8.838424580431304689e-16 5.429782285643034476e-18
1.541602734375000000e+04 8.728129243995770038e-16 5.392111239776450766e-18
1.542297363281250000e+04 8.796822027831317694e-16 5.447270538153630587e-18
1.542991992187500000e+04 8.812424374719741906e-16 5.613325805352732063e-18
1.543686621093750000e+04 8.780004718059175595e-16 5.456626364471911606e-18
1.544381250000000000e+04 8.900026110311557749e-16 5.791027361986273892e-18
1.545075878906250000e+04 8.792404221615794484e-16 5.420948410291274416e-18
1.545770507812500000e+04 8.751138364612341073e-16 5.427699858450932228e-18
1.546465136718750000e+04 8.612255136811381752e-16 5.354602321309927449e-18
1.547159765625000000e+04 8.669026990705509198e-16 5.368957627250478968e-18
1.547854394531250000e+04 8.475363495227654104e-16 5.346783810160076232e-18
1.548549023437500000e+04 8.409996903896855679e-16 5.307992348153789446e-18
1.549243652343750000e+04 8.343274001059266306e-16 5.284496696444526971e-18
1.549938281250000000e+04 8.151308806640656084e-16 5.330759253743392703e-18
1.550632910156250000e+04 8.364217420075720916e-16 5.299289580929119042e-18
1.551327539062500000e+04 8.509654035910468352e-16 5.634321303660553011e-18
1.552022167968750000e+04 8.388907901092591737e-16 5.590691662251443567e-18
1.552716796875000000e+04 8.404590716111005107e-16 5.298217554855250318e-18
1.553411425781250000e+04 8.400572603567467520e-16 5.311428456418334723e-18
1.554106054687500000e+04 8.476209998779316371e-16 5.288520516534291174e-18
1.554800683593750000e+04 8.483374309326311650e-16 5.326346245175422300e-18
1.555495312500000000e+04 8.431497776471722026e-16 5.280046878339297959e-18
1.556189941406250000e+04 8.090082618235155086e-16 5.152568006187219481e-18
1.556884570312500000e+04 8.212206769779096041e-16 5.194532533023259681e-18
1.557579199218750000e+04 8.188005450289264579e-16 5.225191568837231376e-18
1.558273828125000000e+04 8.130664496133700649e-16 5.364996259296962518e-18
1.558968457031250000e+04 8.098164371343145179e-16 5.205266855832360321e-18
1.559663085937500000e+04 8.039945149900396947e-16 5.281815390488936332e-18
1.560357714843750000e+04 8.091236171230197036e-16 5.356895679558230718e-18
1.561052343750000000e+04 8.012993620309949178e-16 5.317442059471595234e-18
1.561746972656250000e+04 7.999442681340656475e-16 5.303090475843800204e-18
1.562441601562500000e+04 7.862179404051321003e-16 5.257491730986508277e-18
1.563136230468750000e+04 7.882991003565359162e-16 5.141624820273449202e-18
1.563830859375000000e+04 7.590308827157884325e-16 5.685561420295456587e-18
1.564525488281250000e+04 7.600269934617594897e-16 5.133596618838315792e-18
1.565220117187500000e+04 7.704503162128748927e-16 5.302310444526162699e-18
1.565914746093750000e+04 7.576427545339162444e-16 4.972376635909893039e-18
1.566609375000000000e+04 7.587875725016896347e-16 5.050707331196214547e-18
1.567304003906250000e+04 7.613806050510310650e-16 5.135119871936332192e-18
1.567998632812500000e+04 7.785920498414424309e-16 5.418230294798425168e-18
1.568693261718750000e+04 7.873420590052569636e-16 5.286087778352772720e-18
1.569387890625000000e+04 7.645605255537013187e-16 5.226238365902417232e-18
1.570082519531250000e+04 7.523951736674390402e-16 5.252334259867240149e-18
1.570777148437500000e+04 7.471229229663730546e-16 5.231735394663138377e-18
1.571471777343750000e+04 7.219404216862658919e-16 5.157560868364589556e-18
1.572166406250000000e+04 7.249411947205918610e-16 5.304102117732952557e-18
1.572861035156250000e+04 7.271821262616715194e-16 5.189910247760313363e-18
1.573555664062500000e+04 7.121934018039738443e-16 5.100112347642169231e-18
1.574250292968750000e+04 7.413639988975502700e-16 5.189978903751155264e-18
1.574944824218750000e+04 7.224942224150925942e-16 5.098110984150097181e-18
1.575639453125000000e+04 7.187282609920407715e-16 5.058180494440324876e-18
1.576334082031250000e+04 7.320942291414768172e-16 5.153646236115682353e-18
1.577028710937500000e+04 7.071444501636277736e-16 5.080959394148810152e-18
1.577723339843750000e+04 6.912517827325321499e-16 4.969593586738958377e-18
1.578417968750000000e+04 6.719816773033784104e-16 4.792103788342230123e-18
1.579112597656250000e+04 6.773439252550901655e-16 4.808055139274702708e-18
1.579807226562500000e+04 6.780923318035485432e-16 4.860809823611190878e-18
1.580501855468750000e+04 6.902811359145379251e-16 4.944209068100931064e-18
1.581196484375000000e+04 6.696916178513580026e-16 4.875731334681034944e-18
1.581891113281250000e+04 6.632544850895805404e-16 5.062533532413885184e-18
1.582585742187500000e+04 6.805651386139390663e-16 4.852707175920927695e-18
1.583280371093750000e+04 6.288477950138740471e-16 4.871223200342620943e-18
1.583975000000000000e+04 6.457318615701716259e-16 4.770756324683767861e-18
1.584669628906250000e+04 6.580279741676662870e-16 5.280689597675251661e-18
1.585364257812500000e+04 6.437120056283253400e-16 4.732220047896453684e-18
1.586058886718750000e+04 6.307850123038038354e-16 4.746257302891478564e-18
1.586753515625000000e+04 6.406503521009154680e-16 4.815730961768888529e-18
1.587448144531250000e+04 6.474482679586640588e-16 4.648221924643225106e-18
1.588142773437500000e+04 6.340854761827802166e-16 4.817774097881894507e-18
1.588837402343750000e+04 6.499181630932983952e-16 4.697328328888048147e-18
1.589532031250000000e+04 6.438042263404576519e-16 6.040657649555283072e-18
1.590226660156250000e+04 6.228154910613249370e-16 5.732564304242557279e-18
1.590921289062500000e+04 6.104395985481107616e-16 4.594579261919161262e-18
1.591615917968750000e+04 5.982552413600944648e-16 4.369081555131080387e-18
1.592310546875000000e+04 5.766260432937190920e-16 4.497317711133951162e-18
1.593005175781250000e+04 5.730916924421821171e-16 4.610376343667392708e-18
1.593699804687500000e+04 5.930722467558454010e-16 4.558481927167959687e-18
1.594394433593750000e+04 6.100180408381741370e-16 4.621886148300761811e-18
1.595089062500000000e+04 6.138830521764955094e-16 4.721021263173404519e-18
1.595783691406250000e+04 6.119818867263832323e-16 4.546948547887132822e-18
1.596478320312500000e+04 5.846003820360854992e-16 4.586900544292831506e-18
1.597172949218750000e+04 5.977522626081030205e-16 4.625694901431262227e-18
1.597867578125000000e+04 5.960007572918587376e-16 4.670471842349982721e-18
1.598562207031250000e+04 5.932757993609824500e-16 4.687499355259386796e-18
1.599256835937500000e+04 5.951900938217771688e-16 4.614933281661947337e-18
1.599951464843750000e+04 5.884562348306646845e-16 4.571640716352453251e-18
1.600646093750000000e+04 5.817964912224369515e-16 4.755668963901106913e-18
1.601340722656250000e+04 5.834063832178121561e-16 4.768362877581345675e-18
1.602035351562500000e+04 5.787762893698833368e-16 4.566037808473325318e-18
1.602729980468750000e+04 5.788950328011765491e-16 4.735374914752730932e-18
1.603424609375000000e+04 5.599725814573114965e-16 4.587562702373180204e-18
1.604119238281250000e+04 5.716719593434655029e-16 4.754199063952600183e-18
1.604813867187500000e+04 5.528894272545750201e-16 4.382327611870198296e-18
1.605508496093750000e+04 5.725280978949027870e-16 4.572638709761498479e-18
1.606203125000000000e+04 5.783788720989434598e-16 4.734342179757958477e-18
1.606897753906250000e+04 5.607634455322509960e-16 4.599517530176102837e-18
1.607592382812500000e+04 5.703409000064145733e-16 4.680794229214031954e-18
1.608287011718750000e+04 5.676805812773256295e-16 4.636302665606642254e-18
1.608981640625000000e+04 5.693684003038482298e-16 4.593431548819243936e-18
1.609676269531250000e+04 5.641549654530572146e-16 4.625125801169825744e-18
1.610370898437500000e+04 5.416638584232913878e-16 4.384895180491562894e-18
1.611065527343750000e+04 5.381547597414944317e-16 4.344384423582084640e-18
1.611760156250000000e+04 5.521189978494880305e-16 4.740409135960728658e-18
1.612454785156250000e+04 5.251128346339423592e-16 5.476812880140655693e-18
1.613149414062500000e+04 5.260647408479785826e-16 5.010170518097440873e-18
1.613844042968750000e+04 5.176531213465921429e-16 4.293158782607900742e-18
1.614538671875000000e+04 5.220441401451584359e-16 4.291680197262962205e-18
1.615233300781250000e+04 5.118531691193867281e-16 4.230629718563179721e-18
1.615927929687500000e+04 5.236599613711644206e-16 4.288142759373379182e-18
1.616622558593750000e+04 5.315704550051315348e-16 4.299679033786349983e-18
1.617317187500000000e+04 5.064257525702955953e-16 4.212261759471133465e-18
1.618011816406250000e+04 5.340833370618390270e-16 4.119439273443189188e-18
1.618706445312500000e+04 5.458765238469014472e-16 4.384713200756801228e-18
1.619401074218750000e+04 5.281741175844378074e-16 4.430739184400476794e-18
1.620095703125000000e+04 5.312865401491237340e-16 4.289928642315881169e-18
1.620790332031250000e+04 5.384300454493520793e-16 4.386028831521066818e-18
1.621484960937500000e+04 5.445097832469474302e-16 4.110444925052593842e-18
1.622179492187500000e+04 5.180765319411008863e-16 4.387644315257382881e-18
1.622874121093750000e+04 5.046482539304824461e-16 3.792630139590838590e-18
1.623568750000000000e+04 5.387542473099136628e-16 3.638863053981518616e-18
1.624263378906250000e+04 5.298814713083064599e-16 4.633929070838921341e-18
1.624958007812500000e+04 5.325423723725466411e-16 4.368191922382279606e-18
1.625652636718750000e+04 5.233342772029451421e-16 4.337926624539883153e-18
1.626347265625000000e+04 5.074481213376315358e-16 4.343768587616038911e-18
1.627041894531250000e+04 5.025380831006351703e-16 3.952997299307719171e-18
1.627736523437500000e+04 5.157939899064873605e-16 4.319662890205018578e-18
1.628431152343750000e+04 5.225371133204604387e-16 4.336968749390546747e-18
1.629125781250000000e+04 5.347887037486650456e-16 4.090985501142283866e-18
1.629820410156250000e+04 5.037758629343697201e-16 4.274876023118947448e-18
1.630515039062500000e+04 5.079643349794238285e-16 4.445042791552743748e-18
1.631209667968750000e+04 5.336805728954196072e-16 5.965529797600766887e-18
1.631904296875000000e+04 5.357841792199256620e-16 4.465570519224165959e-18
1.632598925781250000e+04 5.400958416192460677e-16 4.106136141241805120e-18
1.633293554687500000e+04 5.235983397242516702e-16 4.349184966267036136e-18
1.633988183593750000e+04 5.242902597630400268e-16 4.402086061571946192e-18
1.634682812500000000e+04 5.260659584578402607e-16 4.413545408187949560e-18
1.635377441406250000e+04 5.414328831264869808e-16 4.442525680948744885e-18
1.636072070312500000e+04 5.153241513185572407e-16 3.326296109120952911e-18
1.636766699218750000e+04 5.397962037141548590e-16 4.527881207587172981e-18
1.637461328125000000e+04 5.102591060522133383e-16 5.347549365816994059e-18
1.638155957031250000e+04 5.304630123661557405e-16 4.131498739593599779e-18
1.638850585937500000e+04 5.529989062630076384e-16 4.641994081811313361e-18
1.639545312500000000e+04 5.472196004638915472e-16 4.602052011572965314e-18
1.640239843750000000e+04 5.478541340205034249e-16 5.082199337887027140e-18
1.640934570312500000e+04 5.458002379420893568e-16 5.077345028462259698e-18
1.641629101562500000e+04 5.189149886797642369e-16 4.351012621830472051e-18
1.642323828125000000e+04 5.146390604829061220e-16 4.349370668314554291e-18
1.643018359375000000e+04 5.060275941455268708e-16 4.148613106467321921e-18
1.643713085937500000e+04 5.127041195940220796e-16 4.159107960489088460e-18
1.644407617187500000e+04 5.068478396758242539e-16 4.638989761826520765e-18
1.645102343750000000e+04 5.066683745701247490e-16 4.176528384189455223e-18
1.645796875000000000e+04 5.105352917325774436e-16 4.208924912880094551e-18
1.646491406250000000e+04 5.126280983870060062e-16 4.226894584507196525e-18
