9.351875976562500000e+03 4.917060987162050895e-15 2.758327058531166763e-17
9.358822265625000000e+03 4.833025154399057249e-15 3.036102249160353966e-17
9.365768554687500000e+03 4.731690367754289028e-15 2.929982255759190982e-17
9.372714843750000000e+03 4.611642505722305177e-15 2.590968402840865481e-17
9.379661132812500000e+03 4.596616988270961143e-15 2.514900211965999014e-17
9.386607421875000000e+03 4.657809612995927190e-15 2.506941907292626335e-17
9.393553710937500000e+03 4.713563015650099747e-15 2.507714493984750863e-17
9.400500000000000000e+03 4.712897671270031494e-15 2.539574513330088298e-17
9.407446289062500000e+03 4.682467589123447127e-15 2.537599206027311668e-17
9.414392578125000000e+03 4.488026940916486213e-15 2.512124193830271053e-17
9.421338867187500000e+03 4.463290190724871626e-15 2.534619866897018173e-17
9.428285156250000000e+03 4.260750636992738719e-15 2.488169705035225414e-17
9.435231445312500000e+03 4.420950825339891796e-15 2.526944457993138629e-17
9.442177734375000000e+03 4.403682788160692002e-15 2.510220189496296494e-17
9.449124023437500000e+03 4.351639813331966908e-15 2.483890699726488602e-17
9.456070312500000000e+03 4.318124837191482379e-15 2.471737265858491988e-17
9.463016601562500000e+03 4.211470683637957152e-15 2.384738875805472323e-17
9.469962890625000000e+03 4.170801243708489175e-15 2.377764750624915236e-17
9.476909179687500000e+03 4.157324949517673257e-15 2.366676063641396879e-17
9.483855468750000000e+03 4.053676492377479915e-15 2.349175403421612472e-17
9.490801757812500000e+03 4.099628876798972962e-15 2.356099732329293867e-17
9.497748046875000000e+03 4.088128286957627699e-15 2.349067042761368026e-17
9.504694335937500000e+03 4.020390638649227674e-15 2.293852406001208407e-17
9.511640625000000000e+03 3.957309977484831792e-15 2.295355227738094748e-17
9.518586914062500000e+03 3.995354885827232319e-15 2.289550405071442621e-17
9.525533203125000000e+03 3.914179906843590073e-15 2.252050006565228601e-17
9.532479492187500000e+03 3.980157420687595662e-15 2.296274390834763672e-17
9.539425781250000000e+03 3.960199206867916211e-15 2.296160405346353865e-17
9.546372070312500000e+03 3.948189973741744740e-15 2.294030415269029819e-17
9.553318359375000000e+03 3.797332982319280223e-15 2.238304746326434940e-17
9.560264648437500000e+03 3.775446497995176356e-15 2.190979923684928610e-17
9.567210937500000000e+03 3.706073652582101904e-15 2.158469574942001984e-17
9.574157226562500000e+03 3.640655603999757781e-15 2.132203116334870633e-17
9.581102539062500000e+03 3.597478523029943448e-15 2.101524972648748964e-17
9.588048828125000000e+03 3.618118598372162611e-15 2.103496309484585339e-17
9.594995117187500000e+03 3.543532265168737941e-15 2.057835443363290680e-17
9.601941406250000000e+03 3.542714243099927100e-15 2.060613943040856300e-17
9.608887695312500000e+03 3.441197767887972832e-15 2.023497521774989395e-17
9.615833984375000000e+03 3.515751490322928212e-15 2.026892105572784510e-17
9.622780273437500000e+03 3.440738252514087374e-15 1.996675528668467430e-17
9.629726562500000000e+03 3.441857818312120745e-15 1.979084705761914744e-17
9.636672851562500000e+03 3.397463127480628356e-15 1.952582004371838248e-17
9.643619140625000000e+03 3.334238047198725616e-15 1.928963185469366627e-17
9.650565429687500000e+03 3.339080958074652078e-15 1.912478468477919849e-17
9.657511718750000000e+03 3.226748930917444462e-15 1.868458066947440354e-17
9.664458007812500000e+03 3.246866386931207722e-15 1.871663557257205847e-17
9.671404296875000000e+03 3.244587868303093654e-15 1.840131763178929453e-17
9.678350585937500000e+03 3.146033043791214047e-15 1.800519738004990064e-17
9.685296875000000000e+03 3.143054664190431113e-15 1.791403049601798125e-17
9.692243164062500000e+03 3.125952645468893162e-15 1.954531172767258202e-17
9.699189453125000000e+03 3.102034764379036670e-15 1.777501617663354452e-17
9.706135742187500000e+03 2.948259320936807461e-15 1.726243882081403497e-17
9.713082031250000000e+03 2.980311894693857440e-15 1.743084948480738119e-17
9.720028320312500000e+03 2.993652875371349484e-15 1.744041996449461972e-17
9.726974609375000000e+03 2.923042303064099685e-15 1.713693897827748961e-17
9.733920898437500000e+03 2.909319522285632766e-15 1.704180162730531569e-17
9.740867187500000000e+03 2.888630530790709666e-15 1.697216625461815161e-17
9.747813476562500000e+03 2.824809562830413526e-15 1.672632652220616667e-17
9.754759765625000000e+03 2.812628805532423060e-15 1.679097399579963600e-17
9.761706054687500000e+03 2.777469314924844307e-15 1.649916287366440400e-17
9.768652343750000000e+03 2.808948235618366311e-15 1.658498617093923084e-17
9.775598632812500000e+03 2.745180630733747192e-15 1.628077230269937874e-17
9.782544921875000000e+03 2.718301945976763292e-15 1.614277376110715713e-17
9.789491210937500000e+03 2.682467793626696489e-15 1.601413394096536048e-17
9.796437500000000000e+03 2.687330398018646614e-15 1.598593369952220266e-17
9.803383789062500000e+03 2.642644327853298745e-15 1.570700674260809663e-17
9.810330078125000000e+03 2.620770760781640507e-15 1.553583825845249861e-17
9.817276367187500000e+03 2.563875981231042780e-15 1.536883214713926743e-17
9.824222656250000000e+03 2.587199880466637195e-15 1.590551354600857221e-17
9.831168945312500000e+03 2.596055821688417718e-15 1.544483184745941450e-17
9.838115234375000000e+03 2.544711437282940608e-15 1.520347212524501677e-17
9.845061523437500000e+03 2.551840490083506427e-15 1.525994540002523708e-17
9.852007812500000000e+03 2.497825622553573321e-15 1.506080663063677098e-17
9.858954101562500000e+03 2.439446417762912434e-15 1.488667022244333270e-17
9.865900390625000000e+03 2.482352236431368576e-15 1.492368655485508069e-17
9.872846679687500000e+03 2.443692593927498241e-15 1.480744948081790413e-17
9.879792968750000000e+03 2.425699073028975139e-15 1.467238081295534535e-17
9.886739257812500000e+03 2.437618097146264026e-15 1.476972508180181075e-17
9.893685546875000000e+03 2.410290061410761721e-15 1.468503998504985689e-17
9.900631835937500000e+03 2.392724080392365227e-15 1.449047717881003414e-17
9.907578125000000000e+03 2.520341240599250320e-15 1.545328232459725623e-17
9.914524414062500000e+03 2.420073927226259330e-15 1.461336643933336215e-17
9.921470703125000000e+03 2.409744572192729951e-15 1.464641892224975603e-17
9.928416992187500000e+03 2.458185751171492947e-15 1.475387464690406964e-17
9.935363281250000000e+03 2.461522213950727636e-15 1.468507638099680922e-17
9.942309570312500000e+03 2.476718196782706598e-15 1.475550419271079910e-17
9.949255859375000000e+03 2.442005304296567675e-15 1.470409822636307865e-17
9.956202148437500000e+03 2.474102559041585318e-15 1.477678258678811319e-17
9.963148437500000000e+03 2.404705149673040492e-15 1.475447848875123335e-17
9.970094726562500000e+03 2.453921363798541172e-15 1.477578004388569892e-17
9.977041015625000000e+03 2.429639893816075771e-15 1.466646316285314099e-17
9.983987304687500000e+03 2.466406417682832745e-15 1.468281321484086414e-17
9.990933593750000000e+03 2.433048989670537517e-15 1.453044654600859644e-17
9.997879882812500000e+03 2.327880955422969959e-15 1.425437005348534813e-17
1.000482617187500000e+04 2.375058361244429539e-15 1.439591389118297202e-17
1.001177246093750000e+04 2.386167621864143315e-15 1.459088367028417085e-17
1.001871875000000000e+04 2.370584756733505952e-15 1.434221663453847967e-17
1.002566503906250000e+04 2.335982613805220529e-15 1.424925476857732021e-17
1.003261132812500000e+04 2.302647632166027539e-15 1.421867390133123478e-17
1.003955761718750000e+04 2.331825799616570050e-15 1.423877769893872356e-17
1.004650390625000000e+04 2.306568335920630881e-15 1.408972306127911819e-17
1.005344921875000000e+04 2.234714531005048584e-15 1.387662892777626996e-17
1.006039550781250000e+04 2.211736432970170738e-15 1.362026249488893520e-17
1.006734179687500000e+04 2.213982129071578701e-15 1.404005913730143441e-17
1.007428808593750000e+04 2.165628618002856526e-15 1.352784077786777287e-17
1.008123437500000000e+04 2.191332891578472337e-15 1.350643499797612562e-17
1.008818066406250000e+04 2.200827283884245790e-15 1.360716326270854546e-17
1.009512695312500000e+04 2.121391687057790250e-15 1.336007117884915524e-17
1.010207324218750000e+04 2.136632986152447317e-15 1.333770173354388371e-17
1.010901953125000000e+04 2.183411862972223748e-15 1.364280068503916755e-17
1.011596582031250000e+04 2.154572932217056584e-15 1.344393653961406906e-17
1.012291210937500000e+04 2.100170547113754636e-15 1.313352543422496968e-17
1.012985839843750000e+04 2.099011382525437126e-15 1.315447626477971277e-17
1.013680468750000000e+04 2.112061619143784132e-15 1.319723074910074111e-17
1.014375097656250000e+04 2.073992782120623671e-15 1.376708870797832272e-17
1.015069726562500000e+04 2.064397169377653329e-15 1.293994862727531014e-17
1.015764355468750000e+04 2.059232809498243860e-15 1.287552201090539248e-17
1.016458984375000000e+04 1.944487585474308743e-15 1.251627829805422511e-17
1.017153613281250000e+04 1.956872901229061122e-15 1.252444836096441137e-17
1.017848242187500000e+04 1.949067916136586372e-15 1.246823151217408250e-17
1.018542871093750000e+04 1.883014804602038336e-15 1.221311494919231536e-17
1.019237500000000000e+04 1.902268710526075837e-15 1.235402020345704831e-17
1.019932128906250000e+04 1.884284718748209346e-15 1.225530777787742020e-17
1.020626757812500000e+04 1.842030691932665387e-15 1.207973290259875220e-17
1.021321386718750000e+04 1.802580555930769976e-15 1.200424853580022566e-17
1.022016015625000000e+04 1.817130252623993907e-15 1.218208409569300108e-17
1.022710644531250000e+04 1.779827556901624960e-15 1.188348016636748362e-17
1.023405273437500000e+04 1.782943579356336718e-15 1.188035507801325828e-17
1.024099902343750000e+04 1.800252909391715159e-15 1.189503753388607452e-17
1.024794531250000000e+04 1.732769159209254610e-15 1.179605875614920434e-17
1.025489160156250000e+04 1.735714081008620999e-15 1.164336038789130288e-17
1.026183789062500000e+04 1.677979044774347006e-15 1.138979065265500990e-17
1.026878417968750000e+04 1.705128144799741841e-15 1.150649342937705381e-17
1.027573046875000000e+04 1.691764929507384371e-15 1.141137841228141882e-17
1.028267675781250000e+04 1.647890422784624529e-15 1.135818242708813361e-17
1.028962304687500000e+04 1.648969648638544915e-15 1.129305767028122119e-17
1.029656933593750000e+04 1.615291830413950747e-15 1.111332703960508678e-17
1.030351562500000000e+04 1.576756278236853166e-15 1.096936535297697040e-17
1.031046191406250000e+04 1.590443165994180185e-15 1.109395033375603211e-17
1.031740820312500000e+04 1.570808412881233469e-15 1.107863591189522535e-17
1.032435449218750000e+04 1.550307462700600825e-15 1.086631601944572676e-17
1.033130078125000000e+04 1.552402704574752743e-15 1.085732208464543769e-17
1.033824707031250000e+04 1.532083760598661366e-15 1.080470016279726428e-17
1.034519335937500000e+04 1.523379967670031396e-15 1.078688765548654739e-17
1.035213964843750000e+04 1.530640416456540039e-15 1.074808626731290996e-17
1.035908593750000000e+04 1.507138110906430187e-15 1.067391050024344231e-17
1.036603222656250000e+04 1.496085813252419263e-15 1.075691228444885077e-17
1.037297851562500000e+04 1.481884352979635257e-15 1.056321801785220870e-17
1.037992480468750000e+04 1.461554079937874354e-15 1.044928298745976722e-17
1.038687109375000000e+04 1.453180947496028781e-15 1.101824510973395391e-17
1.039381738281250000e+04 1.446285146393313115e-15 1.153919436053311266e-17
1.040076367187500000e+04 1.462609588869271619e-15 1.046103805114475830e-17
1.040770996093750000e+04 1.451874716812244243e-15 1.040322391659158954e-17
1.041465625000000000e+04 1.440862441464991085e-15 1.032272104501670378e-17
1.042160253906250000e+04 1.442559366095696669e-15 1.038289512585748633e-17
1.042854882812500000e+04 1.427167295136428336e-15 1.033813059264795413e-17
1.043549511718750000e+04 1.437367160008146214e-15 1.034918668871533790e-17
1.044244140625000000e+04 1.433261061917212587e-15 1.032044712551279550e-17
1.044938769531250000e+04 1.456411319398619869e-15 1.045760111569960047e-17
1.045633398437500000e+04 1.488273416621656037e-15 1.049424273529386194e-17
1.046328027343750000e+04 1.472744232204050915e-15 1.131080152160109618e-17
1.047022656250000000e+04 1.447454687135234491e-15 1.027201239192536552e-17
1.047717285156250000e+04 1.469104425750580780e-15 1.037413032008687445e-17
1.048411914062500000e+04 1.448732436336167603e-15 1.028466660093620174e-17
1.049106542968750000e+04 1.468945607072970599e-15 1.031940653230220380e-17
1.049801171875000000e+04 1.465076254690794548e-15 1.034605829163866235e-17
1.050495800781250000e+04 1.469443344808600907e-15 1.033549188649390997e-17
1.051190429687500000e+04 1.468831892899801709e-15 1.039149697704742526e-17
1.051885058593750000e+04 1.458745001047423873e-15 1.030511036977544982e-17
1.052579687500000000e+04 1.440888064211645527e-15 1.022782440360278278e-17
1.053274218750000000e+04 1.479680373250879567e-15 1.035146888002537170e-17
1.053968847656250000e+04 1.488678298370443593e-15 1.035293547125142822e-17
1.054663476562500000e+04 1.439748381381114866e-15 1.017330989251308805e-17
1.055358105468750000e+04 1.437661609836435490e-15 1.017448779770536356e-17
1.056052734375000000e+04 1.458692590883812513e-15 1.025990743084126452e-17
1.056747363281250000e+04 1.412478473281617887e-15 1.010200775089162962e-17
1.057441992187500000e+04 1.439622173471973975e-15 1.008550301612935905e-17
1.058136621093750000e+04 1.444137917872023464e-15 1.023258896393108822e-17
1.058831250000000000e+04 1.439166893262824789e-15 1.012369973527522021e-17
1.059525878906250000e+04 1.423659731701848279e-15 1.008329278953261736e-17
1.060220507812500000e+04 1.421245158406581489e-15 1.008700600330236791e-17
1.060915136718750000e+04 1.400460240430381840e-15 9.960628522135903784e-18
1.061609765625000000e+04 1.429188421627695504e-15 1.006675414036523213e-17
1.062304394531250000e+04 1.414488800102807562e-15 1.003018613984548788e-17
1.062999023437500000e+04 1.409916939770002476e-15 9.907233186414993295e-18
1.063693652343750000e+04 1.386469585482345748e-15 9.903783016080034617e-18
1.064388281250000000e+04 1.389229642340973885e-15 9.852976755676415104e-18
1.065082910156250000e+04 1.394452765131099121e-15 9.913615712021452457e-18
1.065777539062500000e+04 1.350019110784033034e-15 9.698849019320022010e-18
1.066472167968750000e+04 1.357372415557384429e-15 9.672265915974405360e-18
1.067166796875000000e+04 1.378344210177572058e-15 9.744307557063486199e-18
1.067861425781250000e+04 1.374884186467156648e-15 9.815671737230886109e-18
1.068556054687500000e+04 1.361163311512821050e-15 9.828564174258137598e-18
1.069250683593750000e+04 1.330623856236922472e-15 9.572371449299438973e-18
1.069945312500000000e+04 1.309589804695111652e-15 9.466513010407965256e-18
1.070639941406250000e+04 1.276436935139578337e-15 9.298942761916972909e-18
1.071334570312500000e+04 1.319346565456297124e-15 9.482901112703865840e-18
1.072029199218750000e+04 1.321232060796885197e-15 9.464030641389693620e-18
1.072723828125000000e+04 1.335796262929330857e-15 9.608421634755725025e-18
1.073418457031250000e+04 1.279486994903522665e-15 9.397732942474181005e-18
1.074113085937500000e+04 1.312874598464563829e-15 9.453882789634893076e-18
1.074807714843750000e+04 1.286473957927186575e-15 9.345190429964812687e-18
1.075502343750000000e+04 1.269644048539954068e-15 9.234887549642091552e-18
1.076196972656250000e+04 1.254237472141464006e-15 9.272489525927527084e-18
1.076891601562500000e+04 1.263311630226280919e-15 9.211015117163811174e-18
1.077586230468750000e+04 1.288798110455333969e-15 9.267253472650066419e-18
1.078280859375000000e+04 1.278086108287882459e-15 9.209069588363086453e-18
1.078975488281250000e+04 1.258974292140746867e-15 9.139276224178924743e-18
1.079670117187500000e+04 1.292242675814461988e-15 9.252814207877340768e-18
1.080364746093750000e+04 1.279200062492640271e-15 9.181889260615206516e-18
1.081059375000000000e+04 1.244720209946114688e-15 9.062813302715747970e-18
1.081754003906250000e+04 1.247668308119033280e-15 9.093001259170870715e-18
1.082448632812500000e+04 1.244896286920025175e-15 9.014725157804977706e-18
1.083143261718750000e+04 1.224340703114294628e-15 8.945322222869941025e-18
1.083837890625000000e+04 1.218418778142684594e-15 8.947468756559516132e-18
1.084532519531250000e+04 1.222561828045942191e-15 8.977870952793290111e-18
1.085227148437500000e+04 1.210724119091589716e-15 8.995724819134634661e-18
1.085921777343750000e+04 1.235823081747273924e-15 9.156661906293564278e-18
1.086616406250000000e+04 1.244004149468329583e-15 9.148933557830481341e-18
1.087311035156250000e+04 1.205263932955351683e-15 8.890611669975071222e-18
1.088005664062500000e+04 1.219599859708512309e-15 9.032662569388190112e-18
1.088700292968750000e+04 1.205170441693798489e-15 8.873523772880950776e-18
1.089394921875000000e+04 1.160295589060331319e-15 8.681854444423838522e-18
1.090089550781250000e+04 1.208163856129395187e-15 8.946337173481543590e-18
1.090784179687500000e+04 1.206391651445502377e-15 8.914700823773840494e-18
1.091478808593750000e+04 1.172307257406226145e-15 8.757181646905979987e-18
1.092173437500000000e+04 1.211133659521587171e-15 8.957343638712174177e-18
1.092868066406250000e+04 1.210257615695889410e-15 9.109944399657794381e-18
1.093562695312500000e+04 1.164164306167796929e-15 8.713285653339628467e-18
1.094257324218750000e+04 1.156556362114677210e-15 8.652939518931434886e-18
1.094951953125000000e+04 1.124562127751869371e-15 8.552154178736748888e-18
1.095646582031250000e+04 1.130500887503306084e-15 8.518337380934356011e-18
1.096341210937500000e+04 1.158076998013235492e-15 8.562601469873293628e-18
1.097035839843750000e+04 1.145780303080589594e-15 8.627955355709883238e-18
1.097730468750000000e+04 1.128982157428879123e-15 8.519462346567428129e-18
1.098425097656250000e+04 1.110637329615482300e-15 8.574057094176540508e-18
1.099119726562500000e+04 1.122709137300632182e-15 8.515289220377098104e-18
1.099814355468750000e+04 1.120279211533196408e-15 8.470973019059569646e-18
1.100508886718750000e+04 1.116807752877993064e-15 8.496252485759802725e-18
1.101203515625000000e+04 1.124901682084599938e-15 8.505685653465357453e-18
1.101898144531250000e+04 1.112340077597700257e-15 8.526912762344693249e-18
1.102592773437500000e+04 1.096918148727041211e-15 8.339757358490282866e-18
1.103287402343750000e+04 1.115658117410332165e-15 8.428642051212168455e-18
1.103982031250000000e+04 1.119759133303582267e-15 8.454422789363608668e-18
1.104676660156250000e+04 1.111597547340313456e-15 8.457425454987176159e-18
1.105371289062500000e+04 1.126776165996873705e-15 8.476696281717824045e-18
1.106065917968750000e+04 1.120839629706923534e-15 8.491082606931346302e-18
1.106760546875000000e+04 1.111320779324798114e-15 8.359984406009042052e-18
1.107455175781250000e+04 1.113909417890725662e-15 8.351913604772362161e-18
1.108149804687500000e+04 1.120121663405007108e-15 8.399734570345277797e-18
1.108844433593750000e+04 1.140638177816045550e-15 8.746803838940889702e-18
1.109539062500000000e+04 1.148452480270940098e-15 8.572859336649563724e-18
1.110233691406250000e+04 1.120638353502832231e-15 8.589162239342371346e-18
1.110928320312500000e+04 1.152040300077272501e-15 8.710113415690487606e-18
1.111622949218750000e+04 1.130361338825245938e-15 8.705113108887604554e-18
1.112317578125000000e+04 1.159745335281971244e-15 8.925495530767657505e-18
1.113012207031250000e+04 1.184221516963186727e-15 9.084095005515512266e-18
1.113706835937500000e+04 1.180650637815799410e-15 9.182886840433945468e-18
1.114401464843750000e+04 1.182903639576377442e-15 9.496840760386609463e-18
1.115096093750000000e+04 1.174935812399793052e-15 9.588268206311483058e-18
1.115790722656250000e+04 1.156583890685462974e-15 9.718728650981508924e-18
1.116485351562500000e+04 1.180830314679735728e-15 9.702137889435532848e-18
1.117179980468750000e+04 1.166850141764421908e-15 9.664261289186729711e-18
1.117874609375000000e+04 1.164679619837082764e-15 9.745042093447433288e-18
1.118569238281250000e+04 1.183406035993217649e-15 9.777479153988087715e-18
1.119263867187500000e+04 1.219643693663532719e-15 1.006063796691601504e-17
1.119958496093750000e+04 1.183088928033589320e-15 9.824799675290408769e-18
1.120653125000000000e+04 1.166623348692794569e-15 9.917447212618798081e-18
1.121347753906250000e+04 1.179836533274369621e-15 1.023583564783535886e-17
1.122042382812500000e+04 1.177795713267078791e-15 1.013641101974832259e-17
1.122737011718750000e+04 1.186063390106991203e-15 1.012778269877878196e-17
1.123431640625000000e+04 1.176794414444305801e-15 1.005266560017222896e-17
1.124126269531250000e+04 1.175201039591402055e-15 1.004992349644161567e-17
1.124820898437500000e+04 1.212648683826869894e-15 1.025846151913052182e-17
1.125515527343750000e+04 1.207059748682649206e-15 1.152047195454858743e-17
1.126210156250000000e+04 1.135937144958784183e-15 9.596167781161364473e-18
1.126904785156250000e+04 1.171253654298960202e-15 9.736315337984998846e-18
1.127599414062500000e+04 1.174961117509092275e-15 9.819209588710775408e-18
1.128294042968750000e+04 1.198421706686549851e-15 9.765507368982607745e-18
1.128988671875000000e+04 1.159535059352815364e-15 9.481710799802402033e-18
1.129683300781250000e+04 1.145216073258599823e-15 9.028512604255011572e-18
1.130377929687500000e+04 1.168777141719425441e-15 8.889705907204325657e-18
1.131072558593750000e+04 1.182462335410857952e-15 9.039839188382700180e-18
1.131767187500000000e+04 1.218033907547275922e-15 9.567687125490551177e-18
1.132461816406250000e+04 1.257336765695467491e-15 1.026579778398325463e-17
1.133156445312500000e+04 1.181502329444263609e-15 1.060876671828244117e-17
1.133851074218750000e+04 1.171016379194610591e-15 1.066461960760324671e-17
1.134545703125000000e+04 1.113680189599374967e-15 9.913008561451838534e-18
1.135240332031250000e+04 1.148758470923135714e-15 9.313389471315211538e-18
1.135934960937500000e+04 1.139419615042301832e-15 8.698762843325034960e-18
1.136629589843750000e+04 1.170970639415458859e-15 8.686303848938761258e-18
1.137324218750000000e+04 1.154530365183963330e-15 8.656505494552150989e-18
1.138018847656250000e+04 1.157099098475630403e-15 8.702839189383696281e-18
1.138713476562500000e+04 1.170019315536573873e-15 8.711991115680982979e-18
1.139408105468750000e+04 1.181086542146280154e-15 8.783711810692393243e-18
1.140102734375000000e+04 1.144683183655658461e-15 8.683963754985848742e-18
1.140797363281250000e+04 1.142307044480373335e-15 8.667925550089058089e-18
1.141491992187500000e+04 1.183233453030214585e-15 8.698620568259675840e-18
1.142186621093750000e+04 1.171513164018175238e-15 8.725598236757480284e-18
1.142881250000000000e+04 1.184680291183243337e-15 9.060493888278149281e-18
1.143575878906250000e+04 1.185140335952720829e-15 9.164153681101457050e-18
1.144270507812500000e+04 1.180813056383435422e-15 9.267998762381976697e-18
1.144965136718750000e+04 1.176158822096509855e-15 9.393261204082719337e-18
1.145659765625000000e+04 1.159357182433891961e-15 9.298836055617953569e-18
1.146354394531250000e+04 1.163683297332874893e-15 9.226686053868628283e-18
1.147049023437500000e+04 1.178481915833473181e-15 9.380718664454577778e-18
1.147743554687500000e+04 1.142988376607321013e-15 8.899877747196890238e-18
1.148438183593750000e+04 1.152498439022618670e-15 8.897513665006213685e-18
1.149132812500000000e+04 1.141014578081981680e-15 8.847427878916127859e-18
1.149827441406250000e+04 1.153921983769597929e-15 8.888788563905004349e-18
1.150522070312500000e+04 1.150946462905011979e-15 8.793467578836843652e-18
1.151216699218750000e+04 1.126745355173417330e-15 8.748060326291357751e-18
1.151911328125000000e+04 1.119918269618547669e-15 8.754707549693833881e-18
1.152605957031250000e+04 1.109521893103066793e-15 8.558021370821587514e-18
1.153300585937500000e+04 1.104084894493759846e-15 8.416362555018818759e-18
1.153995214843750000e+04 1.111764624589159367e-15 8.522488173248147104e-18
1.154689843750000000e+04 1.095616047328874538e-15 8.237973611296245364e-18
1.155384472656250000e+04 1.091855538680420665e-15 8.212225960369307271e-18
1.156079101562500000e+04 1.075650633729143425e-15 8.145685070353704066e-18
1.156773730468750000e+04 1.093319105734157689e-15 8.072736012132652555e-18
1.157468359375000000e+04 1.079523056605753272e-15 8.049747008548578810e-18
1.158162988281250000e+04 1.067270195628127784e-15 8.004646640010350082e-18
1.158857617187500000e+04 1.069722673647784204e-15 7.970272322475096464e-18
1.159552246093750000e+04 1.062196574153192932e-15 7.908799568072605660e-18
1.160246875000000000e+04 1.043740467386350575e-15 7.743700935251921760e-18
1.160941503906250000e+04 1.025799674288794053e-15 7.617039731135351950e-18
1.161636132812500000e+04 1.018923778460338863e-15 7.515220415174974668e-18
1.162330761718750000e+04 1.027990525006867301e-15 7.664239484068240262e-18
1.163025390625000000e+04 1.026202226696976659e-15 7.503829310959506924e-18
1.163720019531250000e+04 1.018639810664771859e-15 7.604127441773399188e-18
1.164414648437500000e+04 1.008487485517218629e-15 7.511369889423540324e-18
1.165109277343750000e+04 9.842072860841741093e-16 7.489983134685981793e-18
1.165803906250000000e+04 1.012164032024775919e-15 7.485106077794369142e-18
1.166498535156250000e+04 9.771836888855414509e-16 7.362057171412818404e-18
1.167193164062500000e+04 9.703703676160646725e-16 7.362557615683412986e-18
1.167887792968750000e+04 9.900926827599338016e-16 7.355616743163480531e-18
1.168582421875000000e+04 9.750108376175973569e-16 7.344083363882653666e-18
1.169277050781250000e+04 9.598217369283148365e-16 7.194750793537230474e-18
1.169971679687500000e+04 9.383806860553483252e-16 7.095354289591021009e-18
1.170666308593750000e+04 9.520061639239994072e-16 7.207677972150209190e-18
1.171360937500000000e+04 9.598113607747109713e-16 7.218451172448099823e-18
1.172055566406250000e+04 9.610950392062748635e-16 7.236728555263071522e-18
1.172750195312500000e+04 9.686660314470706135e-16 7.296336844564867803e-18
1.173444824218750000e+04 9.490087260819032519e-16 7.205203874938063085e-18
1.174139453125000000e+04 9.428957951806873732e-16 7.170102465644375355e-18
1.174834082031250000e+04 9.445202984944027144e-16 7.144569881676701050e-18
1.175528710937500000e+04 9.287573329833554055e-16 7.057278338814592592e-18
1.176223339843750000e+04 9.082998991203879505e-16 6.978750774542483463e-18
1.176917968750000000e+04 9.121830157879568836e-16 7.011814837987453085e-18
1.177612597656250000e+04 9.083807907668507362e-16 6.944228391677582853e-18
1.178307226562500000e+04 9.085427858180131211e-16 6.955983455362573929e-18
1.179001855468750000e+04 9.131483157104715656e-16 6.977278393052139074e-18
1.179696484375000000e+04 9.192639994687660208e-16 7.047780651021258729e-18
1.180391113281250000e+04 8.936798986925419130e-16 6.997560861671939312e-18
1.181085742187500000e+04 9.103183786336949482e-16 7.087338082274769618e-18
1.181780371093750000e+04 9.150032119858400766e-16 7.094264892724288672e-18
1.182475000000000000e+04 8.916753952228646113e-16 7.018548088173634731e-18
1.183169628906250000e+04 8.879170041567788739e-16 6.916463660826934203e-18
1.183864257812500000e+04 8.684735216712340198e-16 6.768638213557582627e-18
1.184558886718750000e+04 8.599861986001867270e-16 6.693964897349664330e-18
1.185253515625000000e+04 8.451962092477385922e-16 6.711292676821425154e-18
1.185948144531250000e+04 8.707312879921403573e-16 6.845564769754095371e-18
1.186642773437500000e+04 8.729264797540682835e-16 6.853946177310788924e-18
1.187337402343750000e+04 8.632736922871582768e-16 6.825896482739115756e-18
1.188032031250000000e+04 8.473811836747402633e-16 6.747174944613362941e-18
1.188726660156250000e+04 8.439799228750406203e-16 6.703581699151205830e-18
1.189421289062500000e+04 8.567754672740600982e-16 6.735673411786119368e-18
1.190115917968750000e+04 8.399929387923146286e-16 6.667162177551414851e-18
1.190810546875000000e+04 8.409502448413895982e-16 6.666364361850607456e-18
1.191505175781250000e+04 8.305681620068936389e-16 6.640166311080134240e-18
1.192199804687500000e+04 8.305777970066686566e-16 6.566222981762793990e-18
1.192894433593750000e+04 8.317898482146303570e-16 6.595341393685885670e-18
1.193589062500000000e+04 8.319732308477109130e-16 6.697286027509064736e-18
1.194283691406250000e+04 8.381512774067469661e-16 6.682137455361074864e-18
1.194978222656250000e+04 8.355528979619259930e-16 6.593666766535772065e-18
1.195672851562500000e+04 8.190636546381673249e-16 6.571078118368173986e-18
1.196367480468750000e+04 8.031742694597423116e-16 6.554946855652471116e-18
1.197062109375000000e+04 8.155280332372094685e-16 6.584781605986033719e-18
1.197756738281250000e+04 8.219541545706726248e-16 6.650233926315517139e-18
1.198451367187500000e+04 8.240633195488950360e-16 6.547132480405682664e-18
1.199145996093750000e+04 7.975839049474231328e-16 6.449656689841821330e-18
1.199840625000000000e+04 8.003002866697084706e-16 6.450437548340071388e-18
1.200535253906250000e+04 8.155995545816932535e-16 6.552564161898012120e-18
1.201229882812500000e+04 8.199576979139942389e-16 6.645224106935589727e-18
1.201924511718750000e+04 8.220723156668145997e-16 6.682307440976954511e-18
1.202619140625000000e+04 8.215245500477370844e-16 6.768707283138730805e-18
1.203313769531250000e+04 8.159514438317182119e-16 6.545592683695415203e-18
1.204008398437500000e+04 7.786401719007583159e-16 6.453275605021740826e-18
1.204703027343750000e+04 7.821294711874132027e-16 6.457561227775378062e-18
1.205397656250000000e+04 8.072604622764154633e-16 6.482451092407098665e-18
1.206092285156250000e+04 8.034133445091048379e-16 6.472730065848375484e-18
1.206786914062500000e+04 8.027753169415855362e-16 6.480272298673633990e-18
1.207481542968750000e+04 8.022525387944520227e-16 6.583733154559622756e-18
1.208176171875000000e+04 7.989194112074471475e-16 6.414658678124702729e-18
1.208870800781250000e+04 7.831810096518702132e-16 6.372092790983336478e-18
1.209565429687500000e+04 7.891218340461158588e-16 6.342546313093248606e-18
1.210260058593750000e+04 8.037355346664166924e-16 6.456485892979059126e-18
1.210954687500000000e+04 8.184936544042243842e-16 6.470486752027131673e-18
1.211649316406250000e+04 8.242534255059944231e-16 6.429179006597458577e-18
1.212343945312500000e+04 8.007890246802742019e-16 6.442585536375411773e-18
1.213038574218750000e+04 7.918246632412451278e-16 6.492065826257108782e-18
1.213733203125000000e+04 8.072319278540048340e-16 6.546991032520936096e-18
1.214427832031250000e+04 7.963923942884323492e-16 6.382313021041735411e-18
1.215122460937500000e+04 7.962978971752542913e-16 6.584597971890046947e-18
1.215817089843750000e+04 7.875599052913789290e-16 6.334568156085174654e-18
1.216511718750000000e+04 7.892771587128186161e-16 6.370892551914522035e-18
1.217206347656250000e+04 8.062199352402727587e-16 6.374514775816891743e-18
1.217900976562500000e+04 8.107337208766317218e-16 6.432698660103871709e-18
1.218595605468750000e+04 7.847902134329757737e-16 6.343540170599231068e-18
1.219290234375000000e+04 8.003622788935356447e-16 6.368083446554291953e-18
1.219984863281250000e+04 7.816542857040035402e-16 6.211405098779091598e-18
1.220679492187500000e+04 7.683869439533634171e-16 6.265111868000628303e-18
1.221374121093750000e+04 7.792658116114240235e-16 6.282227889235575551e-18
1.222068750000000000e+04 8.002206126331073630e-16 6.363656375915908149e-18
1.222763378906250000e+04 8.005999775143588827e-16 6.297028631935986875e-18
1.223458007812500000e+04 7.616860133680754437e-16 6.580853738847325667e-18
1.224152636718750000e+04 7.717411414849312430e-16 6.219469282570871065e-18
1.224847265625000000e+04 7.830681425116485777e-16 6.215347855168825605e-18
1.225541894531250000e+04 7.837021996122276249e-16 6.229715568818565419e-18
1.226236523437500000e+04 7.838689062841591119e-16 6.220321692192106960e-18
1.226931152343750000e+04 7.788048668694400739e-16 6.222673366673595218e-18
1.227625781250000000e+04 7.895890256560858089e-16 6.232030847353101343e-18
1.228320410156250000e+04 7.703122498424724417e-16 6.086749807647962881e-18
1.229015039062500000e+04 7.653517602055552420e-16 6.111741415495027506e-18
1.229709667968750000e+04 7.718239389555253509e-16 6.253458961121287525e-18
1.230404296875000000e+04 7.638574352679210460e-16 6.120132335628765418e-18
1.231098925781250000e+04 7.878422319606106280e-16 6.169969140354472783e-18
1.231793554687500000e+04 7.697371144712867718e-16 6.130365800576965200e-18
1.232488183593750000e+04 7.811352662655734677e-16 6.245282694356507123e-18
1.233182812500000000e+04 8.082666315386351653e-16 6.550856447523396395e-18
1.233877441406250000e+04 7.870009164857502942e-16 6.430526070225001182e-18
1.234572070312500000e+04 8.111729603993422799e-16 6.471856976711825763e-18
1.235266699218750000e+04 7.873879046635271026e-16 6.214699345568584031e-18
1.235961328125000000e+04 7.734648535325937442e-16 6.225402235514407656e-18
1.236655957031250000e+04 7.864357337516948623e-16 6.145564830742320807e-18
1.237350585937500000e+04 7.815134664765225128e-16 6.135852075989723156e-18
1.238045214843750000e+04 8.014951325209290680e-16 6.209579511167187066e-18
1.238739843750000000e+04 8.159140685029206159e-16 6.289296974750453726e-18
1.239434472656250000e+04 7.938917412699008410e-16 6.171301728321295710e-18
1.240129101562500000e+04 8.062816098267447124e-16 6.206329104950159944e-18
1.240823730468750000e+04 8.066670098177454191e-16 6.317397954520105182e-18
1.241518359375000000e+04 8.076158455373478456e-16 6.264211895494170608e-18
1.242212890625000000e+04 8.129071015401678497e-16 6.278198278881523477e-18
1.242907519531250000e+04 8.252041141101689684e-16 6.388938737748285163e-18
1.243602148437500000e+04 8.405420808399314322e-16 6.349422251935095648e-18
1.244296777343750000e+04 8.333725292765750171e-16 6.379367844470740356e-18
1.244991406250000000e+04 8.455601687172619244e-16 6.389273745896369139e-18
1.245686035156250000e+04 8.388573323078426288e-16 6.361753860507036185e-18
1.246380664062500000e+04 8.357909671596636548e-16 6.330706876985777121e-18
1.247075292968750000e+04 8.527838774496834112e-16 6.439266887757849026e-18
1.247769921875000000e+04 8.488368097945967784e-16 6.413886918613190754e-18
1.248464550781250000e+04 8.609564219017073246e-16 6.450895392809119489e-18
1.249159179687500000e+04 8.698410034250168843e-16 6.488780264864048156e-18
1.249853808593750000e+04 8.930168836530786095e-16 6.557028042073654534e-18
1.250548437500000000e+04 8.844802738524129571e-16 6.546227958405855928e-18
1.251243066406250000e+04 9.070667250283040960e-16 6.598659628713142140e-18
1.251937695312500000e+04 8.694649737359951783e-16 7.276188379204301154e-18
1.252632324218750000e+04 8.856109040183198378e-16 6.510567375018082352e-18
1.253326953125000000e+04 9.108280807097052234e-16 6.602696270102400916e-18
1.254021582031250000e+04 9.281340226132946472e-16 6.716985333797015090e-18
1.254716210937500000e+04 9.253413549861972190e-16 6.663853041510896464e-18
1.255410839843750000e+04 9.683210772793012996e-16 6.843391352694612291e-18
1.256105468750000000e+04 9.695455692836757976e-16 6.824280585412493416e-18
1.256800097656250000e+04 9.687120888635775660e-16 6.912083325893159645e-18
1.257494726562500000e+04 9.687926628726851314e-16 6.859598302436363762e-18
1.258189355468750000e+04 1.023502309177603577e-15 7.202865435346375675e-18
1.258883984375000000e+04 1.037957138180735026e-15 7.301913696254700315e-18
1.259578613281250000e+04 9.806568416066393026e-16 6.957315216148784304e-18
1.260273242187500000e+04 1.039568830121123146e-15 7.323058914253393362e-18
1.260967871093750000e+04 1.011769844066947449e-15 7.160634556353093400e-18
1.261662500000000000e+04 1.016556744889236721e-15 7.256966356129793897e-18
1.262357128906250000e+04 1.010691571125092725e-15 7.225468145584387157e-18
1.263051757812500000e+04 1.048278764038620709e-15 7.378365864369913898e-18
1.263746386718750000e+04 1.042082188633863468e-15 7.400956994079349637e-18
1.264441015625000000e+04 1.036538993268794513e-15 7.305921386322519734e-18
1.265135644531250000e+04 1.032433953969044953e-15 7.221075816531730580e-18
1.265830273437500000e+04 1.112015028704191420e-15 7.752076138954021165e-18
1.266524902343750000e+04 1.128047138934228782e-15 7.795488231862029164e-18
1.267219531250000000e+04 1.097875084199201757e-15 7.821812427675916716e-18
1.267914160156250000e+04 1.055477591178216601e-15 7.594837376313816134e-18
1.268608789062500000e+04 1.034637298423090202e-15 7.347030608405180104e-18
1.269303417968750000e+04 1.070101615012562096e-15 7.508488819350018129e-18
1.269998046875000000e+04 1.129946716197564958e-15 7.730351067345928446e-18
1.270692675781250000e+04 1.128646097107055980e-15 7.583959124078131268e-18
1.271387304687500000e+04 1.117182670836271499e-15 7.553795155860772560e-18
1.272081933593750000e+04 1.136625994503138743e-15 7.592034061217873924e-18
1.272776562500000000e+04 1.118411821521855896e-15 7.439531734765147529e-18
1.273471191406250000e+04 1.136915891529336527e-15 7.478925384257372919e-18
1.274165820312500000e+04 1.154314477661531890e-15 7.584203142358834411e-18
1.274860449218750000e+04 1.183905679552979279e-15 7.847253194595597636e-18
1.275555078125000000e+04 1.221614633452675069e-15 8.005780704630160283e-18
1.276249707031250000e+04 1.175513171232465265e-15 7.735783162428564179e-18
1.276944335937500000e+04 1.178357296111108392e-15 7.702675258411129246e-18
1.277638964843750000e+04 1.219234259112653672e-15 7.922127929282672595e-18
1.278333593750000000e+04 1.228243830935242444e-15 7.949969174339982400e-18
1.279028222656250000e+04 1.233417190539716490e-15 8.069270125366055369e-18
1.279722851562500000e+04 1.240800988499169040e-15 8.117417827280929451e-18
1.280417480468750000e+04 1.247152676812392225e-15 8.042818543737834651e-18
1.281112109375000000e+04 1.241579411777695742e-15 7.964838573031235626e-18
1.281806738281250000e+04 1.170585133545339745e-15 7.599109764177652522e-18
1.282501367187500000e+04 1.189985258531897020e-15 7.762980033788695176e-18
1.283195996093750000e+04 1.178379848363329038e-15 7.550918221690313130e-18
1.283890625000000000e+04 1.144793192059683114e-15 7.444028288574985788e-18
1.284585253906250000e+04 1.178167454851805022e-15 7.625474491841555173e-18
1.285279882812500000e+04 1.163718343321067539e-15 7.502469426032469746e-18
1.285974511718750000e+04 1.157202648253432241e-15 7.545318208943329133e-18
1.286669140625000000e+04 1.173903702753563687e-15 7.597082344496285052e-18
1.287363769531250000e+04 1.161100058601986090e-15 7.590235770566183642e-18
1.288058398437500000e+04 1.166337475073096243e-15 7.574927966150277311e-18
1.288753027343750000e+04 1.160969615528108928e-15 7.598062553522160389e-18
1.289447656250000000e+04 1.183954807463920029e-15 7.621082989969511150e-18
1.290142187500000000e+04 1.131389848581449472e-15 7.586159424507522321e-18
1.290836816406250000e+04 1.169660702962530083e-15 7.729324536205750139e-18
1.291531445312500000e+04 1.141437459280898389e-15 7.503204789597029388e-18
1.292226074218750000e+04 1.136923832463217036e-15 7.586776501244486880e-18
1.292920703125000000e+04 1.138385599571941145e-15 7.485652844179266693e-18
1.293615332031250000e+04 1.123386022504606774e-15 7.415724649555258840e-18
1.294309960937500000e+04 1.101396411919174697e-15 7.298274101559466993e-18
1.295004589843750000e+04 1.117262186054194997e-15 7.406818395899900391e-18
1.295699218750000000e+04 1.116014718281126226e-15 7.426666594698110290e-18
1.296393847656250000e+04 1.105759160993126378e-15 7.383362862450346738e-18
1.297088476562500000e+04 1.096516337472687452e-15 7.352467666571491155e-18
1.297783105468750000e+04 1.112818545333780530e-15 7.411618524994545611e-18
1.298477734375000000e+04 1.091517572534466199e-15 7.324330290854887365e-18
1.299172363281250000e+04 1.079266935018327253e-15 7.293456601671958160e-18
1.299866992187500000e+04 1.094347297853006003e-15 7.332388684382378961e-18
1.300561621093750000e+04 1.086810928083929272e-15 7.286314724263175319e-18
1.301256250000000000e+04 1.079677745997745589e-15 7.304400201176034716e-18
1.301950878906250000e+04 1.063061394792339572e-15 7.262465452842046425e-18
1.302645507812500000e+04 1.043055641248495473e-15 7.223511036255086693e-18
1.303340136718750000e+04 1.046633084901224010e-15 7.214188710751614071e-18
1.304034765625000000e+04 1.042862517736521492e-15 7.188182979473559434e-18
1.304729394531250000e+04 1.031492053331698171e-15 7.203642157941562968e-18
1.305424023437500000e+04 1.032830894783952000e-15 7.152854922692032175e-18
1.306118652343750000e+04 1.031137358285035433e-15 7.150006939843012101e-18
1.306813281250000000e+04 9.891238888265116956e-16 7.228277250944617239e-18
1.307507910156250000e+04 1.010729793486837575e-15 7.140973300373320486e-18
1.308202539062500000e+04 1.041691918203416049e-15 7.233201457131145412e-18
1.308897167968750000e+04 1.021560486146023093e-15 7.179277552998813538e-18
1.309591796875000000e+04 9.994490086953048032e-16 7.082565250140338648e-18
1.310286425781250000e+04 9.909897965301945125e-16 7.071902064863917569e-18
1.310981054687500000e+04 9.902543601737409662e-16 7.064733717675533031e-18
1.311675683593750000e+04 9.790002569200467047e-16 7.130851918398121639e-18
1.312370312500000000e+04 9.596738237999005543e-16 7.027254991301367900e-18
1.313064941406250000e+04 9.706064780501118087e-16 7.073985732826938645e-18
1.313759570312500000e+04 9.724758797647020496e-16 7.260017825409502016e-18
1.314454199218750000e+04 9.625003727448881545e-16 7.205540537447372167e-18
1.315148828125000000e+04 9.699127580663105368e-16 6.948131029807608038e-18
1.315843457031250000e+04 9.412367752743714192e-16 6.852622274740397803e-18
1.316538085937500000e+04 9.258602685455088847e-16 6.806740634113612741e-18
1.317232714843750000e+04 9.506950628007681571e-16 6.881145530212757580e-18
1.317927343750000000e+04 9.747532337225136428e-16 6.925489028490500288e-18
1.318621972656250000e+04 9.880689092907064645e-16 8.086924641179774639e-18
1.319316601562500000e+04 9.356385227677309346e-16 7.009238997559962957e-18
1.320011230468750000e+04 9.243011985269689382e-16 6.874001584852443357e-18
1.320705859375000000e+04 9.119969861769161579e-16 6.795191951991453645e-18
1.321400488281250000e+04 9.292833404436003260e-16 6.867794421535845437e-18
1.322095117187500000e+04 9.453789781446817614e-16 6.913765811259092503e-18
1.322789746093750000e+04 9.066123977312205706e-16 6.774636513769510907e-18
1.323484375000000000e+04 8.883244270044081924e-16 6.687437615136008389e-18
1.324179003906250000e+04 8.744042346096718172e-16 6.744843122466575956e-18
1.324873632812500000e+04 8.897552774105575192e-16 6.708216805713646720e-18
1.325568261718750000e+04 8.711347403728294213e-16 6.682218932651411337e-18
1.326262890625000000e+04 8.824873112066419951e-16 6.674936020948188205e-18
1.326957519531250000e+04 8.522548524345638973e-16 6.710643753630877304e-18
1.327652148437500000e+04 8.654604666591728633e-16 6.797999816580764897e-18
1.328346777343750000e+04 8.683910947775543357e-16 6.883427721522791383e-18
1.329041406250000000e+04 8.639089140580397987e-16 6.852564372097519091e-18
1.329736035156250000e+04 8.365005160716667415e-16 6.792091679055604897e-18
1.330430664062500000e+04 8.437168662053589566e-16 6.770798395727264859e-18
1.331125292968750000e+04 8.318527933505231921e-16 6.752570230158740064e-18
1.331819921875000000e+04 8.134893837518459778e-16 6.764022132149230456e-18
1.332514550781250000e+04 8.110675577369683229e-16 6.666408616013379043e-18
1.333209179687500000e+04 8.203193809824718252e-16 6.681550570716468491e-18
1.333903808593750000e+04 8.115395139072665784e-16 6.613683296588636506e-18
1.334598437500000000e+04 8.276384868005778276e-16 6.667866108252697477e-18
1.335293066406250000e+04 8.054954044330151115e-16 6.662831059864087198e-18
1.335987695312500000e+04 8.155080220838305857e-16 6.594867005604586509e-18
1.336682324218750000e+04 7.929861042306083838e-16 6.542573474459596652e-18
1.337376855468750000e+04 7.744155950763274929e-16 6.487819494582567815e-18
1.338071484375000000e+04 7.710553624350104801e-16 6.433057242899413447e-18
1.338766113281250000e+04 7.739559738233236282e-16 6.494485329548826388e-18
1.339460742187500000e+04 7.484511765067862043e-16 6.444471508172032676e-18
1.340155371093750000e+04 7.511757638607480681e-16 6.393757891997019102e-18
1.340850000000000000e+04 7.424512715644695712e-16 6.339884859472359239e-18
1.341544628906250000e+04 8.543563411767018164e-16 6.653483918942237985e-18
1.342239257812500000e+04 7.988828829115968058e-16 6.621340921109346159e-18
1.342933886718750000e+04 7.463611756489954216e-16 6.646892116640802908e-18
1.343628515625000000e+04 7.556401568883702648e-16 6.835611719033551066e-18
1.344323144531250000e+04 7.255718636893818910e-16 6.771661972286770220e-18
1.345017773437500000e+04 7.532257424117810851e-16 6.925296295407775432e-18
1.345712402343750000e+04 7.517244294523320412e-16 7.199895856947310306e-18
1.346407031250000000e+04 7.100743900677396019e-16 7.406544599117145339e-18
1.347101660156250000e+04 7.072320651341093903e-16 7.511455916207245839e-18
1.347796289062500000e+04 7.041396537228023465e-16 7.714197884343992922e-18
1.348490917968750000e+04 7.205712458665885188e-16 7.783202945404391597e-18
1.349185546875000000e+04 7.208036505314914175e-16 7.988341255775704801e-18
1.349880175781250000e+04 6.935518477612419991e-16 8.177691169795218366e-18
1.350574804687500000e+04 7.178988039784419978e-16 8.656574977723605443e-18
1.351269433593750000e+04 7.441619604805680376e-16 9.208076144447410266e-18
1.351964062500000000e+04 7.028180705668488244e-16 1.040814481405566750e-17
1.352658691406250000e+04 7.426829350755436224e-16 1.080587889517015235e-17
1.353353320312500000e+04 7.085315195543158938e-16 1.099281096025917341e-17
1.354047949218750000e+04 6.566484221943850487e-16 1.188447030156070960e-17
1.354742578125000000e+04 7.168990933424451099e-16 1.222204022800176253e-17
1.355437207031250000e+04 6.247062803578333490e-16 1.215324940672001509e-17
1.356131835937500000e+04 4.811175727766395759e-16 1.384424232525298127e-17
1.356826464843750000e+04 7.300911550398980071e-16 1.261757069996440612e-17
1.357521093750000000e+04 7.699240440548339552e-16 1.417182900888113171e-17
1.358215722656250000e+04 8.056838163242199900e-16 1.518997419200937646e-17
1.358910351562500000e+04 8.230540268526823338e-16 1.702628702773627110e-17
1.359604980468750000e+04 7.196010755046271246e-16 1.711012343717974556e-17
1.360299609375000000e+04 7.343493484844229851e-16 1.911677757644968519e-17
1.360994238281250000e+04 5.761871214083637543e-16 1.953887791686814457e-17
1.361688867187500000e+04 7.991601273831449789e-16 1.950227682912389820e-17
1.362383496093750000e+04 6.880261753902693674e-16 1.725911355475157180e-17
1.363078125000000000e+04 6.841575641619221642e-16 1.541462982893387836e-17
1.363772753906250000e+04 6.989880522771608953e-16 1.661034256543643135e-17
1.364467382812500000e+04 6.999820454407638167e-16 1.569221179017197317e-17
1.365162011718750000e+04 7.584860817120263072e-16 1.540753096491694827e-17
1.365856640625000000e+04 7.099065716650648436e-16 1.535472210025033788e-17
1.366551269531250000e+04 6.870423995615927010e-16 1.532231978129541068e-17
1.367245898437500000e+04 7.109907738375503480e-16 1.659005182501050558e-17
1.367940527343750000e+04 6.785407298700012885e-16 1.663155313070351608e-17
1.368635156250000000e+04 7.014282483190821278e-16 1.629687089178088577e-17
1.369329785156250000e+04 6.681646821452545161e-16 1.550702590335605155e-17
1.370024414062500000e+04 5.825650677429518223e-16 1.559603880907288286e-17
1.370719042968750000e+04 6.715006155288971712e-16 1.510364631456089228e-17
1.371413671875000000e+04 6.621564127525837468e-16 1.321278753488102590e-17
1.372108300781250000e+04 6.470263396718130104e-16 1.391761159122520972e-17
1.372802929687500000e+04 6.660555701065913083e-16 1.153522389359285812e-17
1.373497558593750000e+04 7.020131245691612221e-16 1.099734804591902677e-17
1.374192187500000000e+04 7.258906657149047283e-16 1.083983631367667924e-17
1.374886816406250000e+04 6.914726995130879121e-16 1.022254202821101915e-17
1.375581445312500000e+04 6.747260640524823435e-16 9.996749017944256844e-18
1.376276074218750000e+04 7.219105108353159744e-16 1.098168372665911009e-17
1.376970703125000000e+04 7.277128982822447453e-16 1.026515341028607582e-17
1.377665332031250000e+04 7.425846792536621235e-16 1.053975752131897973e-17
1.378359960937500000e+04 8.105036984918929759e-16 1.163682648823274651e-17
1.379054589843750000e+04 7.634635120078885930e-16 1.273840855256860261e-17
1.379749218750000000e+04 7.537754138549899226e-16 1.408741191864764503e-17
1.380443847656250000e+04 7.095969281832841934e-16 1.719587559692189283e-17
1.381138476562500000e+04 7.972781260534643304e-16 1.681077669966415548e-17
1.381833105468750000e+04 6.463431017207340104e-16 1.768338772581982054e-17
1.382527734375000000e+04 6.783432123746134263e-16 1.833131002782648159e-17
1.383222363281250000e+04 7.804131177384799733e-16 1.839127731351412588e-17
1.383916992187500000e+04 6.667417726729856983e-16 1.445414078886180474e-17
1.384611523437500000e+04 6.370392388885335721e-16 1.312872116922726170e-17
1.385306152343750000e+04 7.879720397597773495e-16 1.305776230756001277e-17
1.386000781250000000e+04 7.393243965001211181e-16 1.201531373085434751e-17
1.386695410156250000e+04 6.544413719711955624e-16 1.045525854020485030e-17
1.387390039062500000e+04 6.356992327659772690e-16 9.899657866365232668e-18
1.388084667968750000e+04 6.446430007164762228e-16 1.027607384873300089e-17
1.388779296875000000e+04 6.642185144626743410e-16 9.287852751444474467e-18
1.389473925781250000e+04 7.002062444739901893e-16 9.368181087910111538e-18
1.390168554687500000e+04 7.207271528684425135e-16 9.746860236433824842e-18
1.390863183593750000e+04 6.897800100471185997e-16 9.931664792987359520e-18
1.391557812500000000e+04 6.935934053152166632e-16 1.018939524670479422e-17
1.392252441406250000e+04 7.168860172713218716e-16 1.111878477728671166e-17
1.392947070312500000e+04 6.938205689637584259e-16 1.161747128907961822e-17
1.393641699218750000e+04 7.217619624321912515e-16 1.350097229721082542e-17
1.394336328125000000e+04 6.281429047830808590e-16 1.334365412523181530e-17
1.395030957031250000e+04 5.909855281507252287e-16 1.238211952886547466e-17
1.395725585937500000e+04 8.492631320648617085e-16 1.499827508505021230e-17
1.396420214843750000e+04 8.759498050406148983e-16 1.238618015849249747e-17
1.397114843750000000e+04 6.595026585288360239e-16 9.093911985025291599e-18
1.397809472656250000e+04 6.838424149659843611e-16 9.614545252830455089e-18
1.398504101562500000e+04 6.608540466566210567e-16 9.678173639909259083e-18
1.399198730468750000e+04 6.525505826746871504e-16 1.180533972262204931e-17
1.399893359375000000e+04 5.202352483467376741e-16 1.343210702967394821e-17
1.400587988281250000e+04 5.650300563666893136e-16 1.182706148550769182e-17
1.401282617187500000e+04 6.011859753575943439e-16 1.021064386228005640e-17
1.401977246093750000e+04 6.603378859543879674e-16 9.492847959569815998e-18
1.402671875000000000e+04 6.308002588968544128e-16 9.589427913530282403e-18
1.403366503906250000e+04 5.281878289302714864e-16 8.883234873272323321e-18
1.404061132812500000e+04 5.810316204710663183e-16 9.874026020724051999e-18
1.404755761718750000e+04 5.964079683812512425e-16 9.997668842785415811e-18
1.405450390625000000e+04 5.644632854458577799e-16 9.019838788351780524e-18
1.406145019531250000e+04 5.874839998258943579e-16 1.006381516764883122e-17
1.406839648437500000e+04 5.918212320323100028e-16 9.147495090745251626e-18
1.407534277343750000e+04 5.569729730932880020e-16 8.921755020037692714e-18
1.408228906250000000e+04 5.556232260918382744e-16 8.857646041022995410e-18
1.408923535156250000e+04 5.632276231944913659e-16 8.996046592392917789e-18
1.409618164062500000e+04 5.310500061986029707e-16 8.312362790963751696e-18
1.410312792968750000e+04 5.279277898154644162e-16 7.625180842724098849e-18
1.411007421875000000e+04 5.286053632337086531e-16 7.497862030020549382e-18
1.411702050781250000e+04 5.420257003104465843e-16 7.711740330744097877e-18
1.412396679687500000e+04 5.524033891615286618e-16 7.319507000703090661e-18
1.413091308593750000e+04 5.032874955007184126e-16 8.560526073716398081e-18
1.413785937500000000e+04 4.871906931293345025e-16 7.437093206319341204e-18
1.414480566406250000e+04 4.946148839724592416e-16 7.970452647848633024e-18
1.415175195312500000e+04 5.316882984639182894e-16 7.032138665637880975e-18
1.415869824218750000e+04 5.517904020055125654e-16 7.254770191603465609e-18
1.416564453125000000e+04 5.323503076517567285e-16 6.662363289227688461e-18
1.417259082031250000e+04 5.544437327127866612e-16 7.308845469787894687e-18
1.417953710937500000e+04 5.238679079597153513e-16 7.523672546674041505e-18
1.418648339843750000e+04 5.223899413458750040e-16 7.728306276871697362e-18
1.419342968750000000e+04 4.760021290499340425e-16 7.035680653020833040e-18
1.420037597656250000e+04 4.612641792841828438e-16 6.661439328483466729e-18
1.420732226562500000e+04 4.769075543309896862e-16 6.728281725832345513e-18
1.421426855468750000e+04 5.074240338381939917e-16 6.389887513910883486e-18
1.422121484375000000e+04 4.779510989220069842e-16 6.676971298845374930e-18
1.422816113281250000e+04 4.853086388600946505e-16 6.229976130711519622e-18
1.423510742187500000e+04 4.906146649999324014e-16 6.283179560530317810e-18
1.424205371093750000e+04 4.628719007576307092e-16 5.999701455885945013e-18
1.424900000000000000e+04 4.812800972233939947e-16 5.904515301257630460e-18
1.425594628906250000e+04 4.739136104998009549e-16 5.996531286188335535e-18
1.426289257812500000e+04 4.480648119275598782e-16 5.895342695445029936e-18
1.426983886718750000e+04 4.742364888713824535e-16 5.902867143887118552e-18
1.427678515625000000e+04 4.725691574542715667e-16 5.982288063220784951e-18
1.428373144531250000e+04 4.513294357249555619e-16 5.833178831640751076e-18
1.429067773437500000e+04 4.673131062583218195e-16 6.056950212490433782e-18
1.429762402343750000e+04 4.811904705496626491e-16 6.001414546934542334e-18
1.430457031250000000e+04 4.658088286835573855e-16 6.173096710250535780e-18
1.431151660156250000e+04 4.745138921616082368e-16 6.456772924651615027e-18
1.431846191406250000e+04 4.369164289735947941e-16 6.959952267941603356e-18
1.432540820312500000e+04 4.431693585391240477e-16 6.189665551510279201e-18
1.433235449218750000e+04 4.375157841931160167e-16 5.899091891571426534e-18
1.433930078125000000e+04 4.422073408692799761e-16 5.746061823887891308e-18
1.434624707031250000e+04 4.301438446949250273e-16 5.826028682425842705e-18
1.435319335937500000e+04 4.363565401954597016e-16 5.881393948775548230e-18
1.436013964843750000e+04 4.556776793596855127e-16 6.050122663714421092e-18
1.436708593750000000e+04 4.142749206561321257e-16 6.521374489721087659e-18
1.437403222656250000e+04 4.343213582512240331e-16 5.939470713173202580e-18
1.438097851562500000e+04 4.245226958289290749e-16 5.757280047355335469e-18
1.438792480468750000e+04 4.529456275278759703e-16 5.764882250775004070e-18
1.439487109375000000e+04 4.225582146660095389e-16 5.434440139672320574e-18
1.440181738281250000e+04 4.270975965792433429e-16 5.533263821044337067e-18
1.440876367187500000e+04 4.279617025343407377e-16 5.503028301703992523e-18
1.441570996093750000e+04 4.181103652506384027e-16 5.372255182762421613e-18
1.442265625000000000e+04 4.204828515963384946e-16 5.316737715180006331e-18
1.442960253906250000e+04 4.234634546586079707e-16 5.356593345044342587e-18
1.443654882812500000e+04 3.999430967188097623e-16 5.105659834420256111e-18
1.444349511718750000e+04 4.194552682824210198e-16 5.282869218589328889e-18
1.445044140625000000e+04 3.969539439177289381e-16 5.587005331851600999e-18
1.445738769531250000e+04 3.922646371728311229e-16 5.195780748567602200e-18
1.446433398437500000e+04 3.838702759677449896e-16 4.973076017117806624e-18
1.447128027343750000e+04 3.967354094173373286e-16 4.952292690637105527e-18
1.447822656250000000e+04 4.174882460206597208e-16 4.922271824665718493e-18
1.448517285156250000e+04 4.096197863967001012e-16 4.957783929133538801e-18
1.449211914062500000e+04 4.016589207721509578e-16 5.121718305242054314e-18
1.449906542968750000e+04 3.982657597250094340e-16 5.536783474550750200e-18
1.450601171875000000e+04 3.895006098472627307e-16 5.724701952520240751e-18
1.451295800781250000e+04 3.819638165617123731e-16 5.031781438781001274e-18
1.451990429687500000e+04 3.958142875569778786e-16 4.792340775587726565e-18
1.452685058593750000e+04 3.867293298020834736e-16 4.462823038819571078e-18
1.453379687500000000e+04 4.063614888766292231e-16 4.565368205767463642e-18
1.454074316406250000e+04 3.829163315806794355e-16 4.398676836677308888e-18
1.454768945312500000e+04 3.972220033757553224e-16 4.592908357081804146e-18
1.455463574218750000e+04 3.953557250951580818e-16 4.528552051063953487e-18
1.456158203125000000e+04 3.741225678711832979e-16 4.352720336205087776e-18
1.456852832031250000e+04 3.840103540413971695e-16 4.363923256831199707e-18
1.457547460937500000e+04 3.808542298705888413e-16 4.299041277534071598e-18
1.458242089843750000e+04 3.961152224812695705e-16 4.415971115334261314e-18
1.458936718750000000e+04 3.783177367704766356e-16 4.341299867077874400e-18
1.459631347656250000e+04 3.730206574161442582e-16 4.385594561699476479e-18
1.460325976562500000e+04 3.561118151461394911e-16 5.009571225743646205e-18
1.461020605468750000e+04 3.531278504218605995e-16 4.516310605178781230e-18
1.461715234375000000e+04 3.728626593017017295e-16 4.565354970877662794e-18
1.462409863281250000e+04 3.876337757012938545e-16 4.449265134989520678e-18
1.463104492187500000e+04 3.745796744951250014e-16 4.411243778133520761e-18
1.463799121093750000e+04 3.642689012468760135e-16 4.390251588548150025e-18
1.464493750000000000e+04 3.699651448776019799e-16 4.489965316259273575e-18
1.465188378906250000e+04 3.653273218540294652e-16 4.557036429047523271e-18
1.465883007812500000e+04 3.620138348434890491e-16 4.649001128780250059e-18
1.466577636718750000e+04 3.656751082882161606e-16 4.540718637103689694e-18
1.467272265625000000e+04 3.524367774160194972e-16 4.444126275434034994e-18
1.467966894531250000e+04 3.610505466242240960e-16 4.482732448983109901e-18
1.468661523437500000e+04 3.702310867532602285e-16 4.598989375354987729e-18
1.469356152343750000e+04 3.530978072220126735e-16 4.683071457440390439e-18
1.470050781250000000e+04 3.612389849852085761e-16 4.917539524381302622e-18
1.470745410156250000e+04 3.661047922204905061e-16 4.784894909303830487e-18
1.471440039062500000e+04 3.257290609654829583e-16 4.509715494154895940e-18
1.472134667968750000e+04 3.358979297252872491e-16 4.529062835092204981e-18
1.472829296875000000e+04 3.528313624205419927e-16 4.329965011144060262e-18
1.473523925781250000e+04 3.307304728816643814e-16 4.169568072925127771e-18
1.474218554687500000e+04 3.365301339412941775e-16 4.066036906687071998e-18
1.474913183593750000e+04 3.486852684926302010e-16 4.158879658640023824e-18
1.475607812500000000e+04 3.416937526668747992e-16 4.255877338809829508e-18
1.476302441406250000e+04 3.356359847863488568e-16 4.298109458574030613e-18
1.476997070312500000e+04 3.505869368685549103e-16 4.290601140153886781e-18
1.477691699218750000e+04 3.312049172112451964e-16 4.214874823026188480e-18
1.478386328125000000e+04 3.324568583770666540e-16 4.243529186625637911e-18
1.479080859375000000e+04 3.452787931463490237e-16 4.300772980146451362e-18
1.479775488281250000e+04 3.425242949414372424e-16 4.276132924059721774e-18
1.480470117187500000e+04 3.295470355054521154e-16 4.218538405959185839e-18
1.481164746093750000e+04 3.156989732601303642e-16 4.057531422038495491e-18
1.481859375000000000e+04 3.236692356564381100e-16 4.071140611066524179e-18
1.482554003906250000e+04 3.258870061403662836e-16 3.946735128480386475e-18
1.483248632812500000e+04 3.379042331399774663e-16 3.947697553123091923e-18
1.483943261718750000e+04 3.289696502030003012e-16 3.930031456780796911e-18
1.484637890625000000e+04 3.458320115400244886e-16 4.263378626194766640e-18
1.485332519531250000e+04 3.431242854356689057e-16 4.067015047761415953e-18
1.486027148437500000e+04 3.221635287135751844e-16 4.469252713720945762e-18
1.486721777343750000e+04 3.141582997384135970e-16 3.983689835936499263e-18
1.487416406250000000e+04 3.260869853252571036e-16 4.139449599641459481e-18
1.488111035156250000e+04 3.032652178087068794e-16 4.589999162867455147e-18
1.488805664062500000e+04 3.326760546219483059e-16 3.814516097828072873e-18
1.489500292968750000e+04 3.233423074085775518e-16 3.793563612912104682e-18
1.490194921875000000e+04 3.073006680578835781e-16 3.681152249207985880e-18
1.490889550781250000e+04 3.292040665711529288e-16 3.788081059812103214e-18
1.491584179687500000e+04 3.311456249049373954e-16 3.813057364817835608e-18
1.492278808593750000e+04 3.238652973139478789e-16 3.745292247495653922e-18
1.492973437500000000e+04 3.216420740554217558e-16 3.807754309910758148e-18
1.493668066406250000e+04 3.347029779949482449e-16 3.746196769495480658e-18
1.494362695312500000e+04 3.319495650510001332e-16 3.763689571499445811e-18
1.495057324218750000e+04 3.309329137560581592e-16 3.751654920767411811e-18
1.495751953125000000e+04 3.305000269804520083e-16 3.749575802297759776e-18
1.496446582031250000e+04 3.295640291039564048e-16 3.762003777411062740e-18
1.497141210937500000e+04 3.477656818794876495e-16 3.779855162210569631e-18
1.497835839843750000e+04 3.541841799164255171e-16 3.792118528381974542e-18
1.498530468750000000e+04 3.517543600281081498e-16 3.885961755285809256e-18
1.499225097656250000e+04 3.606350240240366583e-16 3.801006584063856825e-18
1.499919726562500000e+04 3.703772264064411970e-16 3.829641922509217537e-18
1.500614355468750000e+04 3.772568015342610227e-16 3.865759523185426661e-18
1.501308984375000000e+04 3.828756475294316274e-16 3.987749224792603247e-18
1.502003613281250000e+04 3.809782143182431895e-16 3.954873758527295715e-18
1.502698242187500000e+04 3.886585267487939477e-16 4.023648449787098371e-18
1.503392871093750000e+04 3.911307247542536317e-16 4.054951032117636321e-18
1.504087500000000000e+04 4.022778371587978343e-16 4.201086962985848338e-18
1.504782128906250000e+04 4.299171575024160951e-16 4.975440512898789453e-18
1.505476757812500000e+04 3.847901008089039563e-16 4.204588832109091580e-18
1.506171386718750000e+04 3.880820414188485912e-16 4.052512917262136272e-18
1.506866015625000000e+04 3.893746401661382552e-16 4.044066576027357306e-18
1.507560644531250000e+04 4.022043305808439221e-16 3.937461606633054482e-18
1.508255273437500000e+04 4.094283834204002310e-16 4.030119897309406983e-18
1.508949902343750000e+04 4.110744066649317519e-16 4.043413930524052967e-18
1.509644531250000000e+04 4.273834966687212709e-16 4.105184056356756586e-18
1.510339160156250000e+04 4.387138593574480211e-16 4.141404641019228561e-18
1.511033789062500000e+04 4.362731074501551530e-16 4.127072082545522251e-18
1.511728417968750000e+04 4.354297008627062851e-16 4.095463029798033404e-18
1.512423046875000000e+04 4.366031856017883132e-16 4.128930343791622628e-18
1.513117675781250000e+04 4.531259396665227295e-16 4.223310410913004256e-18
1.513812304687500000e+04 4.623864979392947917e-16 4.219624494103467964e-18
1.514506933593750000e+04 4.621632518181340802e-16 4.216273171851709373e-18
1.515201562500000000e+04 4.695060745587632031e-16 4.253499608139045830e-18
1.515896191406250000e+04 4.728724481889478096e-16 4.251277387423422121e-18
1.516590820312500000e+04 4.957457258966029359e-16 4.396371070719817323e-18
1.517285449218750000e+04 5.044504717372985669e-16 4.398992406080997868e-18
1.517980078125000000e+04 4.958075063621932965e-16 4.360565730724846967e-18
1.518674707031250000e+04 5.083641874700870616e-16 4.405436143052785954e-18
1.519369335937500000e+04 5.153439507136993100e-16 4.477873176474667140e-18
1.520063964843750000e+04 5.350642541543187101e-16 4.532076254063735661e-18
1.520758593750000000e+04 5.402008737047056010e-16 4.569851524687501052e-18
1.521453222656250000e+04 5.542451564262147311e-16 4.602275350338354631e-18
1.522147851562500000e+04 5.729877191479066517e-16 4.722745521160271305e-18
1.522842480468750000e+04 5.691202725898619232e-16 4.621260386167365446e-18
1.523537109375000000e+04 5.732883099650635216e-16 4.752969046381733830e-18
1.524231738281250000e+04 5.768153551574304282e-16 4.716839037996336411e-18
1.524926367187500000e+04 5.982391477340966331e-16 5.026511057508119658e-18
1.525620996093750000e+04 6.281885916226733878e-16 4.907263459631556359e-18
1.526315625000000000e+04 6.250492757619121372e-16 4.886652186718266292e-18
1.527010156250000000e+04 6.300484112770478144e-16 4.879834150519297961e-18
1.527704785156250000e+04 6.377279296142105217e-16 4.934679533854013908e-18
1.528399414062500000e+04 6.428566611702761068e-16 4.977362467052056413e-18
1.529094042968750000e+04 6.430133093259589490e-16 4.948569964290310626e-18
1.529788671875000000e+04 6.754800292546570776e-16 5.074473884556088138e-18
1.530483300781250000e+04 6.667911652817224647e-16 5.036528214726136823e-18
1.531177929687500000e+04 6.571079375682705066e-16 5.202357661618011323e-18
1.531872558593750000e+04 6.949686691842024266e-16 5.327201136338495854e-18
1.532567187500000000e+04 7.210469607455902152e-16 5.306584900341530469e-18
1.533261816406250000e+04 7.008386604482339313e-16 5.225542293416953859e-18
1.533956445312500000e+04 7.164599596988529585e-16 5.255592110709780249e-18
1.534651074218750000e+04 7.332664698009175655e-16 5.313685832309991935e-18
1.535345703125000000e+04 7.360015391876017013e-16 5.295393560243994281e-18
1.536040332031250000e+04 7.473366399668771552e-16 5.369338130332253361e-18
1.536734960937500000e+04 7.692904634102877386e-16 5.485166163556522443e-18
1.537429589843750000e+04 7.624078442578137178e-16 5.448444307442843333e-18
1.538124218750000000e+04 7.726891831111456187e-16 5.442342196064039648e-18
1.538818847656250000e+04 7.861514483187726377e-16 5.478430845418809416e-18
1.539513476562500000e+04 7.831804273167189759e-16 5.479257612441056167e-18
1.540208105468750000e+04 8.026049045005098116e-16 5.536798777392082431e-18
1.540902734375000000e+04 8.284542324683429222e-16 5.574808553719506606e-18
1.541597363281250000e+04 8.326812974520563047e-16 5.608952087863857929e-18
1.542291992187500000e+04 8.340495732992272201e-16 5.723193588673250305e-18
1.542986621093750000e+04 8.497828397175614251e-16 5.702167484682764894e-18
1.543681250000000000e+04 8.796661620966931411e-16 5.768813426636162334e-18
1.544375878906250000e+04 9.022879768981321470e-16 5.893522484507106998e-18
1.545070507812500000e+04 8.882135715674362858e-16 5.835234375462945350e-18
1.545765136718750000e+04 8.931977251873174026e-16 5.841255836732025115e-18
1.546459765625000000e+04 9.019859037733175822e-16 5.859207310385650922e-18
1.547154394531250000e+04 9.026590832081479374e-16 5.852493085353557996e-18
1.547849023437500000e+04 9.064453204823746599e-16 5.941888562103695079e-18
1.548543652343750000e+04 9.106179106596677501e-16 5.903538400954205334e-18
1.549238281250000000e+04 9.108142105451939342e-16 5.906417403076196147e-18
1.549932910156250000e+04 9.322384266383337663e-16 5.928028323759756548e-18
1.550627539062500000e+04 9.362511393468326074e-16 5.951524389059325299e-18
1.551322167968750000e+04 9.400538937635307887e-16 5.972719651485077803e-18
1.552016796875000000e+04 9.409607484126849240e-16 6.012952062118431964e-18
1.552711425781250000e+04 9.353038388744470792e-16 5.969337309960348473e-18
1.553406054687500000e+04 9.343182101611982940e-16 5.955052314371863962e-18
1.554100683593750000e+04 9.459170558244250557e-16 6.052770055264897057e-18
1.554795312500000000e+04 9.580422265852519582e-16 6.093265922923349356e-18
1.555489941406250000e+04 9.451724079846701189e-16 6.128044731778141405e-18
1.556184570312500000e+04 9.413291018656221379e-16 6.048365318503052184e-18
1.556879199218750000e+04 9.563106794828273548e-16 6.085899465978258368e-18
1.557573828125000000e+04 9.418419803151846167e-16 6.040483114446034384e-18
1.558268457031250000e+04 9.475676054012684667e-16 6.086921861215373910e-18
1.558963085937500000e+04 9.427526466126013964e-16 6.175340851252392145e-18
1.559657714843750000e+04 9.577125190105332218e-16 6.139563221807942315e-18
1.560352343750000000e+04 9.558062713627374189e-16 6.140667094335394330e-18
1.561046972656250000e+04 9.786734080815249516e-16 6.189109686138643567e-18
1.561741601562500000e+04 9.815928130133553045e-16 6.225582974478250492e-18
1.562436230468750000e+04 9.478663962734124211e-16 6.150270661247134982e-18
1.563130859375000000e+04 9.452416529281081579e-16 6.096067997248372737e-18
1.563825488281250000e+04 9.527188362699954942e-16 6.081907905932383733e-18
1.564520117187500000e+04 9.134418126266951807e-16 5.954415385300198131e-18
1.565214746093750000e+04 9.072449195845827194e-16 5.939172514562377213e-18
1.565909375000000000e+04 9.251713131220359182e-16 5.978315528328999036e-18
1.566604003906250000e+04 9.138370593757077186e-16 6.008807060068928742e-18
1.567298632812500000e+04 9.118541552461854015e-16 6.033031044307544157e-18
1.567993261718750000e+04 9.224267146146951715e-16 6.096481173964342975e-18
1.568687890625000000e+04 8.979833554601857927e-16 6.031956950282144051e-18
1.569382519531250000e+04 8.958865253992577722e-16 6.071911428229680394e-18
1.570077148437500000e+04 8.887296263905509683e-16 6.122652341364908217e-18
1.570771777343750000e+04 8.820415071785902162e-16 6.114364818807739433e-18
1.571466406250000000e+04 8.729711607420359478e-16 6.097239284995747825e-18
1.572161035156250000e+04 8.556442547730019801e-16 6.084535031557852149e-18
1.572855664062500000e+04 8.380060112562928536e-16 5.993265163539669905e-18
1.573550292968750000e+04 8.484443159026628170e-16 6.010374153739410453e-18
1.574244824218750000e+04 8.491498414081664458e-16 5.968527913730965336e-18
1.574939453125000000e+04 8.343642989786913960e-16 5.894750434126441968e-18
1.575634082031250000e+04 8.297525222182469511e-16 5.918887564400739315e-18
1.576328710937500000e+04 8.198046496483372275e-16 5.854715306069181705e-18
1.577023339843750000e+04 8.161535670687567693e-16 5.806733453867124505e-18
1.577717968750000000e+04 7.939496571476693538e-16 5.761012286279174730e-18
1.578412597656250000e+04 7.751235028619952745e-16 5.625978360002343174e-18
1.579107226562500000e+04 7.583718381432653834e-16 5.536109735941825759e-18
1.579801855468750000e+04 7.638659055973935890e-16 5.553398637924796590e-18
1.580496484375000000e+04 7.749477435254400071e-16 5.632695480166580035e-18
1.581191113281250000e+04 7.520302612858500470e-16 5.479975605212752195e-18
1.581885742187500000e+04 7.528450011019902771e-16 5.508168815620703314e-18
1.582580371093750000e+04 7.437358499685399211e-16 5.430646689383152389e-18
1.583275000000000000e+04 7.284433583201331726e-16 5.384742301289522119e-18
1.583969628906250000e+04 7.429994607000207137e-16 5.789589308491350454e-18
1.584664257812500000e+04 7.211076294804373045e-16 5.456080011677320331e-18
1.585358886718750000e+04 7.084702155447583638e-16 5.557891883012184637e-18
1.586053515625000000e+04 7.088044759215685921e-16 5.321821153634450962e-18
1.586748144531250000e+04 6.891620995120965876e-16 5.177417338968924986e-18
1.587442773437500000e+04 6.753174518683434553e-16 5.137167971133013489e-18
1.588137402343750000e+04 6.684597672482542330e-16 5.109844541139161878e-18
1.588832031250000000e+04 6.611850777203198779e-16 5.088378377062798257e-18
1.589526660156250000e+04 6.379223766151645870e-16 4.936810351111950508e-18
1.590221289062500000e+04 6.355086503528450514e-16 4.899450325155686736e-18
1.590915917968750000e+04 6.111370243010562711e-16 4.844032119246777818e-18
1.591610546875000000e+04 5.981940432296553416e-16 4.759617096964822514e-18
1.592305175781250000e+04 6.047559545324752029e-16 4.779449165741087629e-18
1.592999804687500000e+04 5.860584433756653704e-16 4.811878781656229079e-18
1.593694433593750000e+04 5.847853528559421570e-16 4.785052900800828115e-18
1.594389062500000000e+04 5.942547047502124043e-16 4.813222536561321472e-18
1.595083691406250000e+04 5.906010810717901831e-16 4.820196496305756049e-18
1.595778320312500000e+04 5.811505756605963441e-16 4.821356617114861670e-18
1.596472949218750000e+04 5.792334754031638454e-16 5.081868465642005929e-18
1.597167578125000000e+04 5.533319490299561886e-16 4.674273150854970160e-18
1.597862207031250000e+04 5.596589675085905918e-16 4.752421039225917450e-18
1.598556835937500000e+04 5.559566394357012484e-16 4.791870523409490169e-18
1.599251464843750000e+04 5.219070796263808494e-16 4.637332505469270774e-18
1.599946093750000000e+04 5.309252276575605715e-16 4.710736513027226449e-18
1.600640722656250000e+04 5.183449884458212961e-16 4.905916396004013754e-18
1.601335351562500000e+04 5.235910870046408053e-16 4.702994516084036387e-18
1.602029980468750000e+04 5.181860638890927080e-16 4.840057102813154243e-18
1.602724609375000000e+04 5.327361840987902657e-16 4.855461687360729278e-18
1.603419238281250000e+04 5.066993442122587343e-16 4.817101186453582619e-18
1.604113867187500000e+04 5.092383784112127030e-16 4.783735202085031142e-18
1.604808496093750000e+04 5.161593787441091843e-16 4.581772851675615287e-18
1.605503125000000000e+04 4.980761252927363297e-16 4.581536691610731398e-18
1.606197753906250000e+04 4.988166967864326052e-16 4.513877039816650223e-18
1.606892382812500000e+04 4.875493586429374953e-16 4.504284226252872761e-18
1.607587011718750000e+04 4.797631141544207462e-16 4.565397984269515551e-18
1.608281640625000000e+04 4.838456541415088637e-16 4.543112911386724433e-18
1.608976269531250000e+04 4.951357033559022295e-16 4.590804009603469243e-18
1.609670898437500000e+04 4.715054428911977756e-16 4.383716448118674829e-18
1.610365527343750000e+04 4.643629434425942948e-16 4.353524355760489319e-18
1.611060156250000000e+04 4.641270447667839721e-16 4.336573770648052676e-18
1.611754785156250000e+04 4.583587503959821868e-16 4.294067026920483967e-18
1.612449414062500000e+04 4.696872337303572165e-16 4.385628889694897429e-18
1.613144042968750000e+04 4.747880131991634098e-16 4.525180876477493622e-18
1.613838671875000000e+04 4.505395245620817234e-16 4.337851351104140827e-18
1.614533300781250000e+04 4.500895383088528764e-16 4.233663817050024227e-18
1.615227929687500000e+04 4.525850032505824520e-16 4.222091973870713646e-18
1.615922558593750000e+04 4.507411184035282469e-16 4.187005867418358148e-18
1.616617187500000000e+04 4.558353333669932193e-16 4.264610711717164375e-18
1.617311816406250000e+04 4.536175364132854441e-16 4.275780131528467907e-18
1.618006445312500000e+04 4.689742437470059092e-16 4.317575086338934737e-18
1.618701074218750000e+04 4.535176394650686400e-16 4.226058304907905414e-18
1.619395703125000000e+04 4.370903089557983410e-16 4.184873395799196442e-18
1.620090332031250000e+04 4.467916684682774614e-16 4.190764989712105382e-18
1.620784960937500000e+04 4.374261310496050693e-16 4.162542414392408631e-18
1.621479492187500000e+04 4.354837786224325519e-16 4.097874674873931757e-18
1.622174121093750000e+04 4.363448934924349550e-16 4.109784421333470249e-18
1.622868750000000000e+04 4.203294592235466611e-16 4.260150967444584726e-18
1.623563378906250000e+04 4.389502609590707760e-16 4.292165338692224556e-18
1.624258007812500000e+04 4.255798194168820435e-16 4.404206539072225878e-18
1.624952636718750000e+04 4.211058972686032359e-16 4.224152894366889514e-18
1.625647265625000000e+04 4.277188423064951688e-16 4.247355724139308217e-18
1.626341894531250000e+04 4.280170508434878859e-16 4.188467495560739347e-18
1.627036523437500000e+04 4.347357955904478013e-16 4.219655926966744979e-18
1.627731152343750000e+04 4.269302281628218135e-16 4.144601280496439737e-18
1.628425781250000000e+04 4.115787618454624843e-16 4.081689231828106664e-18
1.629120410156250000e+04 4.184551605997301063e-16 4.111132312141625408e-18
1.629815039062500000e+04 4.259028301373615506e-16 4.154459619036846721e-18
1.630509667968750000e+04 4.198717173248945169e-16 4.142900597157030712e-18
1.631204296875000000e+04 4.255572671646613977e-16 4.164744782773331067e-18
1.631898925781250000e+04 4.307381706563219274e-16 4.270211965235067201e-18
1.632593554687500000e+04 4.142513360825070138e-16 4.098538487315505561e-18
1.633288183593750000e+04 4.251983104834827863e-16 4.240793286749618772e-18
1.633982812500000000e+04 4.124984808075030443e-16 4.159068669409992191e-18
1.634677441406250000e+04 4.181171150444368354e-16 4.135628025211464493e-18
1.635372070312500000e+04 4.150155715591672062e-16 4.096144213032470823e-18
1.636066699218750000e+04 3.997855485906204624e-16 4.075935363487187804e-18
1.636761328125000000e+04 4.304943045768514940e-16 4.181723492026594513e-18
1.637455957031250000e+04 4.099716227071658562e-16 4.184530529435293212e-18
1.638150585937500000e+04 3.984132228671704874e-16 4.242659819801844679e-18
1.638845312500000000e+04 3.948309352447748393e-16 4.018261849638153055e-18
1.639539843750000000e+04 3.960785618365212203e-16 4.049803487165718830e-18
1.640234570312500000e+04 3.924147472929523459e-16 4.130079711252765060e-18
1.640929101562500000e+04 3.966343213290384482e-16 3.998853710925821367e-18
1.641623828125000000e+04 3.996975101036652185e-16 4.005687877146734481e-18
1.642318359375000000e+04 3.925732218634277052e-16 3.984471935205668151e-18
1.643013085937500000e+04 3.893639993147383731e-16 3.963934281366895303e-18
1.643707617187500000e+04 3.947667195594611227e-16 4.161371540235339820e-18
1.644402343750000000e+04 3.767332028239598566e-16 3.881279499428452842e-18
1.645096875000000000e+04 3.794239882693703535e-16 3.909106682415349246e-18
1.645791406250000000e+04 3.821051387150058327e-16 3.936856524014971942e-18
