9.354409179687500000e+03 3.025125866834240708e-15 2.445346895595600193e-17
9.361353515625000000e+03 3.083151435369422926e-15 2.603396129799984680e-17
9.368298828125000000e+03 2.923221874048917597e-15 2.384686267118513951e-17
9.375243164062500000e+03 2.882856307189277101e-15 2.208430291323469792e-17
9.382188476562500000e+03 2.945927439233016372e-15 2.155697030964846746e-17
9.389132812500000000e+03 3.030474456379677987e-15 2.184671678897476710e-17
9.396078125000000000e+03 3.052406892241170400e-15 2.225396923739789964e-17
9.403023437500000000e+03 3.045498491523364326e-15 2.231211838009915238e-17
9.409967773437500000e+03 3.039875886819490280e-15 2.268485589028289729e-17
9.416913085937500000e+03 2.976139410395682756e-15 2.381470023460785268e-17
9.423857421875000000e+03 2.936586148132459134e-15 2.328950837444690946e-17
9.430802734375000000e+03 2.941649287574671714e-15 2.293351630858368804e-17
9.437747070312500000e+03 2.961806977653429554e-15 2.296910161853571929e-17
9.444692382812500000e+03 2.979206940214164205e-15 2.282405218940209568e-17
9.451637695312500000e+03 2.894332121316915175e-15 2.217500492176236251e-17
9.458582031250000000e+03 2.992508110343135297e-15 2.297681259620593862e-17
9.465527343750000000e+03 2.839166347769900289e-15 2.197643359827410780e-17
9.472471679687500000e+03 2.914469906121412539e-15 2.228032817479751442e-17
9.479416992187500000e+03 2.904839353269367958e-15 2.190268879230378027e-17
9.486361328125000000e+03 2.941162031871763678e-15 2.271047532821488966e-17
9.493306640625000000e+03 2.886987498631273137e-15 2.194218997527563756e-17
9.500250976562500000e+03 2.976115058198449195e-15 2.183866997597585125e-17
9.507196289062500000e+03 3.046001417335796567e-15 2.227339474690309494e-17
9.514141601562500000e+03 2.983477468575983574e-15 2.187478633588114154e-17
9.521085937500000000e+03 2.972752549156086437e-15 2.157450984735704186e-17
9.528031250000000000e+03 3.156425714537550685e-15 2.325387674238057524e-17
9.534975585937500000e+03 3.215554331728294815e-15 2.304351809516343988e-17
9.541920898437500000e+03 3.202413462584591600e-15 2.344388840089013123e-17
9.548865234375000000e+03 3.137682145964233900e-15 2.242097700307235593e-17
9.555810546875000000e+03 3.121518851506490527e-15 2.193300165303139853e-17
9.562754882812500000e+03 3.220322915463099712e-15 2.181256746456612791e-17
9.569700195312500000e+03 3.187320606013940849e-15 2.167091113030519681e-17
9.576645507812500000e+03 3.252827804813983488e-15 2.197410094894670826e-17
9.583589843750000000e+03 3.294186729562516465e-15 2.194675270353448006e-17
9.590535156250000000e+03 3.260543851446996537e-15 2.166353929668612423e-17
9.597479492187500000e+03 3.346639033063002200e-15 2.186471458474269588e-17
9.604424804687500000e+03 3.264265078942521492e-15 2.130712867743295098e-17
9.611369140625000000e+03 3.314951318747982011e-15 2.138342119968994183e-17
9.618314453125000000e+03 3.318833694261722096e-15 2.139969184233885989e-17
9.625258789062500000e+03 3.296990196859691385e-15 2.113155132061244533e-17
9.632204101562500000e+03 3.259863260473877707e-15 2.154977549268048123e-17
9.639149414062500000e+03 3.242488708901560684e-15 2.157738512716627619e-17
9.646093750000000000e+03 3.217408063333360851e-15 2.182481304635436293e-17
9.653039062500000000e+03 3.089384750828267322e-15 1.987348901825809533e-17
9.659983398437500000e+03 3.104000516091377088e-15 1.984041502864577507e-17
9.666928710937500000e+03 3.034374196068836786e-15 1.928961531108141521e-17
9.673873046875000000e+03 3.034010395417991064e-15 1.913447427847464466e-17
9.680818359375000000e+03 3.010445091792429174e-15 1.880104273663819452e-17
9.687762695312500000e+03 2.958317201910741837e-15 1.866318812447255714e-17
9.694708007812500000e+03 2.871000810543032286e-15 1.831264552448483507e-17
9.701653320312500000e+03 2.748739439661636134e-15 1.833485201520943365e-17
9.708597656250000000e+03 2.646923114786353844e-15 1.750272651695456398e-17
9.715542968750000000e+03 2.673918266573585209e-15 1.763429621082602346e-17
9.722487304687500000e+03 2.595078557425523069e-15 1.751225232888872465e-17
9.729432617187500000e+03 2.463427614565576185e-15 1.740285934723981184e-17
9.736376953125000000e+03 2.444407913251454498e-15 1.685214565645915750e-17
9.743322265625000000e+03 2.345456677320259878e-15 1.640111881001971874e-17
9.750266601562500000e+03 2.208722054469129496e-15 1.609587096601417536e-17
9.757211914062500000e+03 2.224947817606732874e-15 1.602815134362568409e-17
9.764157226562500000e+03 2.112660047921019295e-15 1.561744128024207989e-17
9.771101562500000000e+03 2.094753983174300199e-15 1.511175599328636217e-17
9.778046875000000000e+03 2.073341202025948300e-15 1.514158412617502435e-17
9.784991210937500000e+03 1.979089093127883725e-15 1.480556847210495855e-17
9.791936523437500000e+03 1.977769415796061525e-15 1.446174754177484238e-17
9.798880859375000000e+03 1.981316154504452094e-15 1.434423495523310906e-17
9.805826171875000000e+03 1.946253649169333959e-15 1.425543049903064112e-17
9.812771484375000000e+03 1.933452651995716531e-15 1.412854430178745688e-17
9.819715820312500000e+03 1.994482222878336125e-15 1.427826068393710468e-17
9.826661132812500000e+03 1.945305395784882770e-15 1.439006241552977190e-17
9.833605468750000000e+03 1.957509446488922729e-15 1.412314446674871072e-17
9.840550781250000000e+03 2.003218732454553792e-15 1.434204954405474396e-17
9.847495117187500000e+03 2.107621895950750716e-15 1.466962299279309356e-17
9.854440429687500000e+03 2.150593147914382254e-15 1.480998230785354151e-17
9.861384765625000000e+03 2.190482682257665834e-15 1.485757497157739251e-17
9.868330078125000000e+03 2.275148072258706237e-15 1.537351729812876778e-17
9.875275390625000000e+03 2.292657090311399880e-15 1.508279640004088067e-17
9.882219726562500000e+03 2.388416706097340296e-15 1.558135469883884151e-17
9.889165039062500000e+03 2.421715900594511792e-15 1.563408911725032213e-17
9.896109375000000000e+03 2.502900832215284276e-15 1.570096666977523442e-17
9.903054687500000000e+03 2.544865597279340891e-15 1.659306441680142370e-17
9.909999023437500000e+03 2.641179596129259247e-15 1.653323775181791342e-17
9.916944335937500000e+03 2.708971031029809920e-15 1.654155257133529646e-17
9.923888671875000000e+03 2.868775231474121612e-15 1.702974629705796786e-17
9.930833984375000000e+03 2.998487104159566589e-15 1.729559552848761053e-17
9.937779296875000000e+03 3.069674082387422939e-15 1.786275191548459396e-17
9.944723632812500000e+03 3.144181218010279333e-15 1.774674976074138246e-17
9.951668945312500000e+03 3.241340343983320667e-15 1.798669665846953962e-17
9.958613281250000000e+03 3.287447947192398065e-15 1.845125948845279613e-17
9.965558593750000000e+03 3.411383266935805528e-15 1.851669443798941594e-17
9.972502929687500000e+03 3.464018106036424564e-15 1.857972394630473154e-17
9.979448242187500000e+03 3.547416546506609349e-15 1.876507196052071356e-17
9.986392578125000000e+03 3.736377950336019008e-15 1.945257981792171230e-17
9.993337890625000000e+03 3.786634109162511155e-15 1.942010801579533065e-17
1.000028320312500000e+04 3.830265623308527420e-15 1.985652850697830805e-17
1.000722753906250000e+04 3.947598744744561239e-15 1.983124821309746242e-17
1.001417285156250000e+04 4.008405122445579324e-15 2.006932237391879952e-17
1.002111718750000000e+04 4.140121286842464790e-15 2.040060986360751221e-17
1.002806250000000000e+04 4.260530831942926228e-15 2.077798289394400429e-17
1.003500683593750000e+04 4.320375403732337055e-15 2.093526632433728718e-17
1.004195214843750000e+04 4.376796268348946001e-15 2.107155425642274913e-17
1.004889648437500000e+04 4.339273979335001377e-15 2.077341023951781115e-17
1.005584179687500000e+04 4.297337378116440967e-15 2.039221563475132409e-17
1.006278710937500000e+04 4.289203320723957921e-15 2.035684042867488131e-17
1.006973144531250000e+04 4.314469466507606446e-15 2.031131406212118777e-17
1.007667675781250000e+04 4.395067616054168513e-15 2.053108437034795148e-17
1.008362109375000000e+04 4.448050373937872254e-15 2.068591272868317699e-17
1.009056640625000000e+04 4.389855822329712803e-15 2.047531089036595104e-17
1.009751074218750000e+04 4.362329792642789805e-15 2.034441286715188462e-17
1.010445605468750000e+04 4.368680845681302549e-15 2.046927081753308883e-17
1.011140039062500000e+04 4.290833435630948822e-15 2.135372210697683793e-17
1.011834570312500000e+04 4.234642540459519419e-15 2.112601582795324047e-17
1.012529101562500000e+04 4.225042692551812806e-15 1.993155709725931787e-17
1.013223535156250000e+04 4.179409639551434630e-15 1.984586614888249952e-17
1.013918066406250000e+04 4.126505655731825539e-15 2.012124780969120328e-17
1.014612500000000000e+04 4.004987768019881850e-15 1.925232435470629962e-17
1.015307031250000000e+04 3.932067972140180015e-15 1.898878295718567990e-17
1.016001464843750000e+04 3.835804795267096917e-15 1.877007144014298406e-17
1.016695996093750000e+04 3.742167844046975778e-15 1.885201691470616230e-17
1.017390429687500000e+04 3.641931659134796384e-15 1.819300212068516515e-17
1.018084960937500000e+04 3.545535286330757548e-15 1.788992479860696092e-17
1.018779492187500000e+04 3.433781994434761432e-15 1.751751816066823722e-17
1.019473925781250000e+04 3.386913120364339232e-15 1.743364204655536022e-17
1.020168457031250000e+04 3.343333063469868666e-15 1.740318856512360795e-17
1.020862890625000000e+04 3.261290510990001203e-15 1.713347474587211753e-17
1.021557421875000000e+04 3.227746312212836401e-15 1.704227808333814623e-17
1.022251855468750000e+04 3.134683649330953677e-15 1.672861946686416367e-17
1.022946386718750000e+04 3.005116195763015557e-15 1.640175243036893436e-17
1.023640917968750000e+04 3.036278326134264453e-15 1.679322723578823045e-17
1.024335351562500000e+04 2.967071287420615031e-15 1.623897321198584915e-17
1.025029882812500000e+04 2.939870730143674497e-15 1.619739415131525866e-17
1.025724316406250000e+04 2.909987196006305968e-15 1.600526987352124224e-17
1.026418847656250000e+04 2.888047560364761894e-15 1.599198369852241551e-17
1.027113281250000000e+04 2.894605924717115128e-15 1.596711368622539618e-17
1.027807812500000000e+04 2.877988197083169823e-15 1.618275801755674539e-17
1.028502246093750000e+04 2.886408975128298450e-15 1.588352873968813784e-17
1.029196777343750000e+04 2.825754216324838884e-15 1.556751927591327957e-17
1.029891308593750000e+04 2.857078553505486979e-15 1.565323173098602430e-17
1.030585742187500000e+04 2.782508525686296953e-15 1.550273779906057665e-17
1.031280273437500000e+04 2.809847361091876751e-15 1.566408268626149491e-17
1.031974707031250000e+04 2.832717250667742860e-15 1.563535139486507805e-17
1.032669238281250000e+04 2.824934923706607162e-15 1.595398963862662984e-17
1.033363671875000000e+04 2.855454367829126858e-15 1.568676728738014914e-17
1.034058203125000000e+04 2.799444525950173061e-15 1.544335450288539480e-17
1.034752636718750000e+04 2.796336550308460220e-15 1.574153657009851021e-17
1.035447167968750000e+04 2.806459652819333177e-15 1.545192078530899395e-17
1.036141699218750000e+04 2.790136269134558741e-15 1.543084256893991770e-17
1.036836132812500000e+04 2.776514285276815083e-15 1.545384149869134208e-17
1.037530664062500000e+04 2.772671508553359136e-15 1.526705253584829269e-17
1.038225097656250000e+04 2.742234226626723108e-15 1.519167818407123570e-17
1.038919628906250000e+04 2.741187082145679979e-15 1.514313260828172361e-17
1.039614062500000000e+04 2.728085388275787275e-15 1.515307035616093569e-17
1.040308593750000000e+04 2.702489746675656827e-15 1.532133212764402237e-17
1.041003027343750000e+04 2.741062144785959970e-15 1.581512421175245266e-17
1.041697558593750000e+04 2.710166618034859365e-15 1.543361693271442055e-17
1.042392089843750000e+04 2.693418023810563271e-15 1.497122958774217851e-17
1.043086523437500000e+04 2.700100266731452446e-15 1.502812307027357575e-17
1.043781054687500000e+04 2.726096978432107805e-15 1.536660537693027468e-17
1.044475488281250000e+04 2.777410869651483760e-15 1.527837002098924321e-17
1.045170019531250000e+04 2.745598641493217189e-15 1.516667747723743299e-17
1.045864453125000000e+04 2.732957945304867638e-15 1.502755066128968906e-17
1.046558984375000000e+04 2.764027537326629001e-15 1.772337032790818369e-17
1.047253417968750000e+04 2.716401415801361456e-15 1.498730170704408384e-17
1.047947949218750000e+04 2.793034392363589330e-15 1.515828821146492019e-17
1.048642480468750000e+04 2.774208661594388878e-15 1.511504982648554832e-17
1.049336914062500000e+04 2.814701918670827960e-15 1.522703684653542742e-17
1.050031445312500000e+04 2.830639055331654434e-15 1.530308948641477789e-17
1.050725878906250000e+04 2.826324904773051469e-15 1.524695866440815454e-17
1.051420410156250000e+04 2.869601512114168182e-15 1.538228210389937966e-17
1.052114843750000000e+04 2.868712339277787980e-15 1.560299208930200361e-17
1.052809375000000000e+04 2.892318935759528517e-15 1.542507050262552267e-17
1.053503808593750000e+04 2.949733793539740384e-15 1.558504723309327822e-17
1.054198339843750000e+04 2.969668290436896715e-15 1.555677585411744084e-17
1.054892871093750000e+04 2.948153018301927046e-15 1.550835104669736150e-17
1.055587304687500000e+04 2.993410412190197940e-15 1.572699473492982799e-17
1.056281835937500000e+04 3.046491637654019993e-15 1.589250364933433819e-17
1.056976269531250000e+04 3.001948927814994915e-15 1.596854636304633802e-17
1.057670800781250000e+04 3.053386909361143625e-15 1.582439690641917210e-17
1.058365234375000000e+04 3.077837997691296699e-15 1.582347377285556292e-17
1.059059765625000000e+04 3.043597114315015235e-15 1.603143194193506940e-17
1.059754296875000000e+04 3.035034034734747886e-15 1.572619733281932687e-17
1.060448730468750000e+04 3.068656160543060084e-15 1.607568610470665638e-17
1.061143261718750000e+04 3.037026256226690001e-15 1.568468940968141594e-17
1.061837695312500000e+04 2.952374842269279293e-15 1.535998131458495003e-17
1.062532226562500000e+04 2.943004116773804968e-15 1.538627076881311036e-17
1.063226660156250000e+04 2.893455230458270161e-15 1.515716324583184807e-17
1.063921191406250000e+04 2.868551826534283290e-15 1.510649347022929981e-17
1.064615625000000000e+04 2.848081157781514987e-15 1.509176469224218060e-17
1.065310156250000000e+04 2.811319080837731098e-15 1.491938687003103005e-17
1.066004687500000000e+04 2.721237550413709884e-15 1.463845813603454569e-17
1.066699121093750000e+04 2.680684577514489374e-15 1.455908684753763247e-17
1.067393652343750000e+04 2.666417578067411566e-15 1.451495014441302802e-17
1.068088085937500000e+04 2.620120874752859645e-15 1.477802004898449252e-17
1.068782617187500000e+04 2.476903696998155290e-15 1.415273271725973252e-17
1.069477050781250000e+04 2.355647542466913179e-15 1.370073889668421926e-17
1.070171582031250000e+04 2.318121865321179538e-15 1.322886379008599399e-17
1.070866015625000000e+04 2.197633122640149823e-15 1.282361146438401467e-17
1.071560546875000000e+04 2.135059834211159267e-15 1.307455490117545178e-17
1.072255078125000000e+04 2.047397429884496335e-15 1.287589589654226645e-17
1.072949511718750000e+04 1.997429050501833836e-15 1.246771369711062430e-17
1.073644042968750000e+04 1.914600451446914382e-15 1.219369853867385814e-17
1.074338476562500000e+04 1.809698385544784675e-15 1.186527392108519148e-17
1.075033007812500000e+04 1.757854781096019562e-15 1.112005284516575545e-17
1.075727441406250000e+04 1.725102664003655938e-15 1.084827190156349502e-17
1.076421972656250000e+04 1.617410259815033752e-15 1.091385408924914926e-17
1.077116406250000000e+04 1.576375536927062358e-15 1.086741037939613442e-17
1.077810937500000000e+04 1.546523872404334272e-15 1.043561796374039121e-17
1.078505468750000000e+04 1.549117063772353312e-15 1.003299028212204265e-17
1.079199902343750000e+04 1.521889189682863828e-15 9.586534435747571912e-18
1.079894433593750000e+04 1.467517191886544628e-15 1.059221648858648019e-17
1.080588867187500000e+04 1.475291260276444597e-15 9.642931609911437339e-18
1.081283398437500000e+04 1.448313155027276724e-15 9.576302211570290960e-18
1.081977832031250000e+04 1.459184505267930448e-15 7.005569624362677726e-18
1.082672363281250000e+04 1.451729238903553317e-15 1.220625017728873779e-17
1.083366796875000000e+04 1.420929320996374041e-15 9.621400098566682029e-18
1.084061328125000000e+04 1.437832392854425639e-15 1.208454957530564848e-17
1.084755859375000000e+04 1.437821487305229740e-15 7.140426533988422934e-18
1.085450292968750000e+04 1.483609970851429080e-15 9.504741162417103430e-18
1.086144824218750000e+04 1.559331116445937700e-15 9.932483701793787018e-18
1.086839257812500000e+04 1.551150578120474074e-15 1.075485012318175607e-17
1.087533789062500000e+04 1.550165478802817322e-15 1.009314533780873648e-17
1.088228222656250000e+04 1.555103469127073080e-15 1.266549589029450343e-17
1.088922753906250000e+04 1.576909591200306195e-15 1.001870900884631462e-17
1.089617187500000000e+04 1.641068842943912021e-15 1.033491534160696051e-17
1.090311718750000000e+04 1.714092929755244542e-15 1.067332154764730456e-17
1.091006250000000000e+04 1.737409205694313667e-15 1.024887863173409500e-17
1.091700683593750000e+04 1.801002321791798401e-15 1.148951141140134015e-17
1.092395214843750000e+04 1.865475928637953980e-15 1.196970630060062378e-17
1.093089648437500000e+04 1.915175586818100052e-15 1.144002698561658038e-17
1.093784179687500000e+04 1.859304446584259148e-15 1.162938517144221947e-17
1.094478613281250000e+04 1.826170635270039054e-15 1.159147052088523890e-17
1.095173144531250000e+04 1.852923323876118876e-15 1.152638464156711647e-17
1.095867675781250000e+04 1.871052158287965853e-15 1.135598874410364298e-17
1.096562109375000000e+04 1.919358659028115414e-15 1.165454138823118215e-17
1.097256640625000000e+04 1.922503480603033818e-15 1.111430724863096212e-17
1.097951074218750000e+04 1.889038479406437293e-15 1.153421307888431832e-17
1.098645605468750000e+04 1.868124388905781363e-15 1.160093760299590830e-17
1.099340039062500000e+04 1.849044760010641435e-15 1.156975537544449682e-17
1.100034570312500000e+04 1.838400943995443897e-15 1.095410221631414193e-17
1.100729003906250000e+04 1.867821786385374765e-15 1.168192933831281290e-17
1.101423535156250000e+04 1.851443345559028800e-15 1.158285212608304890e-17
1.102118066406250000e+04 1.805985204862258636e-15 1.137471694035245608e-17
1.102812500000000000e+04 1.774375205820149029e-15 1.133311968170838942e-17
1.103507031250000000e+04 1.743095973143942226e-15 1.122085638333391761e-17
1.104201464843750000e+04 1.736413518464816237e-15 1.078873888569744106e-17
1.104895996093750000e+04 1.696312861159429523e-15 1.116984415495777240e-17
1.105590429687500000e+04 1.658225918807021502e-15 1.096131274971376667e-17
1.106284960937500000e+04 1.655764229304063691e-15 1.048469293512193723e-17
1.106979394531250000e+04 1.611458688690269817e-15 1.058259637806248848e-17
1.107673925781250000e+04 1.567603240208823197e-15 1.090636810470554436e-17
1.108368457031250000e+04 1.544856699805900995e-15 1.072254375717788502e-17
1.109062890625000000e+04 1.485644332232497096e-15 9.601327733822470259e-18
1.109757421875000000e+04 1.480854466794892434e-15 1.055395690371406501e-17
1.110451855468750000e+04 1.405598659925781646e-15 9.933035431262359887e-18
1.111146386718750000e+04 1.437576906541710060e-15 9.850410841416275612e-18
1.111840820312500000e+04 1.441097916624327780e-15 9.987168612089667677e-18
1.112535351562500000e+04 1.380192330189362535e-15 1.009172258715514527e-17
1.113229785156250000e+04 1.418917300109289858e-15 1.091309308308560048e-17
1.113924316406250000e+04 1.352397473420804703e-15 8.867654099254274492e-18
1.114618847656250000e+04 1.421942478280408591e-15 1.141149504474778880e-17
1.115313281250000000e+04 1.381955746906427581e-15 1.176475658740897267e-17
1.116007812500000000e+04 1.332997454313365835e-15 8.742315556937176973e-18
1.116702246093750000e+04 1.353332280157218230e-15 1.233756923543459369e-17
1.117396777343750000e+04 1.338021418481767904e-15 9.448406853979792033e-18
1.118091210937500000e+04 1.416532902362769002e-15 1.154296299540390425e-17
1.118785742187500000e+04 1.336585591757053458e-15 1.250478048753973803e-17
1.119480175781250000e+04 1.326068830683944065e-15 1.032128175075086151e-17
1.120174707031250000e+04 1.375076462946183374e-15 1.071297741339370926e-17
1.120869238281250000e+04 1.365459039104821234e-15 1.249086069219169568e-17
1.121563671875000000e+04 1.402592539995976134e-15 1.070814585143578702e-17
1.122258203125000000e+04 1.314622239192986264e-15 1.142956397804839713e-17
1.122952636718750000e+04 1.319684002206659556e-15 1.127274707752059415e-17
1.123647167968750000e+04 1.429098953772641768e-15 1.242433882733018119e-17
1.124341601562500000e+04 1.360078579944743512e-15 1.139465447465682171e-17
1.125036132812500000e+04 1.298476203031543198e-15 1.125127760472178031e-17
1.125730566406250000e+04 1.274495006228879446e-15 1.060511885178108232e-17
1.126425097656250000e+04 1.222786821172556614e-15 1.052290454351882435e-17
1.127119628906250000e+04 1.266465663284500713e-15 1.125349693030526009e-17
1.127814062500000000e+04 1.236697537386195582e-15 1.163166239966857796e-17
1.128508593750000000e+04 1.186963362613448897e-15 1.057299694705381060e-17
1.129203027343750000e+04 1.147945848689363620e-15 1.015752645924496373e-17
1.129897558593750000e+04 1.087066837913118478e-15 9.499443070593701288e-18
1.130591992187500000e+04 1.093960203796110787e-15 9.114957941350478282e-18
1.131286523437500000e+04 1.096354871817117101e-15 9.710906003928594941e-18
1.131981054687500000e+04 1.092712630143923610e-15 1.008111068707670248e-17
1.132675488281250000e+04 1.055698243260976346e-15 1.118084813864656532e-17
1.133370019531250000e+04 9.693482106069655456e-16 1.151856943913971546e-17
1.134064453125000000e+04 9.129829325275201635e-16 1.063433569819706781e-17
1.134758984375000000e+04 8.273394312306378562e-16 9.581844321674396245e-18
1.135453417968750000e+04 7.974452033023102411e-16 7.842626773429588552e-18
1.136147949218750000e+04 7.967529656261666642e-16 7.705352842053963397e-18
1.136842382812500000e+04 7.542566873877079754e-16 6.932436104865026891e-18
1.137536914062500000e+04 7.179640784549397824e-16 6.783520847138636701e-18
1.138231445312500000e+04 6.904929470909107036e-16 6.529757138048700041e-18
1.138925878906250000e+04 6.217102189442764819e-16 4.465309957331211756e-18
1.139620410156250000e+04 6.320312095274517247e-16 6.845417945195367209e-18
1.140314843750000000e+04 5.865038238872435222e-16 5.707489151153624798e-18
1.141009375000000000e+04 5.849415774951513720e-16 5.215940794456744591e-18
1.141703808593750000e+04 5.053398563319155823e-16 3.186423796646145558e-18
1.142398339843750000e+04 4.870753907693895109e-16 3.914663681770480486e-18
1.143092773437500000e+04 5.020099580580221141e-16 7.378902704587460813e-18
1.143787304687500000e+04 4.814836498285310438e-16 4.834054253107856921e-18
1.144481835937500000e+04 5.005186506752625115e-16 7.796640494455315531e-18
1.145176269531250000e+04 5.072427687874815714e-16 5.020809301545791639e-18
1.145870800781250000e+04 4.979878750475442723e-16 8.075962016521609363e-18
1.146565234375000000e+04 4.614768374935028766e-16 6.334806797691896202e-18
1.147259765625000000e+04 4.315694276149336164e-16 4.378026272684922552e-18
1.147954199218750000e+04 4.520819186194726010e-16 4.946052853686311762e-18
1.148648730468750000e+04 4.570362672675222070e-16 5.600953664930776428e-18
1.149343164062500000e+04 4.491629901436750786e-16 5.440729607459867520e-18
1.150037695312500000e+04 4.587800434081227945e-16 5.906163458628142367e-18
1.150732226562500000e+04 4.499187552908627281e-16 3.487908382454878937e-18
1.151426660156250000e+04 4.415624576288438349e-16 4.846513247494130624e-18
1.152121191406250000e+04 3.064178744383873852e-16 3.542714474710498615e-18
1.152815625000000000e+04 4.552201756890497837e-16 3.985910402290897866e-18
1.153510156250000000e+04 4.507383126068904670e-16 5.781272007432129760e-18
1.154204589843750000e+04 5.262950279305133455e-16 4.584108809725465037e-18
1.154899121093750000e+04 4.902803516835629698e-16 5.068233220424681821e-18
1.155593554687500000e+04 4.949868373154222862e-16 3.698839025065594718e-18
1.156288085937500000e+04 5.099056286154122781e-16 3.177973733098610104e-18
1.156982617187500000e+04 5.580430933430254037e-16 3.476848977665044957e-18
1.157677050781250000e+04 5.092011089615335138e-16 3.854928006654351040e-18
1.158371582031250000e+04 5.387869639575013601e-16 4.773533583590414651e-18
1.159066015625000000e+04 5.335476416622598854e-16 5.114435393538831182e-18
1.159760546875000000e+04 5.599721579408378693e-16 6.251166016463290532e-18
1.160454980468750000e+04 5.554253380195359885e-16 5.442346745557408689e-18
1.161149511718750000e+04 4.679526690730580196e-16 3.405086096442394488e-18
1.161843945312500000e+04 5.589473539537785727e-16 5.448630423080667764e-18
1.162538476562500000e+04 4.090449686628696516e-16 2.812425042823410422e-18
1.163233007812500000e+04 5.953705647791015382e-16 6.235612539405455953e-18
1.163927441406250000e+04 5.613242342828925462e-16 2.942701026216836963e-18
1.164621972656250000e+04 6.090167420154011472e-16 5.539595061452817941e-18
1.165316406250000000e+04 5.971629394350508411e-16 3.359094647589293011e-18
1.166010937500000000e+04 6.027059759814421859e-16 3.631372933534850951e-18
1.166705371093750000e+04 5.873566272464509925e-16 2.890083240271726319e-18
1.167399902343750000e+04 5.972489662187563560e-16 3.500159754507401830e-18
1.168094433593750000e+04 6.179245640052009967e-16 3.824544835574665780e-18
1.168788867187500000e+04 4.807899298447297718e-16 2.746701407253009608e-18
1.169483398437500000e+04 4.632846705007395705e-16 2.717958742123170141e-18
1.170177832031250000e+04 6.010491795366127744e-16 5.537869562695032325e-18
1.170872363281250000e+04 5.671385331306420807e-16 3.534628370632486493e-18
1.171566796875000000e+04 5.602716899668106713e-16 3.387728124878275479e-18
1.172261328125000000e+04 5.661926620263550442e-16 5.259517909896956918e-18
1.172955761718750000e+04 5.612417544496536587e-16 5.407247817805558619e-18
1.173650292968750000e+04 5.724260833643178472e-16 3.597518085424280634e-18
1.174344824218750000e+04 5.243304408884754027e-16 3.786664099422799878e-18
1.175039257812500000e+04 5.182754788045872401e-16 5.417904385637079275e-18
1.175733789062500000e+04 4.978691316162510601e-16 5.356527997775950898e-18
1.176428222656250000e+04 4.115800059251037641e-16 3.065635368083549106e-18
1.177122753906250000e+04 4.486734051001620930e-16 5.099143305554563359e-18
1.177817187500000000e+04 4.415170354870473230e-16 4.335818141158485485e-18
1.178511718750000000e+04 4.334805721719557333e-16 4.474430037174915162e-18
1.179206152343750000e+04 3.996562701870457748e-16 4.227162177435357429e-18
1.179900683593750000e+04 3.739837338771723977e-16 4.244573915739292385e-18
1.180595214843750000e+04 3.800379283374521111e-16 4.568699675684520961e-18
1.181289648437500000e+04 3.497903288514418426e-16 3.779025500056178944e-18
1.181984179687500000e+04 3.468422836180824536e-16 3.222938857606686411e-18
1.182678613281250000e+04 3.208152375500035501e-16 3.728402873748546203e-18
1.183373144531250000e+04 3.115619849364015563e-16 3.832379476746461782e-18
1.184067578125000000e+04 2.911047363618913131e-16 2.795441163691318520e-18
1.184762109375000000e+04 2.782464585852158136e-16 2.915284538404073137e-18
1.185456542968750000e+04 2.556160940449654596e-16 2.512467225630296794e-18
1.186151074218750000e+04 2.261343976317302905e-16 1.109329644748180894e-18
1.186845605468750000e+04 1.740646750907176815e-16 1.003431190994574925e-18
1.187540039062500000e+04 2.124876645300590458e-16 1.233517061845334305e-18
1.188234570312500000e+04 2.145644966724979843e-16 1.213806278426384778e-18
1.188929003906250000e+04 2.149562758803826999e-16 1.215230476646047953e-18
1.189623535156250000e+04 1.583686119476136614e-16 1.312220918985493799e-18
1.190317968750000000e+04 1.499507323433514204e-16 1.622667799936086094e-18
1.191012500000000000e+04 1.903666976633535475e-16 1.428173029301645835e-18
1.191706933593750000e+04 2.319838748165704801e-16 1.017672449408170695e-18
1.192401464843750000e+04 1.762957201691161060e-16 1.235737318007003201e-18
1.193095996093750000e+04 1.678175821115906021e-16 1.347401841015563188e-18
1.193790429687500000e+04 1.740154280657687244e-16 1.259518140232443332e-18
1.194484960937500000e+04 1.806382066267826878e-16 1.211549833112916688e-18
1.195179394531250000e+04 1.801206430262307086e-16 1.379422933105680011e-18
1.195873925781250000e+04 2.558519662509961805e-16 2.592718013913507018e-18
1.196568359375000000e+04 1.757856607510812079e-16 1.298769204466579893e-18
1.197262890625000000e+04 2.039118000462440770e-16 1.399944663717661213e-18
1.197957324218750000e+04 2.139531374079273922e-16 1.308249004479167298e-18
1.198651855468750000e+04 1.798474881356309975e-16 1.532139706132210778e-18
1.199346386718750000e+04 1.338578739691281632e-16 1.374519303036889094e-18
1.200040820312500000e+04 2.150600506513111526e-16 1.385963760401866508e-18
1.200735351562500000e+04 2.413678352018456532e-16 1.004509420923037796e-18
1.201429785156250000e+04 2.313070690219346925e-16 1.310064562526144625e-18
1.202124316406250000e+04 2.299256906338609371e-16 1.492850694987473346e-18
1.202818750000000000e+04 2.207877933197631383e-16 1.413987708976973964e-18
1.203513281250000000e+04 2.772564358885531467e-16 3.302129200344603654e-18
1.204207812500000000e+04 2.054980809982145679e-16 1.328081176653008982e-18
1.204902246093750000e+04 2.100018213532146871e-16 1.393063658394562283e-18
1.205596777343750000e+04 2.663093026688997641e-16 2.742135990657176310e-18
1.206291210937500000e+04 1.958562652549494646e-16 1.540978441170069586e-18
1.206985742187500000e+04 2.294414260160478926e-16 1.436662073735547851e-18
1.207680175781250000e+04 2.322982828586794357e-16 1.445936215968339259e-18
1.208374707031250000e+04 2.611155878039120130e-16 3.307656007607376709e-18
1.209069140625000000e+04 1.744335711741367301e-16 1.426467072685831785e-18
1.209763671875000000e+04 2.894549279388767497e-16 3.380445419970205485e-18
1.210458203125000000e+04 2.992298204990893841e-16 3.554615949363911577e-18
1.211152636718750000e+04 3.009432093327072235e-16 3.483045387633679687e-18
1.211847167968750000e+04 1.700981521476238015e-16 1.429569620368365054e-18
1.212541601562500000e+04 3.230600072091254545e-16 3.622217284924807764e-18
1.213236132812500000e+04 1.942560347291288794e-16 1.470999788528695998e-18
1.213930566406250000e+04 2.068265198270849295e-16 1.455586828777418864e-18
1.214625097656250000e+04 3.048018414541445870e-16 3.796226720894219154e-18
1.215319531250000000e+04 3.180860973939501945e-16 3.832424558089845922e-18
1.216014062500000000e+04 2.898540392757111353e-16 4.160892602660671617e-18
1.216708593750000000e+04 3.008964372321510251e-16 3.341272627701531753e-18
1.217403027343750000e+04 2.226427160649112509e-16 1.488145278072965448e-18
1.218097558593750000e+04 2.829083161686666691e-16 3.213737300472646532e-18
1.218791992187500000e+04 2.339856254291692054e-16 1.496285976071406070e-18
1.219486523437500000e+04 2.360926728250234809e-16 1.485174665698134387e-18
1.220180957031250000e+04 1.817835275203685103e-16 1.490648946992010324e-18
1.220875488281250000e+04 2.424155355482604177e-16 1.508248972282877663e-18
1.221569921875000000e+04 3.584391969873982915e-16 1.429832146815274071e-18
1.222264453125000000e+04 2.245913418298493705e-16 1.504751962845733170e-18
1.222958984375000000e+04 2.396632872746147806e-16 1.415930756235861026e-18
1.223653417968750000e+04 2.392680669953818444e-16 1.313954379356675237e-18
1.224347949218750000e+04 1.839463070371741586e-16 1.369149660090501115e-18
1.225042382812500000e+04 2.281603416228849667e-16 3.542536217288493438e-18
1.225736914062500000e+04 2.331804676732447896e-16 1.295911295450209183e-18
1.226431347656250000e+04 2.353979469895973444e-16 1.233138419919938157e-18
1.227125878906250000e+04 1.738907289340651304e-16 1.453098876290012495e-18
1.227820312500000000e+04 2.279870704456122589e-16 1.383355763328063381e-18
1.228514843750000000e+04 2.189595124077841335e-16 1.428794241941673159e-18
1.229209375000000000e+04 1.863922602561587601e-16 1.263004809911930912e-18
1.229903808593750000e+04 1.684877836962157664e-16 1.426282508011655891e-18
1.230598339843750000e+04 1.861693847119124724e-16 1.170499547648900721e-18
1.231292773437500000e+04 1.640356726463287570e-16 1.277955272303214335e-18
1.231987304687500000e+04 1.835518543815496716e-16 1.139846922484676313e-18
1.232681738281250000e+04 1.456046327607692071e-16 1.153883246901512071e-18
1.233376269531250000e+04 1.199741039911237229e-16 1.573351188418098015e-18
1.234070703125000000e+04 1.780552193588001014e-16 1.333293758680588455e-18
1.234765234375000000e+04 1.520073018695052599e-16 2.249837381144710507e-18
1.235459765625000000e+04 1.518148798066907244e-16 2.442381039509291312e-18
1.236154199218750000e+04 9.198458184593011192e-17 1.223439830635330476e-18
1.236848730468750000e+04 1.320033482706740760e-16 1.782588488917341179e-18
1.237543164062500000e+04 1.109856815224367064e-16 6.757858292417215001e-19
1.238237695312500000e+04 1.430661941318562766e-16 1.094902167299184123e-18
1.238932128906250000e+04 1.609051976919544731e-16 1.099426948647425754e-18
1.239626660156250000e+04 1.497260171494228147e-16 2.040650848855562785e-18
1.240321191406250000e+04 1.083949319915859225e-16 6.523489590547385751e-19
1.241015625000000000e+04 1.399712680914870716e-16 1.200252303704244005e-18
1.241710156250000000e+04 1.804776012390493919e-16 1.194207784775589324e-18
1.242404589843750000e+04 1.567710945742022501e-16 1.072888719850040105e-18
1.243099121093750000e+04 1.631580803385242976e-16 1.193364577538668081e-18
1.243793554687500000e+04 1.773948248275173658e-16 1.918634263878478226e-18
1.244488085937500000e+04 1.669284754496594045e-16 1.036261782711651455e-18
1.245182519531250000e+04 1.464032921858014064e-16 1.103618893196691360e-18
1.245877050781250000e+04 2.380892883003794770e-16 1.679780175137080183e-18
1.246571582031250000e+04 1.707091143655003682e-16 1.070341623948836195e-18
1.247266015625000000e+04 1.434163496113173238e-16 1.140410025686671787e-18
1.247960546875000000e+04 2.260102808351779338e-16 1.634364650785468751e-18
1.248654980468750000e+04 2.616276192205272376e-16 1.704529212269513633e-18
1.249349511718750000e+04 1.582264030567035449e-16 1.737193437285890435e-18
1.250043945312500000e+04 2.053087161949440284e-16 2.558298821830022398e-18
1.250738476562500000e+04 2.351357373528629351e-16 1.536305180901874687e-18
1.251432910156250000e+04 2.824028757271722671e-16 1.759746516687148735e-18
1.252127441406250000e+04 1.558230529479878745e-16 1.738770043533416506e-18
1.252821972656250000e+04 2.815675159527223151e-16 1.463285605533603031e-18
1.253516406250000000e+04 2.216650812251021781e-16 1.787587348154152264e-18
1.254210937500000000e+04 1.802469038749308027e-16 1.799170358271732310e-18
1.254905371093750000e+04 1.845769892408539894e-16 1.797439276044811961e-18
1.255599902343750000e+04 2.282395392034532438e-16 1.826408175072184682e-18
1.256294335937500000e+04 2.576694077882282904e-16 1.705534340111342130e-18
1.256988867187500000e+04 2.949348075911384457e-16 1.708704509808951609e-18
1.257683300781250000e+04 2.268939744271805843e-16 1.840019432051744752e-18
1.258377832031250000e+04 2.435438628433419508e-16 2.002098028455997548e-18
1.259072363281250000e+04 3.144252209959171084e-16 1.883345291380894098e-18
1.259766796875000000e+04 3.511731101378344879e-16 1.711339183457509571e-18
1.260461328125000000e+04 4.192726003333897096e-16 4.744785334991440451e-18
1.261155761718750000e+04 3.352069625985645536e-16 1.952586719301329800e-18
1.261850292968750000e+04 3.590737570137897709e-16 1.939299717121890516e-18
1.262544726562500000e+04 3.315405010770355095e-16 1.964980573214364952e-18
1.263239257812500000e+04 3.201674161640316206e-16 1.821690350448488489e-18
1.263933691406250000e+04 3.830050053423451201e-16 4.806492595097590039e-18
1.264628222656250000e+04 3.544228049795348145e-16 2.135924477833654822e-18
1.265322753906250000e+04 4.232484141691237852e-16 4.836523387236327709e-18
1.266017187500000000e+04 3.984615831545027876e-16 4.549966929942338820e-18
1.266711718750000000e+04 4.130263676220996853e-16 5.072361265271627706e-18
1.267406152343750000e+04 4.345684536438058736e-16 5.803423904236299841e-18
1.268100683593750000e+04 4.689610617967642642e-16 5.595443401280254434e-18
1.268795117187500000e+04 4.755836947739904182e-16 5.974539862423000741e-18
1.269489648437500000e+04 4.419863976189446122e-16 5.519161632371226775e-18
1.270184082031250000e+04 4.409827165160074697e-16 5.810361468033782084e-18
1.270878613281250000e+04 4.303539882751828988e-16 3.008023272394996420e-18
1.271573144531250000e+04 4.398145786724049844e-16 3.346473319007805777e-18
1.272267578125000000e+04 4.510783963352130686e-16 5.203989275376272170e-18
1.272962109375000000e+04 4.666952486628590108e-16 5.415307865694275321e-18
1.273656542968750000e+04 4.820410504473835768e-16 5.436741769726749374e-18
1.274351074218750000e+04 5.171984234725941938e-16 5.424887030777945658e-18
1.275045507812500000e+04 6.159222839970102375e-16 7.130063615274358604e-18
1.275740039062500000e+04 4.585195278372828937e-16 4.892137221360105419e-18
1.276434570312500000e+04 4.533118633984450484e-16 2.778351612235972968e-18
1.277129003906250000e+04 3.881981378721816337e-16 3.256866497611161395e-18
1.277823535156250000e+04 3.930255639270411033e-16 2.433892305268119004e-18
1.278517968750000000e+04 4.890107022351879770e-16 2.771915526684850998e-18
1.279212500000000000e+04 3.692959094399322776e-16 3.467811202292290577e-18
1.279906933593750000e+04 4.751434493996549956e-16 4.961194394799094934e-18
1.280601464843750000e+04 5.043609509426856281e-16 2.966142084005670938e-18
1.281295898437500000e+04 4.996230192126594957e-16 2.763248948611979789e-18
1.281990429687500000e+04 4.538198714085608151e-16 2.689418322653099889e-18
1.282684960937500000e+04 4.544135885650268762e-16 3.977114163657008970e-18
1.283379394531250000e+04 4.657339721468437867e-16 4.874730859730152057e-18
1.284073925781250000e+04 4.730702833216908921e-16 3.130922872675981336e-18
1.284768359375000000e+04 4.559234247935076666e-16 3.507371115087639125e-18
1.285462890625000000e+04 3.952662837098839480e-16 2.999923106246570897e-18
1.286157324218750000e+04 4.288663337220083305e-16 2.603254226965901208e-18
1.286851855468750000e+04 4.253142216483586169e-16 2.625490702987704836e-18
1.287546289062500000e+04 3.456661519010402559e-16 1.705889924377163363e-18
1.288240820312500000e+04 3.856263076163011626e-16 2.079113506568359743e-18
1.288935351562500000e+04 4.613007605195923889e-16 1.947723104094671135e-18
1.289629785156250000e+04 4.507230130742806862e-16 1.614372419163098056e-18
1.290324316406250000e+04 4.468982887405130965e-16 5.454944292696285024e-18
1.291018750000000000e+04 4.317603011956414527e-16 4.165937577216632533e-18
1.291713281250000000e+04 4.283942452028120665e-16 1.862172776421986801e-18
1.292407714843750000e+04 4.066406656420883201e-16 2.241283920020605924e-18
1.293102246093750000e+04 4.397118759275504005e-16 4.050033856966314848e-18
1.293796679687500000e+04 3.726565655977229176e-16 2.048060732782812807e-18
1.294491210937500000e+04 3.790174918640270944e-16 2.492443250951919376e-18
1.295185742187500000e+04 3.351525142619238631e-16 2.037849188120845681e-18
1.295880175781250000e+04 3.938262218204332307e-16 3.275334131967020290e-18
1.296574707031250000e+04 4.014106607092666427e-16 4.250520517162936101e-18
1.297269140625000000e+04 3.800067734068609138e-16 2.332494851420143765e-18
1.297963671875000000e+04 3.737666552146588815e-16 1.876370504455846968e-18
1.298658105468750000e+04 2.791747272860677217e-16 1.998039880370812394e-18
1.299352636718750000e+04 3.941328742171188891e-16 2.353594574485146395e-18
1.300047070312500000e+04 2.470597907282761447e-16 1.966078241887222820e-18
1.300741601562500000e+04 3.631314418778318950e-16 2.949059356790378948e-18
1.301436132812500000e+04 3.231374577842400196e-16 1.976356788178806741e-18
1.302130566406250000e+04 3.780284485492096903e-16 4.186466545658973574e-18
1.302825097656250000e+04 3.182140523085447972e-16 1.574868134263943699e-18
1.303519531250000000e+04 2.561241020550812262e-16 1.962817702707691923e-18
1.304214062500000000e+04 2.826158515738475202e-16 1.930186668313393810e-18
1.304908496093750000e+04 3.499601060178071264e-16 4.334202243831863146e-18
1.305603027343750000e+04 2.368816575456112600e-16 1.953242673527084351e-18
1.306297460937500000e+04 3.470034051665179826e-16 4.475369300760469125e-18
1.306991992187500000e+04 2.070553643066314000e-16 1.916092751446409048e-18
1.307686523437500000e+04 3.279281173152327322e-16 4.143971382459980606e-18
1.308380957031250000e+04 2.851657648522177863e-16 1.885867985454027694e-18
1.309075488281250000e+04 2.423966890651840095e-16 1.577439631993217924e-18
1.309769921875000000e+04 2.069805739443668054e-16 1.903663535562187255e-18
1.310464453125000000e+04 3.283852239391744357e-16 2.385459639632220404e-18
1.311158886718750000e+04 2.699809257974511391e-16 2.687301774260729829e-18
1.311853417968750000e+04 3.164904461400007028e-16 2.246707329706809850e-18
1.312547949218750000e+04 2.365203450540480975e-16 1.572997878898961303e-18
1.313242382812500000e+04 2.068564042082552453e-16 1.896009426559080951e-18
1.313936914062500000e+04 2.611052116503081479e-16 2.536124591149313385e-18
1.314631347656250000e+04 2.866804979899248906e-16 2.280223240561386564e-18
1.315325878906250000e+04 2.355901705290648672e-16 2.661813237660673973e-18
1.316020312500000000e+04 2.799441243697502451e-16 2.354376880549468421e-18
1.316714843750000000e+04 1.814653342997765120e-16 1.509363391363139730e-18
1.317409277343750000e+04 2.238131038397798804e-16 1.833570731996281349e-18
1.318103808593750000e+04 2.766300550240585916e-16 2.302956024950722009e-18
1.318798339843750000e+04 2.676392767449870241e-16 2.306680198863588878e-18
1.319492773437500000e+04 2.198180332393855703e-16 1.830696486162812716e-18
1.320187304687500000e+04 1.722628639583403736e-16 1.783769082446607488e-18
1.320881738281250000e+04 2.547404207961821232e-16 2.392080600050247976e-18
1.321576269531250000e+04 2.484633772614357238e-16 3.489323688482957167e-18
1.322270703125000000e+04 1.589376857392705428e-16 1.808007542345942581e-18
1.322965234375000000e+04 2.329632301920536632e-16 2.410399755486153603e-18
1.323659667968750000e+04 2.610515044674963049e-16 4.646745820840124229e-18
1.324354199218750000e+04 2.195601514116160384e-16 2.312535810419851760e-18
1.325048730468750000e+04 2.202761324800623375e-16 2.267510508522212220e-18
1.325743164062500000e+04 2.190319866643335796e-16 3.984521979632727609e-18
1.326437695312500000e+04 2.279792618606297583e-16 2.581150927022718617e-18
1.327132128906250000e+04 9.517574538748618633e-17 1.855851462180856564e-18
1.327826660156250000e+04 1.813737753321342425e-16 1.138433374215399758e-18
1.328521093750000000e+04 1.822987485454257393e-16 2.725134533937067656e-18
1.329215625000000000e+04 9.921890495997187924e-17 1.860544884976482443e-18
1.329910058593750000e+04 2.093904620886440950e-16 3.676245827404627596e-18
1.330604589843750000e+04 1.943644284765978282e-16 2.377090019399255731e-18
1.331299121093750000e+04 2.054668201885049639e-16 1.207663531799989425e-18
1.331993554687500000e+04 1.759172684952608448e-16 1.230058619704250097e-18
1.332688085937500000e+04 1.704596631625339767e-16 1.213146188297567462e-18
1.333382519531250000e+04 1.470205012716639735e-16 1.240592041022076920e-18
1.334077050781250000e+04 1.667844136741771692e-16 1.092918691587858532e-18
1.334771484375000000e+04 1.522172469264161188e-16 1.240569293555231712e-18
1.335466015625000000e+04 1.507418081765277335e-16 1.633137528346746335e-18
1.336160449218750000e+04 1.500739756371769211e-16 1.260095615697581914e-18
1.336854980468750000e+04 1.603377253219634944e-16 1.133556420721363676e-18
1.337549511718750000e+04 1.714042372476205301e-16 2.225999690252157355e-18
1.338243945312500000e+04 1.535455931110578745e-16 1.140456657993704464e-18
1.338938476562500000e+04 1.143457024055169057e-16 1.136697742495110368e-18
1.339632910156250000e+04 1.459085455352660899e-16 1.599221572268423663e-18
1.340327441406250000e+04 1.053785351698500517e-16 1.086412295684669555e-18
1.341021875000000000e+04 1.185469725890084345e-16 1.146606952643189363e-18
1.341716406250000000e+04 1.510232348732529748e-16 1.094949936979559061e-18
1.342410839843750000e+04 1.633597535893096262e-16 1.562189626822613736e-18
1.343105371093750000e+04 1.436285181297147252e-16 1.005557045168836206e-18
1.343799902343750000e+04 1.535532825820321674e-16 1.567043419259498334e-18
1.344494335937500000e+04 1.396171950846449732e-16 1.605170551836328469e-18
1.345188867187500000e+04 1.312826952861280774e-16 1.282655519338893776e-18
1.345883300781250000e+04 1.403384568741218108e-16 1.734819635723016384e-18
1.346577832031250000e+04 1.422260300924086166e-16 2.026152440669039593e-18
1.347272265625000000e+04 1.289688130324661425e-16 1.922896105189504563e-18
1.347966796875000000e+04 1.524363108223997622e-16 1.988845354271979215e-18
1.348661328125000000e+04 1.501548275789703043e-16 2.019520313312742555e-18
1.349355761718750000e+04 6.609699842912764890e-17 2.262365858702438664e-18
1.350050292968750000e+04 1.612634529239736396e-16 3.524773340814529721e-18
1.350744726562500000e+04 1.737257427978077537e-16 4.836326931840846365e-18
1.351439257812500000e+04 1.431513474128349355e-16 4.586659421144272298e-18
1.352133691406250000e+04 1.286488860413102331e-16 3.723836009586640937e-18
1.352828222656250000e+04 1.872808242876081229e-16 5.521057116744892038e-18
1.353522656250000000e+04 8.029783004464611487e-17 9.882864445569181100e-18
1.354217187500000000e+04 1.617320474322624796e-16 1.680159334050359177e-17
1.354911718750000000e+04 1.878559331890141911e-16 1.032021055185760534e-17
1.355606152343750000e+04 1.775348367267205415e-16 9.765849821756204699e-18
1.356300683593750000e+04 2.225592568498271006e-16 1.116469247410279214e-17
1.356995117187500000e+04 -5.406519319840083168e-17 4.919428060437822439e-17
1.357689648437500000e+04 1.502422440261049082e-16 1.329103303056425445e-17
1.358384082031250000e+04 1.688086106598781335e-16 2.371902356187629418e-17
1.359078613281250000e+04 4.765468241745777610e-16 2.588761650402696514e-17
1.359773046875000000e+04 3.971100097382605429e-16 3.132850286221291146e-17
1.360467578125000000e+04 1.668729153822754428e-16 3.946606419177073224e-17
1.361162109375000000e+04 5.170953832380496883e-17 2.397386798243653137e-17
1.361856542968750000e+04 -1.462145957444658097e-17 1.887486695194732714e-17
1.362551074218750000e+04 2.262050454734872195e-16 1.970407084827865952e-17
1.363245507812500000e+04 2.572171451339536974e-16 2.360440279875604625e-17
1.363940039062500000e+04 6.072434123658752652e-17 1.807597922506606322e-17
1.364634472656250000e+04 2.432059761067262901e-16 1.767198090517271429e-17
1.365329003906250000e+04 2.302098437178851532e-16 1.890664723108161446e-17
1.366023437500000000e+04 1.141672034467728627e-16 2.970677887535574837e-17
1.366717968750000000e+04 2.586406898809329559e-16 3.501640490521933005e-17
1.367412500000000000e+04 2.432788738797493633e-16 2.619507622899047532e-17
1.368106933593750000e+04 1.675688091967265041e-17 2.224801850007119316e-17
1.368801464843750000e+04 3.787296065410790391e-16 2.586103753658441126e-17
1.369495898437500000e+04 3.737411912866820491e-16 2.657017947572612188e-17
1.370190429687500000e+04 2.851833407858733131e-16 2.286041670349115188e-17
1.370884863281250000e+04 3.517603951378573367e-16 1.923804059988873394e-17
1.371579394531250000e+04 3.126722598417947321e-16 1.651082612030140169e-17
1.372273828125000000e+04 1.735461453432102404e-16 1.739555203370851840e-17
1.372968359375000000e+04 2.723485681734841204e-16 1.102134951857286542e-17
1.373662890625000000e+04 3.167984749652256495e-16 1.035554274454219536e-17
1.374357324218750000e+04 3.312834795171030328e-16 1.081684813727321805e-17
1.375051855468750000e+04 3.217508383798051283e-16 1.232666699496114479e-17
1.375746289062500000e+04 2.911697990801522841e-16 9.081003004385789049e-18
1.376440820312500000e+04 3.402659198156000658e-16 1.076707006237100195e-17
1.377135253906250000e+04 3.283544925250568656e-16 9.787489693761204456e-18
1.377829785156250000e+04 3.409538958572277696e-16 1.052161993202752949e-17
1.378524218750000000e+04 3.836764907112809667e-16 1.221818308480542776e-17
1.379218750000000000e+04 5.018386985839991352e-16 2.024455893232693333e-17
1.379913281250000000e+04 4.563346592893996294e-16 2.734833805645680693e-17
1.380607714843750000e+04 3.489720156150553834e-16 2.717654587811934393e-17
1.381302246093750000e+04 5.604781542477039070e-16 2.924232027012967354e-17
1.381996679687500000e+04 2.320953919980324291e-16 2.784163217783648030e-17
1.382691210937500000e+04 3.713402234581305314e-16 2.792936295360385441e-17
1.383385644531250000e+04 4.163152377376105233e-16 2.909735190469608013e-17
1.384080175781250000e+04 4.222598737801188133e-16 2.093510088821477657e-17
1.384774707031250000e+04 2.803091161606780434e-16 1.617022292255411680e-17
1.385469140625000000e+04 2.178412171591716435e-16 1.337991110584123961e-17
1.386163671875000000e+04 2.611521955091011598e-16 1.357284436627433289e-17
1.386858105468750000e+04 3.076440075690971884e-16 1.349269304645978217e-17
1.387552636718750000e+04 3.066991423164350163e-16 9.773995069248014362e-18
1.388247070312500000e+04 3.435792480074628718e-16 9.309716789395476095e-18
1.388941601562500000e+04 2.793837061960231186e-16 8.160683509220515564e-18
1.389636035156250000e+04 3.352664137235499648e-16 7.515891258651755173e-18
1.390330566406250000e+04 4.178042157797651765e-16 8.960851711690011567e-18
1.391025097656250000e+04 3.585254355293406199e-16 1.007080484382490431e-17
1.391719531250000000e+04 3.173091034835219841e-16 1.140663784019087742e-17
1.392414062500000000e+04 3.083406656984342487e-16 1.063969582856641143e-17
1.393108496093750000e+04 3.240012196322025924e-16 1.076126656319332991e-17
1.393803027343750000e+04 3.290962816286148191e-16 1.545663075171687089e-17
1.394497460937500000e+04 3.740103360056721031e-16 2.110192336543202098e-17
1.395191992187500000e+04 9.549630103590763604e-17 1.264882985531278503e-17
1.395886425781250000e+04 3.307400814116597974e-16 1.121486594133780859e-17
1.396580957031250000e+04 2.604839923928359237e-16 7.693350451365818965e-18
1.397275488281250000e+04 2.360588709164721140e-16 8.742869767947587502e-18
1.397969921875000000e+04 2.713281581698387054e-16 9.336450439612577396e-18
1.398664453125000000e+04 2.785684634540704563e-16 1.152122303454478558e-17
1.399358886718750000e+04 3.441119787917266233e-16 1.781463978233605966e-17
1.400053417968750000e+04 2.457412515969768178e-16 1.453174025648662937e-17
1.400747851562500000e+04 1.481368112868063362e-16 7.439946979432649149e-18
1.401442382812500000e+04 2.179919625540033073e-16 9.888370986906946605e-18
1.402136816406250000e+04 2.495841077297715699e-16 8.344095093622510943e-18
1.402831347656250000e+04 2.948925353531145358e-16 9.757355504045897658e-18
1.403525878906250000e+04 2.311499708799986215e-16 8.201901091963420380e-18
1.404220312500000000e+04 2.048389040767935104e-16 8.395838549660153036e-18
1.404914843750000000e+04 2.468771757188040379e-16 6.436396157441983743e-18
1.405609277343750000e+04 2.110964393839734592e-16 7.489150163809140894e-18
1.406303808593750000e+04 1.967469733385465648e-16 6.408757571634749429e-18
1.406998242187500000e+04 2.837224471798760602e-16 7.941455004294974086e-18
1.407692773437500000e+04 2.040171497690588306e-16 9.920644265686315533e-18
1.408387207031250000e+04 1.797987440364944727e-16 6.854535543497232956e-18
1.409081738281250000e+04 1.513457823725894522e-16 6.089610198206171250e-18
1.409776269531250000e+04 2.821707357600653854e-16 5.757532751032470419e-18
1.410470703125000000e+04 2.030299328690339435e-16 4.916411663616086569e-18
1.411165234375000000e+04 2.038565576162153356e-16 5.010922011683945299e-18
1.411859667968750000e+04 2.232765614072534845e-16 3.768235756146037251e-18
1.412554199218750000e+04 1.753776290985210504e-16 4.769606130042012876e-18
1.413248632812500000e+04 2.634495341505120342e-16 7.059818610475742940e-18
1.413943164062500000e+04 3.754091050389441733e-16 1.337911866681441381e-17
1.414637597656250000e+04 2.421149447311035478e-16 5.858864444021747692e-18
1.415332128906250000e+04 1.671008863590950572e-16 3.479351612608324142e-18
1.416026660156250000e+04 1.396945794853105341e-16 2.400773441107567743e-18
1.416721093750000000e+04 2.283565356292927440e-16 5.485499103753075037e-18
1.417415625000000000e+04 2.187502026255837154e-16 4.981613761810272699e-18
1.418110058593750000e+04 2.083056114065583489e-16 3.663497733394266610e-18
1.418804589843750000e+04 2.511144580374436754e-16 7.835781026680099695e-18
1.419499023437500000e+04 1.970789308445314455e-16 3.684777368242499524e-18
1.420193554687500000e+04 1.684792074876248166e-16 4.165013202882104524e-18
1.420888085937500000e+04 2.092772640761774382e-16 4.751807684801709380e-18
1.421582519531250000e+04 2.380585304164823052e-16 3.765113976514262124e-18
1.422277050781250000e+04 1.880742426962791862e-16 2.706761404966192944e-18
1.422971484375000000e+04 1.252737112094080623e-16 1.962756077752056722e-18
1.423666015625000000e+04 2.004705169397866683e-16 2.034633316694392647e-18
1.424360449218750000e+04 1.639952929975463684e-16 2.773980376288936493e-18
1.425054980468750000e+04 7.828649075438667490e-17 1.797797445250047422e-18
1.425749414062500000e+04 1.946004595013061593e-16 2.969591633955170201e-18
1.426443945312500000e+04 1.889417367831655982e-16 3.142654982098974066e-18
1.427138476562500000e+04 1.147519076432845461e-16 2.098546874289374298e-18
1.427832910156250000e+04 1.595705119950981111e-16 3.474357096069728961e-18
1.428527441406250000e+04 1.423414648012516167e-16 1.741637258331678438e-18
1.429221875000000000e+04 1.682173287231354284e-16 1.504182448993990410e-18
1.429916406250000000e+04 1.394354535778997224e-16 2.041473893565053048e-18
1.430610839843750000e+04 6.069990963001516029e-17 2.552433284106408879e-18
1.431305371093750000e+04 1.557940288346546139e-16 2.320965814837532804e-18
1.431999804687500000e+04 2.061362144448522764e-16 4.868270992736419188e-18
1.432694335937500000e+04 2.962994703133937295e-17 2.458481696542329719e-18
1.433388867187500000e+04 1.100750416947995284e-16 1.811809471236389435e-18
1.434083300781250000e+04 2.292980127501658989e-16 3.002151530816788753e-18
1.434777832031250000e+04 1.755742598562922557e-16 2.243736303741672513e-18
1.435472265625000000e+04 1.537234832648710784e-16 1.661529882487169595e-18
1.436166796875000000e+04 1.123962693123009343e-16 4.489218372166138191e-18
1.436861230468750000e+04 1.361429438676936511e-16 3.719355172208441186e-18
1.437555761718750000e+04 1.263001166181332616e-16 1.903313638163077324e-18
1.438250195312500000e+04 1.351928111288907414e-16 1.860113096696729762e-18
1.438944726562500000e+04 1.074539445616353990e-16 2.215224628797888479e-18
1.439639257812500000e+04 1.484080735881645259e-16 2.303615908284386187e-18
1.440333691406250000e+04 1.386566464875687958e-16 5.240023744400919715e-18
1.441028222656250000e+04 1.574945136507166260e-16 3.167973326287997137e-18
1.441722656250000000e+04 1.221001699236218176e-16 2.448192190107629470e-18
1.442417187500000000e+04 1.217169933941076535e-16 1.495872592560282694e-18
1.443111621093750000e+04 1.428265499822323138e-16 1.767005853742914105e-18
1.443806152343750000e+04 1.478522611560880947e-16 2.060733139767125191e-18
1.444500585937500000e+04 9.242997559239806457e-17 2.248489283541402210e-18
1.445195117187500000e+04 9.382959827606228952e-17 1.638661233682222315e-18
1.445889648437500000e+04 8.911274972548890875e-17 1.867759347484016812e-18
1.446584082031250000e+04 1.342660644403659309e-16 1.521183802316522495e-18
1.447278613281250000e+04 1.100529328113872111e-16 1.661356071160956890e-18
1.447973046875000000e+04 1.371897707113815595e-16 1.369724240423495762e-18
1.448667578125000000e+04 1.384711462721201040e-16 1.791441596218343096e-18
1.449362011718750000e+04 1.340791480917085483e-16 1.536533586148515892e-18
1.450056542968750000e+04 1.077081867947096976e-16 1.788583066816512971e-18
1.450750976562500000e+04 1.193257399746699586e-16 1.877843299536497634e-18
1.451445507812500000e+04 9.887613289465848032e-18 9.237201380610555509e-19
1.452140039062500000e+04 1.295333075522519303e-16 1.077194711926261460e-18
1.452834472656250000e+04 1.873691274723593837e-16 3.273238469885117195e-18
1.453529003906250000e+04 1.161951723760670688e-16 1.526483031513266898e-18
1.454223437500000000e+04 1.265300595935332025e-16 1.312183489062775774e-18
1.454917968750000000e+04 1.801181813367277507e-16 1.505996869667625476e-18
1.455612402343750000e+04 1.607297162880850236e-16 1.448269692476351350e-18
1.456306933593750000e+04 1.706896855472727226e-16 1.386590970101334842e-18
1.457001464843750000e+04 7.761501200289572873e-17 1.400090661095776822e-18
1.457695898437500000e+04 1.783457251899287247e-16 1.242859446478661338e-18
1.458390429687500000e+04 2.051972651879310837e-16 1.329480249261565859e-18
1.459084863281250000e+04 1.817372318758451425e-16 1.511502997415084705e-18
1.459779394531250000e+04 1.510575926471759774e-16 1.098003784403528270e-18
1.460473828125000000e+04 1.822257448932842593e-16 1.494081746534105389e-18
1.461168359375000000e+04 1.408376239778506107e-16 1.121824931683830361e-18
1.461862792968750000e+04 1.787936600352384403e-16 1.503085090513862250e-18
1.462557324218750000e+04 2.039558722292809023e-16 2.187744241282804932e-18
1.463251855468750000e+04 2.012712674774074016e-16 1.823394962895807140e-18
1.463946289062500000e+04 2.113335556696454599e-16 4.343991926381428228e-18
1.464640820312500000e+04 1.905431452141784590e-16 1.639593879822875854e-18
1.465335253906250000e+04 2.086525375729079892e-16 1.743076966187826983e-18
1.466029785156250000e+04 1.874302461934597018e-16 1.882606619093884244e-18
1.466724218750000000e+04 2.126795439623917466e-16 4.374990519836852940e-18
1.467418750000000000e+04 2.390179275781458088e-16 2.869096013770030901e-18
1.468113183593750000e+04 2.499976186267092787e-16 3.539536446797069883e-18
1.468807714843750000e+04 2.333932582314628308e-16 2.763216068182630806e-18
1.469502246093750000e+04 2.426066208872050675e-16 2.509273274490076416e-18
1.470196679687500000e+04 2.557034707874306610e-16 4.300117439511003087e-18
1.470891210937500000e+04 2.321687926968679346e-16 2.269557160152821549e-18
1.471585644531250000e+04 1.123024604133925205e-16 1.998044429864181436e-18
1.472280175781250000e+04 1.667953589280424709e-16 1.821649198213013975e-18
1.472974609375000000e+04 1.968693298947554087e-16 1.616860371650504425e-18
1.473669140625000000e+04 1.685819499371488030e-16 1.348806497093254798e-18
1.474363574218750000e+04 2.114463566354180912e-16 1.370822839674542752e-18
1.475058105468750000e+04 2.018299386456808161e-16 1.449617169694200232e-18
1.475752636718750000e+04 1.656355855347941219e-16 1.794192798935694466e-18
1.476447070312500000e+04 1.195311984039383298e-16 1.435998364691550616e-18
1.477141601562500000e+04 2.039257628549839721e-16 2.542240144213071057e-18
1.477836035156250000e+04 1.452529949736504648e-16 1.758881906151877682e-18
1.478530566406250000e+04 1.599229571104947051e-16 1.794805532974443121e-18
1.479225000000000000e+04 1.959249146283464655e-16 1.772805837402982797e-18
1.479919531250000000e+04 2.083903544059531815e-16 2.416973153018959376e-18
1.480613964843750000e+04 1.744803565095827294e-16 3.010364813913980903e-18
1.481308496093750000e+04 2.328750593562004109e-16 3.110554377272475583e-18
1.482003027343750000e+04 1.622880319179063218e-16 1.784719099380124640e-18
1.482697460937500000e+04 1.462099039760314089e-16 1.325715440101107323e-18
1.483391992187500000e+04 2.211115187242918912e-16 1.435242425009253717e-18
1.484086425781250000e+04 2.260345800928522915e-16 2.069656971010500392e-18
1.484780957031250000e+04 1.951650731351001547e-16 1.608847576454279815e-18
1.485475390625000000e+04 1.979235285720623897e-16 1.723156182290865555e-18
1.486169921875000000e+04 1.830497358973952825e-16 1.682583180040292686e-18
1.486864355468750000e+04 2.289464940770553642e-16 3.525194375746319212e-18
1.487558886718750000e+04 1.920673677678727716e-16 1.588889879622483209e-18
1.488253417968750000e+04 8.059737530550871768e-17 1.548099122075655756e-18
1.488947851562500000e+04 1.772834135251738236e-16 3.693743592492268067e-18
1.489642382812500000e+04 1.762616800325483239e-16 1.604535794113770589e-18
1.490336816406250000e+04 1.974474431161462695e-16 3.112268088706532318e-18
1.491031347656250000e+04 2.000005062982891375e-16 1.373038856535572313e-18
1.491725781250000000e+04 2.257688764452104582e-16 1.482801794713449458e-18
1.492420312500000000e+04 1.990328108607205019e-16 1.401285937080915947e-18
1.493114843750000000e+04 1.486007338789954767e-16 2.510842642907242647e-18
1.493809277343750000e+04 2.184862195136159924e-16 1.336932732990362362e-18
1.494503808593750000e+04 1.861784373765362527e-16 1.406823704486805329e-18
1.495198242187500000e+04 1.376442832969222967e-16 1.544601285457898709e-18
1.495892773437500000e+04 1.817838980972829341e-16 1.511161475219676874e-18
1.496587207031250000e+04 1.915158169703122136e-16 1.511624799760283138e-18
1.497281738281250000e+04 2.240568111005727036e-16 1.357988408687746543e-18
1.497976171875000000e+04 2.103799950943841305e-16 1.416801053637843380e-18
1.498670703125000000e+04 1.744215009546383564e-16 1.469467229648788376e-18
1.499365234375000000e+04 2.132471222115011320e-16 1.459016733187369993e-18
1.500059667968750000e+04 2.557861094393471587e-16 1.331317107209316426e-18
1.500754199218750000e+04 2.756594082060643668e-16 1.996788769694325940e-18
1.501448632812500000e+04 2.192496741317779348e-16 1.535817557930774677e-18
1.502143164062500000e+04 2.548862163422282697e-16 1.535346892162232004e-18
1.502837597656250000e+04 2.857334886851149811e-16 2.317895733994042242e-18
1.503532128906250000e+04 2.455682451175001269e-16 1.616758421640007265e-18
1.504226562500000000e+04 3.021238673820613113e-16 4.864990808017340156e-18
1.504921093750000000e+04 1.962672879926046139e-16 1.510946511657989656e-18
1.505615625000000000e+04 3.505968100963463433e-16 4.390911265086661064e-18
1.506310058593750000e+04 3.189066340918231962e-16 1.350196263919920453e-18
1.507004589843750000e+04 3.074962003198013129e-16 3.803691612332203953e-18
1.507699023437500000e+04 2.905995341484133264e-16 2.288745475617367270e-18
1.508393554687500000e+04 3.429092184764051185e-16 4.729480012117371780e-18
1.509087988281250000e+04 3.661125743356934050e-16 2.209809284122656945e-18
1.509782519531250000e+04 3.520234782773186020e-16 2.291161463391481525e-18
1.510476953125000000e+04 3.747591660706041080e-16 3.611158707315586337e-18
1.511171484375000000e+04 3.694567662905717895e-16 2.135536116536061175e-18
1.511866015625000000e+04 3.847299614696489010e-16 4.827227531512456784e-18
1.512560449218750000e+04 3.996623052967949617e-16 5.181486653992379605e-18
1.513254980468750000e+04 3.853663479108328975e-16 5.045122621290562781e-18
1.513949414062500000e+04 3.929645510850591919e-16 3.830680861358584140e-18
1.514643945312500000e+04 3.859511712213527885e-16 2.168891554351802601e-18
1.515338378906250000e+04 4.178019129089398289e-16 3.853180174020026492e-18
1.516032910156250000e+04 4.260595312326035961e-16 4.112940942550972603e-18
1.516727343750000000e+04 4.229657433927572641e-16 5.485399428489262397e-18
1.517421875000000000e+04 4.397398809543689958e-16 3.673328361384153068e-18
1.518116406250000000e+04 4.345202257053715818e-16 2.229721589418339703e-18
1.518810839843750000e+04 4.253099335440631420e-16 3.817220151250508720e-18
1.519505371093750000e+04 4.261839656665111732e-16 3.496760455780115163e-18
1.520199804687500000e+04 4.533786201826005280e-16 5.640269559445421833e-18
1.520894335937500000e+04 4.516809014585068931e-16 5.680141732922009150e-18
1.521588769531250000e+04 4.423463601517480881e-16 4.595433739491928539e-18
1.522283300781250000e+04 4.429779555628241775e-16 4.294059995885277266e-18
1.522977734375000000e+04 4.550537866544735171e-16 5.567165818449822906e-18
1.523672265625000000e+04 4.330534028687435489e-16 3.926701641224964698e-18
1.524366796875000000e+04 4.219650269051355117e-16 2.352265915626233094e-18
1.525061230468750000e+04 3.935902966748433063e-16 2.611530582584800526e-18
1.525755761718750000e+04 3.924807364534993763e-16 2.495286684307570409e-18
1.526450195312500000e+04 4.546605516087107082e-16 2.222579298419250586e-18
1.527144726562500000e+04 4.582674296563563326e-16 4.941643567431097848e-18
1.527839160156250000e+04 4.445306728342597168e-16 4.105502934482895778e-18
1.528533691406250000e+04 4.853391849857550087e-16 4.881742869782764073e-18
1.529228222656250000e+04 4.471601278003330820e-16 4.243368713586802624e-18
1.529922656250000000e+04 4.414313528104766302e-16 5.431809705324401946e-18
1.530617187500000000e+04 4.466776895973125546e-16 4.634215275330864689e-18
1.531311621093750000e+04 4.454978256413465176e-16 5.514867324221157732e-18
1.532006152343750000e+04 4.314918711607006446e-16 2.148817742041518864e-18
1.532700585937500000e+04 4.749181915752445551e-16 3.491190635125489351e-18
1.533395117187500000e+04 4.010777502912161009e-16 2.379560807888951625e-18
1.534089550781250000e+04 4.521904976553987616e-16 4.147730918344034117e-18
1.534784082031250000e+04 4.549959766558234111e-16 4.717585982089471795e-18
1.535478613281250000e+04 4.574794243176138163e-16 3.294484603918541711e-18
1.536173046875000000e+04 4.190139111773423259e-16 2.139227410019579061e-18
1.536867578125000000e+04 4.319168964117650914e-16 4.728018797565296857e-18
1.537562011718750000e+04 4.169499301129000112e-16 5.256081801632411641e-18
1.538256542968750000e+04 4.237507311766251870e-16 5.198262290405261283e-18
1.538950976562500000e+04 4.399704856742589791e-16 4.734798783456087748e-18
1.539645507812500000e+04 4.176369003029028505e-16 2.110764538731935655e-18
1.540339941406250000e+04 4.084294933475709957e-16 2.059821793527244893e-18
1.541034472656250000e+04 3.920737635921232866e-16 4.424409184762914749e-18
1.541729003906250000e+04 4.012854586517506164e-16 4.556259292862029702e-18
1.542423437500000000e+04 3.996832958320191073e-16 5.204878908125072951e-18
1.543117968750000000e+04 3.593117732719682293e-16 2.283019731417275212e-18
1.543812402343750000e+04 3.804487922564296501e-16 2.105100833077785075e-18
1.544506933593750000e+04 3.578198306144981860e-16 2.249426479175424791e-18
1.545201367187500000e+04 3.867250416977879987e-16 3.643006401669796732e-18
1.545895898437500000e+04 3.238785586735283290e-16 1.703039459986305630e-18
1.546590332031250000e+04 3.645969941650390464e-16 2.803178404345986402e-18
1.547284863281250000e+04 3.628700263344855365e-16 1.955606135332301489e-18
1.547979394531250000e+04 2.896318519457344916e-16 1.668741760055289736e-18
1.548673828125000000e+04 3.197844778625338717e-16 2.278774640513653074e-18
1.549368359375000000e+04 3.663745457444113991e-16 1.917452429578293088e-18
1.550062792968750000e+04 3.459598870452802863e-16 3.133467693830500726e-18
1.550757324218750000e+04 3.425226008755427338e-16 3.337451260066689904e-18
1.551451757812500000e+04 3.511495520339889776e-16 3.103220180371274163e-18
1.552146289062500000e+04 3.397585470801947399e-16 1.526215231789952855e-18
1.552840722656250000e+04 3.034295157306946119e-16 2.024069186296324793e-18
1.553535253906250000e+04 3.093607315949448416e-16 1.593656714697473170e-18
1.554229785156250000e+04 3.222760782164415996e-16 2.017620486240861389e-18
1.554924218750000000e+04 2.554150295991109701e-16 1.348059449602542845e-18
1.555618750000000000e+04 3.221300709121586395e-16 1.806908632902165884e-18
1.556313183593750000e+04 3.562397171211748904e-16 1.842644903315988062e-18
1.557007714843750000e+04 2.889268823056024985e-16 1.628766292399709860e-18
1.557702148437500000e+04 3.555747962575802647e-16 1.533598749335177750e-18
1.558396679687500000e+04 3.013252211919189129e-16 1.707426412364980612e-18
1.559091113281250000e+04 3.267315773981176261e-16 1.812291510738354712e-18
1.559785644531250000e+04 3.366737589654129848e-16 1.983838016433889462e-18
1.560480175781250000e+04 3.115400944286709529e-16 1.986153501763578525e-18
1.561174609375000000e+04 3.850675570386889431e-16 2.228512871748246592e-18
1.561869140625000000e+04 3.140816432566870828e-16 1.802523128089562870e-18
1.562563574218750000e+04 2.679730077262052184e-16 1.735775029330515131e-18
1.563258105468750000e+04 3.479147067386452030e-16 1.763405136536470776e-18
1.563952539062500000e+04 3.665453552321811491e-16 2.775151664036311580e-18
1.564647070312500000e+04 3.001057319758891357e-16 1.683369415212524339e-18
1.565341601562500000e+04 3.345993488078076016e-16 3.040017170922475563e-18
1.566036035156250000e+04 3.482670989144825936e-16 3.100767796650207574e-18
1.566730566406250000e+04 2.810676606347238711e-16 1.667506882798324635e-18
1.567425000000000000e+04 3.534790779273955155e-16 3.439207296710206880e-18
1.568119531250000000e+04 3.428370089176516894e-16 2.265762675887887672e-18
1.568813964843750000e+04 3.687047598520875810e-16 2.911344677146483066e-18
1.569508496093750000e+04 3.405648430366420287e-16 3.314932922251158831e-18
1.570202929687500000e+04 3.446631590123727575e-16 3.141655747919010009e-18
1.570897460937500000e+04 3.485922536871098381e-16 2.857541954973890211e-18
1.571591992187500000e+04 3.458598312783858720e-16 3.436897808439958826e-18
1.572286425781250000e+04 3.654311098598477187e-16 5.955836068002257956e-18
1.572980957031250000e+04 2.915367761045502097e-16 1.892410777304169004e-18
1.573675390625000000e+04 3.433447522299714390e-16 1.978853426062644917e-18
1.574369921875000000e+04 3.425232890898123779e-16 2.081332418561533239e-18
1.575064355468750000e+04 2.709300526846291843e-16 1.857553179496031280e-18
1.575758886718750000e+04 3.507734958751876700e-16 3.730256999091583815e-18
1.576453320312500000e+04 3.682330948493649442e-16 4.433300549167247244e-18
1.577147851562500000e+04 3.785205746915644388e-16 3.072204836508445252e-18
1.577842382812500000e+04 3.213556710401313955e-16 1.689272176063702745e-18
1.578536816406250000e+04 2.994386141205875691e-16 1.683204496077896579e-18
1.579231347656250000e+04 3.531515938141633216e-16 3.237397354328653920e-18
1.579925781250000000e+04 3.091171566830500268e-16 1.763988919253780075e-18
1.580620312500000000e+04 3.484306821524210803e-16 1.677509667753198691e-18
1.581314746093750000e+04 3.782320540939059427e-16 1.962395220209830464e-18
1.582009277343750000e+04 3.560226649284409760e-16 4.020800053347772020e-18
1.582703710937500000e+04 3.817527994787276455e-16 2.920976781789356797e-18
1.583398242187500000e+04 2.619317040485915314e-16 1.756732477330158640e-18
1.584092773437500000e+04 3.774058263934185762e-16 1.642906221188267884e-18
1.584787207031250000e+04 2.659384875264595924e-16 1.758166601717172452e-18
1.585481738281250000e+04 4.021149421351289917e-16 6.081437240163841060e-18
1.586176171875000000e+04 4.603149729876659935e-16 6.678925926632837734e-18
1.586870703125000000e+04 2.728617377906222179e-16 1.682156665036945031e-18
1.587565136718750000e+04 3.544261401717646283e-16 3.522814163533697875e-18
1.588259667968750000e+04 3.504306857595660936e-16 3.378839242015780643e-18
1.588954101562500000e+04 3.433939330804713919e-16 3.334322035809401800e-18
1.589648632812500000e+04 3.585048155710308980e-16 3.409818396726810359e-18
1.590343164062500000e+04 2.852675940943455142e-16 1.729012621027740991e-18
1.591037597656250000e+04 2.908755874798794232e-16 1.712599289723157540e-18
1.591732128906250000e+04 2.919230495982777724e-16 1.708368467685101941e-18
1.592426562500000000e+04 2.919777626327144798e-16 1.731533764137226051e-18
1.593121093750000000e+04 3.021174087558384973e-16 1.713160118178468492e-18
1.593815527343750000e+04 2.983109221002164767e-16 1.779749191464752912e-18
1.594510058593750000e+04 3.222654638348213191e-16 1.797175198634254407e-18
1.595204492187500000e+04 2.393764872126303948e-16 1.773078393414819020e-18
1.595899023437500000e+04 2.840683807294906368e-16 1.469497008150840285e-18
1.596593554687500000e+04 1.709610669626391200e-16 1.782089285417665427e-18
1.597287988281250000e+04 2.532547514764776821e-16 1.793334392255017562e-18
1.597982519531250000e+04 3.376024247129589184e-16 1.707820977517168406e-18
1.598676953125000000e+04 2.802609411618029551e-16 1.859970201245911227e-18
1.599371484375000000e+04 3.650008965319813392e-16 3.123585780642635981e-18
1.600065917968750000e+04 2.922930177077706897e-16 1.941019839205694537e-18
1.600760449218750000e+04 3.623014025290818840e-16 3.680331686040333276e-18
1.601454980468750000e+04 3.617419637372000204e-16 4.754455489942491621e-18
1.602149414062500000e+04 3.463904444802814878e-16 4.043574403562888255e-18
1.602843945312500000e+04 3.064566261957242695e-16 3.413422422655703901e-18
1.603538378906250000e+04 3.427537614608043527e-16 1.720957329427546470e-18
1.604232910156250000e+04 3.441036143413724871e-16 3.789987297533731667e-18
1.604927343750000000e+04 3.526739201714710996e-16 3.343237595246651471e-18
1.605621875000000000e+04 3.502146658882366453e-16 2.000265616604039453e-18
1.606316308593750000e+04 3.099963239427407872e-16 1.826190833366236374e-18
1.607010839843750000e+04 3.848844655731840057e-16 3.346181117456421419e-18
1.607705371093750000e+04 3.839390973947094015e-16 3.548121340784451481e-18
1.608399804687500000e+04 2.654883424545531351e-16 1.987470166503609807e-18
1.609094335937500000e+04 3.695354344755480327e-16 2.848922526195934524e-18
1.609788769531250000e+04 3.332336934688172542e-16 1.739160886372847811e-18
1.610483300781250000e+04 3.440287578046588883e-16 3.969940026204336561e-18
1.611177734375000000e+04 3.548297778409109041e-16 4.363302457781478659e-18
1.611872265625000000e+04 3.713714048585013304e-16 1.672269788765404968e-18
1.612566699218750000e+04 4.098079865296681661e-16 3.502883246674232673e-18
1.613261230468750000e+04 3.759174571561947620e-16 1.601983321538585084e-18
1.613955761718750000e+04 3.532335707215897768e-16 1.498405833186226341e-18
1.614650195312500000e+04 3.751162433974309990e-16 3.211405685121012685e-18
1.615344726562500000e+04 3.783897875105524545e-16 3.230505699055168370e-18
1.616039160156250000e+04 3.745835655527264508e-16 1.676066547777023365e-18
1.616733691406250000e+04 3.040860721439351015e-16 1.857580062865939253e-18
1.617428125000000000e+04 3.481537288484485258e-16 2.083143116922411817e-18
1.618122656250000000e+04 3.161383186619593291e-16 1.853539492368770851e-18
1.618817089843750000e+04 3.500742966470088468e-16 1.769554190415036845e-18
1.619511621093750000e+04 3.683795521399011331e-16 3.422835324436251079e-18
1.620206152343750000e+04 2.963141742759624721e-16 1.907800679395871223e-18
1.620900585937500000e+04 3.646016793160285468e-16 4.033042326413556830e-18
1.621595117187500000e+04 3.665771189677031854e-16 1.540961897557818525e-18
1.622289550781250000e+04 3.700575773479711054e-16 3.773076830681003845e-18
1.622984082031250000e+04 3.570145405096757617e-16 3.148504183005489663e-18
1.623678515625000000e+04 3.787315123652103613e-16 1.768961101915836325e-18
1.624373046875000000e+04 3.556396736873840237e-16 3.184353363572925329e-18
1.625067480468750000e+04 3.291231484549105414e-16 1.775893495834490111e-18
1.625762011718750000e+04 3.253444815376499042e-16 1.837232040182594187e-18
1.626456542968750000e+04 3.679970902944362148e-16 3.103628600798722220e-18
1.627150976562500000e+04 3.670000266363994965e-16 4.007535385044871669e-18
1.627845507812500000e+04 3.669033854710737012e-16 3.254037539916230040e-18
1.628539941406250000e+04 3.731242601335052998e-16 3.124847231076779348e-18
1.629234472656250000e+04 2.822934231885192505e-16 1.935513711458235309e-18
1.629928906250000000e+04 3.782576239010011819e-16 3.192098255648259328e-18
1.630623437500000000e+04 3.425151628674746570e-16 2.220223901625005840e-18
1.631317871093750000e+04 3.433662721607876186e-16 2.924053686872900922e-18
1.632012402343750000e+04 3.770343495064883621e-16 3.047219018925668498e-18
1.632706933593750000e+04 3.762695581644565340e-16 3.274034631224699484e-18
1.633401367187500000e+04 2.519616233335959842e-16 1.492881197272561239e-18
1.634095898437500000e+04 3.600843996687621597e-16 4.314378033271417285e-18
1.634790332031250000e+04 3.607277741317610042e-16 4.305200877965447719e-18
1.635484863281250000e+04 2.986405237958168063e-16 1.962110256488805946e-18
1.636179296875000000e+04 3.562987182599070728e-16 3.054076346203733098e-18
1.636873828125000000e+04 2.811804748353863032e-16 1.983802240872396544e-18
1.637568359375000000e+04 2.303769739062902673e-16 1.981744629098670887e-18
1.638262792968750000e+04 3.737423294872049221e-16 4.835639544751814799e-18
1.638957226562500000e+04 3.088193187229717335e-16 1.938083968416590704e-18
1.639651757812500000e+04 3.787391621315152517e-16 3.364408249049180523e-18
1.640346289062500000e+04 3.637118182653787009e-16 3.499983151446621758e-18
1.641040820312500000e+04 2.465824082531595414e-16 1.922019914125657768e-18
1.641735156250000000e+04 2.991843718875132705e-16 1.911280007847422395e-18
1.642429687500000000e+04 3.695719363016187727e-16 2.904548561233747391e-18
1.643124218750000000e+04 1.814011847889117996e-16 1.930111188082498347e-18
1.643818750000000000e+04 3.529460824453357470e-16 2.283017870260896968e-18
1.644513281250000000e+04 3.996748519723261660e-16 3.082344830047426542e-18
1.645207617187500000e+04 4.032813594430573667e-16 3.094252715350586790e-18
1.645902148437500000e+04 4.066321423730565737e-16 3.118709344136482744e-18
