9.358875976562500000e+03 6.686228210906006858e-15 2.994490101265261355e-17
9.365822265625000000e+03 6.687698660102440323e-15 2.968589752797245974e-17
9.372768554687500000e+03 6.484162995624336359e-15 2.845581047393465313e-17
9.379714843750000000e+03 6.364674175337540346e-15 2.716308599519188106e-17
9.386661132812500000e+03 6.400757778890573541e-15 2.661880776957688927e-17
9.393607421875000000e+03 6.586804330590244339e-15 2.655863534309733183e-17
9.400553710937500000e+03 6.648611054201969753e-15 2.684105300219641164e-17
9.407500000000000000e+03 6.783481569294430233e-15 2.742842899208664128e-17
9.414446289062500000e+03 6.673519328565403336e-15 2.798003272920640268e-17
9.421392578125000000e+03 6.621852859881732778e-15 2.840434329622160375e-17
9.428338867187500000e+03 6.568601592553749424e-15 2.806370701124981674e-17
9.435285156250000000e+03 6.467955020178625322e-15 2.777582168830176142e-17
9.442231445312500000e+03 6.373091988767353583e-15 2.745283743760185602e-17
9.449177734375000000e+03 6.314544224420189089e-15 2.705060597549692036e-17
9.456124023437500000e+03 6.251271286776766481e-15 2.672100924298026606e-17
9.463070312500000000e+03 6.212710535369488085e-15 2.645733715092286295e-17
9.470016601562500000e+03 6.032998096049384945e-15 2.571925547087037210e-17
9.476962890625000000e+03 6.103462766931470190e-15 2.582304016796617538e-17
9.483909179687500000e+03 6.071628727674811821e-15 2.601224946128155493e-17
9.490855468750000000e+03 5.959747533803780306e-15 2.566124198578957806e-17
9.497801757812500000e+03 5.756701454369189327e-15 2.487948847811673756e-17
9.504748046875000000e+03 5.942103837512473230e-15 2.528628266848051572e-17
9.511694335937500000e+03 5.946590571034079259e-15 2.522725175124628145e-17
9.518640625000000000e+03 5.762908935323142467e-15 2.486295810075547785e-17
9.525586914062500000e+03 5.694862967021941877e-15 2.498455861388444824e-17
9.532533203125000000e+03 5.923112935318558189e-15 2.520366221453749421e-17
9.539479492187500000e+03 5.859379211751829242e-15 2.506368009383637044e-17
9.546425781250000000e+03 5.852106586866703819e-15 2.509257516699407280e-17
9.553372070312500000e+03 5.747146499207687192e-15 2.507629459817780411e-17
9.560318359375000000e+03 5.537238605867389127e-15 2.380915977886497250e-17
9.567264648437500000e+03 5.447492500490480616e-15 2.375897638546260542e-17
9.574210937500000000e+03 5.489678976428481044e-15 2.346938541609146575e-17
9.581157226562500000e+03 5.427390714586241560e-15 2.355398117733726389e-17
9.588102539062500000e+03 5.335700668595384430e-15 2.299942109670823797e-17
9.595048828125000000e+03 5.260360052552429805e-15 2.271695049804995476e-17
9.601995117187500000e+03 5.325265222685211450e-15 2.253568875605998470e-17
9.608941406250000000e+03 5.245075766535699582e-15 2.216161617636757921e-17
9.615887695312500000e+03 5.191121885377968787e-15 2.197571395114118666e-17
9.622833984375000000e+03 5.115532665164995024e-15 2.197798373474203217e-17
9.629780273437500000e+03 5.116745192828989555e-15 2.159245304920454214e-17
9.636726562500000000e+03 5.069604421182498724e-15 2.154048294567906052e-17
9.643672851562500000e+03 5.119385818042054836e-15 2.158056811816338024e-17
9.650619140625000000e+03 4.946691046689953575e-15 2.077907973543624960e-17
9.657565429687500000e+03 4.933200776455507960e-15 2.054074253118012063e-17
9.664511718750000000e+03 4.878752651573054280e-15 2.041317639147341781e-17
9.671458007812500000e+03 4.871939542061814316e-15 1.991619139020053283e-17
9.678404296875000000e+03 4.827810396059286149e-15 2.011834771446359237e-17
9.685350585937500000e+03 4.822336022121181606e-15 1.986889982021965113e-17
9.692296875000000000e+03 4.813822917484802261e-15 1.969831697993774066e-17
9.699243164062500000e+03 4.732138871699860180e-15 1.921029861650493049e-17
9.706189453125000000e+03 4.679475445237271311e-15 1.933472808732883224e-17
9.713135742187500000e+03 4.685430510372942670e-15 1.905232200875832816e-17
9.720082031250000000e+03 4.723900205738391228e-15 1.916806939187287333e-17
9.727028320312500000e+03 4.705425993642301311e-15 1.964930818300519887e-17
9.733974609375000000e+03 4.650929164365380508e-15 1.956229540000952079e-17
9.740920898437500000e+03 4.616903850874175264e-15 1.920403520490667897e-17
9.747867187500000000e+03 4.635802849993313213e-15 1.888270862415432984e-17
9.754813476562500000e+03 4.553909163553925693e-15 1.950215771511569057e-17
9.761759765625000000e+03 4.440751067514908321e-15 1.983758276222839350e-17
9.768706054687500000e+03 4.460640248149386547e-15 2.011036211283000544e-17
9.775652343750000000e+03 4.469244408827595730e-15 1.868098574253224809e-17
9.782598632812500000e+03 4.453438350515356858e-15 1.872434158715860248e-17
9.789544921875000000e+03 4.403208449710229594e-15 1.863910724247991340e-17
9.796491210937500000e+03 4.353796782732149984e-15 1.798339124474177773e-17
9.803437500000000000e+03 4.270303051055399091e-15 1.741865022513344914e-17
9.810383789062500000e+03 4.312188406780650615e-15 1.771095434691376274e-17
9.817330078125000000e+03 4.306032171320006360e-15 1.738052381633965499e-17
9.824276367187500000e+03 4.267666661007070081e-15 1.754112754971172574e-17
9.831222656250000000e+03 4.176761391041844060e-15 1.969486598242216942e-17
9.838168945312500000e+03 4.246188446563542787e-15 1.730158266176126935e-17
9.845115234375000000e+03 4.170018161748752575e-15 1.713357566190684900e-17
9.852061523437500000e+03 4.154464942771269112e-15 1.687353158401610348e-17
9.859007812500000000e+03 4.138804150609484353e-15 1.680858632540211506e-17
9.865954101562500000e+03 4.102275007726195397e-15 1.667061756231194537e-17
9.872900390625000000e+03 4.123355116684513169e-15 1.670617640248437492e-17
9.879846679687500000e+03 4.100872744682015902e-15 1.679961968756204024e-17
9.886792968750000000e+03 4.008288655415331858e-15 1.656381034725787333e-17
9.893739257812500000e+03 3.952874489456534648e-15 1.621880489429058123e-17
9.900685546875000000e+03 3.957800833077765659e-15 1.613522821955944842e-17
9.907631835937500000e+03 3.954535521066100331e-15 1.660927053936256262e-17
9.914578125000000000e+03 3.995662782303559257e-15 1.671966110083021438e-17
9.921524414062500000e+03 3.943143351442003619e-15 1.615355192448872309e-17
9.928470703125000000e+03 3.934894521085167615e-15 1.678879851078862154e-17
9.935416992187500000e+03 3.906373651201694441e-15 1.620073265226752268e-17
9.942363281250000000e+03 3.871484787620763438e-15 1.617309158491845070e-17
9.949309570312500000e+03 3.864644573055211335e-15 1.589715405873811131e-17
9.956255859375000000e+03 3.840981437124241574e-15 1.610262903161873360e-17
9.963202148437500000e+03 3.870405667645961459e-15 1.593458398145613581e-17
9.970148437500000000e+03 3.784459352070435739e-15 1.570461784499904348e-17
9.977094726562500000e+03 3.752409742928701150e-15 1.569920146634804626e-17
9.984041015625000000e+03 3.768474146289852583e-15 1.586001861231815568e-17
9.990987304687500000e+03 3.759593005837891244e-15 1.578860480131400259e-17
9.997933593750000000e+03 3.744348106853208347e-15 1.562334073237080809e-17
1.000487988281250000e+04 3.741831571966915820e-15 1.584843808374241330e-17
1.001182617187500000e+04 3.704961074805883381e-15 1.551155223566794172e-17
1.001877246093750000e+04 3.707149807941588493e-15 1.549631887750716516e-17
1.002571875000000000e+04 3.717608970774284594e-15 1.548724139746500823e-17
1.003266503906250000e+04 3.751000280104469994e-15 1.569855295674780468e-17
1.003961132812500000e+04 3.746307294060207543e-15 1.578066552179471863e-17
1.004655761718750000e+04 3.755459061538816631e-15 1.566451116581879738e-17
1.005350390625000000e+04 3.615431386346998344e-15 1.542295788334106224e-17
1.006044921875000000e+04 3.517642703135910251e-15 1.509983797502069815e-17
1.006739550781250000e+04 3.520835805588822150e-15 1.478753924347375276e-17
1.007434179687500000e+04 3.484905514999241984e-15 1.491639578493603830e-17
1.008128808593750000e+04 3.543885266149506170e-15 1.500743362879239942e-17
1.008823437500000000e+04 3.498395361717213971e-15 1.476420447839363185e-17
1.009518066406250000e+04 3.457895540135433668e-15 1.489166143025947767e-17
1.010212695312500000e+04 3.468913956471554420e-15 1.483807170709461722e-17
1.010907324218750000e+04 3.516374059539160123e-15 1.480510028787825354e-17
1.011601953125000000e+04 3.518250661033802025e-15 1.474284998369996289e-17
1.012296582031250000e+04 3.441038949210362650e-15 1.457407536023709333e-17
1.012991210937500000e+04 3.420860506824397081e-15 1.445839746029400262e-17
1.013685839843750000e+04 3.459886914594428528e-15 1.452997670742066632e-17
1.014380468750000000e+04 3.466860325090936369e-15 1.471738605572313048e-17
1.015075097656250000e+04 3.373513906171723455e-15 1.450383449134154043e-17
1.015769726562500000e+04 3.355596829996690053e-15 1.423182441870960281e-17
1.016464355468750000e+04 3.350308379790507829e-15 1.414651397341455886e-17
1.017158984375000000e+04 3.323698204477803543e-15 1.399720125540383694e-17
1.017853613281250000e+04 3.316283066299302584e-15 1.401999008127967285e-17
1.018548242187500000e+04 3.310475808412927101e-15 1.398666959184481179e-17
1.019242871093750000e+04 3.294199858573198907e-15 1.414104630956558334e-17
1.019937500000000000e+04 3.286683923473974686e-15 1.399790105020205680e-17
1.020632128906250000e+04 3.318660264265771778e-15 1.401556631936373926e-17
1.021326757812500000e+04 3.239211961945107424e-15 1.381963866511320402e-17
1.022021386718750000e+04 3.239655807209468677e-15 1.385397575952089275e-17
1.022716015625000000e+04 3.314464274803310788e-15 1.400223547661183466e-17
1.023410644531250000e+04 3.247634857572604186e-15 1.385434468207409140e-17
1.024105273437500000e+04 3.233631497130359279e-15 1.377077876069092178e-17
1.024799902343750000e+04 3.263756435657695285e-15 1.383519710525471391e-17
1.025494531250000000e+04 3.233182357910077687e-15 1.378711805933068173e-17
1.026189160156250000e+04 3.183719021922215564e-15 1.363568941331304917e-17
1.026883789062500000e+04 3.194211854314565023e-15 1.380437056536670023e-17
1.027578417968750000e+04 3.180256562992076798e-15 1.361460457949907249e-17
1.028273046875000000e+04 3.197211833255502941e-15 1.363280172579462655e-17
1.028967675781250000e+04 3.192853636983642752e-15 1.370581530410345720e-17
1.029662304687500000e+04 3.177680100524766030e-15 1.351014738456526361e-17
1.030356933593750000e+04 3.142502398708821310e-15 1.344242528063493468e-17
1.031051562500000000e+04 3.134637062518854690e-15 1.341951403202844092e-17
1.031746191406250000e+04 3.177745957336415052e-15 1.350175811879275080e-17
1.032440820312500000e+04 3.130404438881424951e-15 1.337980357236160772e-17
1.033135449218750000e+04 3.091135356172005147e-15 1.326723338997987873e-17
1.033830078125000000e+04 3.095041236850031539e-15 1.328922564092582608e-17
1.034524707031250000e+04 3.082448609781438670e-15 1.319665420421379165e-17
1.035219335937500000e+04 3.036585375577644137e-15 1.325981440706589063e-17
1.035913964843750000e+04 3.089600955988053982e-15 1.369011707043842584e-17
1.036608593750000000e+04 3.059017984394490214e-15 1.353617296817801951e-17
1.037303222656250000e+04 3.023411048632524377e-15 1.307066053485155213e-17
1.037997851562500000e+04 3.063331499678382738e-15 1.311963624455959179e-17
1.038692480468750000e+04 3.036882472383893583e-15 1.303938483589092215e-17
1.039387109375000000e+04 2.991607926078440789e-15 1.295566092301075490e-17
1.040081738281250000e+04 3.002335598355416503e-15 1.299098815261166961e-17
1.040776367187500000e+04 2.980231426563868281e-15 1.313760260746424355e-17
1.041470996093750000e+04 2.997368173636243659e-15 1.293444870338244506e-17
1.042165625000000000e+04 2.983939313290473981e-15 1.310171206786618024e-17
1.042860253906250000e+04 2.979717277564884921e-15 1.289746628537581175e-17
1.043554882812500000e+04 2.967706350372818942e-15 1.313287527026350300e-17
1.044249511718750000e+04 2.993511844385631643e-15 1.298109176376308519e-17
1.044944140625000000e+04 2.972261270046678942e-15 1.317693835431359023e-17
1.045638769531250000e+04 2.948840597296860724e-15 1.304639519158230906e-17
1.046333398437500000e+04 2.953642003558371726e-15 1.299832359028378986e-17
1.047028027343750000e+04 2.901311884560527424e-15 1.265422472726785588e-17
1.047722656250000000e+04 2.907531859250452565e-15 1.283606549568661306e-17
1.048417285156250000e+04 2.899734920970976730e-15 1.281456293566329710e-17
1.049111914062500000e+04 2.889010001551079593e-15 1.281522385297272697e-17
1.049806542968750000e+04 2.881895560068853911e-15 1.276466822829471103e-17
1.050501171875000000e+04 2.910211871495565171e-15 1.285950779424636586e-17
1.051195800781250000e+04 2.910718608956260056e-15 1.283771902973110656e-17
1.051890429687500000e+04 2.881450867771545403e-15 1.280964121101860659e-17
1.052585058593750000e+04 2.885179930321832460e-15 1.278557439109637625e-17
1.053279687500000000e+04 2.905338043917063927e-15 1.282853649775115540e-17
1.053974218750000000e+04 2.853280457769998696e-15 1.268921198563701129e-17
1.054668847656250000e+04 2.870049169026792080e-15 1.266890470159883446e-17
1.055363476562500000e+04 2.871009916147215270e-15 1.268999367131587390e-17
1.056058105468750000e+04 2.839274344470675213e-15 1.306020249036704420e-17
1.056752734375000000e+04 2.868710645211893472e-15 1.270670685559250782e-17
1.057447363281250000e+04 2.945227366502110693e-15 1.453467343893874241e-17
1.058141992187500000e+04 2.894767708010040699e-15 1.431622661969206354e-17
1.058836621093750000e+04 2.900872062702665628e-15 1.274187857523826256e-17
1.059531250000000000e+04 2.857531927890504843e-15 1.260451034527280636e-17
1.060225878906250000e+04 2.851392844847042488e-15 1.263879780884374191e-17
1.060920507812500000e+04 2.858583519294521057e-15 1.260958096242775642e-17
1.061615136718750000e+04 2.824325907017531320e-15 1.249791406127493534e-17
1.062309765625000000e+04 2.873155450602610413e-15 1.258668543025290117e-17
1.063004394531250000e+04 2.846801926272924180e-15 1.248567592411221330e-17
1.063699023437500000e+04 2.857824154257307576e-15 1.249344894032837410e-17
1.064393652343750000e+04 2.845165035102355244e-15 1.245706622826584173e-17
1.065088281250000000e+04 2.835386675001014788e-15 1.241082931356596514e-17
1.065782910156250000e+04 2.859743530915785821e-15 1.246692539398686127e-17
1.066477539062500000e+04 2.850218433665674400e-15 1.239388451871781637e-17
1.067172167968750000e+04 2.925195460816020117e-15 1.264937993042013279e-17
1.067866796875000000e+04 2.965716458221481777e-15 1.276498503846931884e-17
1.068561425781250000e+04 2.945730504072779747e-15 1.303491061595762283e-17
1.069256054687500000e+04 2.928389410301879270e-15 1.261819687568810876e-17
1.069950683593750000e+04 2.914548468427270375e-15 1.243190256685136608e-17
1.070645312500000000e+04 2.860327136616444034e-15 1.228561236679891292e-17
1.071339941406250000e+04 2.871736035141249019e-15 1.231773261716495954e-17
1.072034570312500000e+04 2.903854465709948020e-15 1.241496769817056794e-17
1.072729199218750000e+04 2.896651085768260636e-15 1.240952733128180668e-17
1.073423828125000000e+04 2.883185803005759024e-15 1.234389303121756159e-17
1.074118457031250000e+04 2.830152223145220025e-15 1.219157433886082197e-17
1.074813085937500000e+04 2.879549067046722685e-15 1.227215331105206261e-17
1.075507714843750000e+04 2.840452990816779572e-15 1.208467365239753144e-17
1.076202343750000000e+04 2.850548776515103577e-15 1.211686255875441996e-17
1.076896972656250000e+04 2.812977994864928645e-15 1.202798448347743479e-17
1.077591601562500000e+04 2.863249400284471370e-15 1.219252228784280774e-17
1.078286230468750000e+04 2.876050609216325611e-15 1.222055626598284240e-17
1.078980859375000000e+04 2.895992729410007231e-15 1.227558362905232001e-17
1.079675488281250000e+04 2.886102560959629207e-15 1.227496407077351779e-17
1.080370117187500000e+04 2.843320409101472192e-15 1.212620390941198130e-17
1.081064746093750000e+04 2.867153163380129627e-15 1.213831962384404549e-17
1.081759375000000000e+04 2.861277507583263359e-15 1.214961891101151985e-17
1.082454003906250000e+04 2.835278254783766237e-15 1.198996643534388509e-17
1.083148632812500000e+04 2.881415715904234350e-15 1.221297432848818135e-17
1.083843261718750000e+04 2.886666049627790130e-15 1.213698455433538491e-17
1.084537890625000000e+04 2.814007563412316247e-15 1.193508879196527957e-17
1.085232519531250000e+04 2.850696795522636266e-15 1.213024882260736560e-17
1.085927148437500000e+04 2.883046889602409318e-15 1.225504308008140323e-17
1.086621777343750000e+04 2.851613285171565419e-15 1.208954574620546877e-17
1.087316406250000000e+04 2.803362900364171455e-15 1.188836963096828457e-17
1.088011035156250000e+04 2.814304660218565693e-15 1.187861303564322161e-17
1.088705664062500000e+04 2.794114571129575376e-15 1.182355672125230464e-17
1.089400292968750000e+04 2.782888843479614134e-15 1.185925618212886821e-17
1.090094921875000000e+04 2.824545076792633370e-15 1.197407464141551632e-17
1.090789550781250000e+04 2.854222781923819105e-15 1.209023644201695055e-17
1.091484179687500000e+04 2.864599994318868352e-15 1.214149186149318636e-17
1.092178808593750000e+04 2.913939663496431347e-15 1.236131841800160367e-17
1.092873437500000000e+04 2.898134663975376543e-15 1.223592197304162744e-17
1.093568066406250000e+04 2.851492371218344868e-15 1.208219376492109746e-17
1.094262695312500000e+04 2.796069099655364674e-15 1.194421011257990181e-17
1.094957324218750000e+04 2.771977153294847424e-15 1.178849584380863201e-17
1.095651953125000000e+04 2.756318690473667614e-15 1.178008755288203048e-17
1.096346582031250000e+04 2.786640564161240244e-15 1.184590714140348745e-17
1.097041210937500000e+04 2.839042469201364348e-15 1.197005371645789605e-17
1.097735839843750000e+04 2.818217952434880560e-15 1.194921538246646018e-17
1.098430468750000000e+04 2.801553426230599456e-15 1.194815493692116720e-17
1.099125097656250000e+04 2.753156292965093684e-15 1.181594748679742934e-17
1.099819726562500000e+04 2.767349600545760367e-15 1.183487999665754303e-17
1.100514355468750000e+04 2.830745781483008476e-15 1.205802685614474820e-17
1.101208886718750000e+04 2.799771057151339594e-15 1.194552284821202346e-17
1.101903515625000000e+04 2.778733935115094977e-15 1.189290588944752537e-17
1.102598144531250000e+04 2.744020830870719241e-15 1.181952835166917139e-17
1.103292773437500000e+04 2.748881529438538043e-15 1.181964829285799158e-17
1.103987402343750000e+04 2.783028603915911094e-15 1.190849989835537505e-17
1.104682031250000000e+04 2.748765062408290577e-15 1.181097116823231032e-17
1.105376660156250000e+04 2.737951416287168552e-15 1.182143831170355633e-17
1.106071289062500000e+04 2.740601358862653630e-15 1.183593382475793559e-17
1.106765917968750000e+04 2.770936361560908702e-15 1.190548813374506948e-17
1.107460546875000000e+04 2.783846414226485121e-15 1.199030392503380672e-17
1.108155175781250000e+04 2.751608763770460077e-15 1.191884131037351300e-17
1.108849804687500000e+04 2.762163641326195913e-15 1.200022678366199284e-17
1.109544433593750000e+04 2.748368650988975564e-15 1.207943098167517035e-17
1.110239062500000000e+04 2.762801245377241588e-15 1.220365613888777149e-17
1.110933691406250000e+04 2.767413763291514880e-15 1.230670795396085278e-17
1.111628320312500000e+04 2.797770365329924937e-15 1.255189504086953338e-17
1.112322949218750000e+04 2.792632686988353978e-15 1.266493506183919248e-17
1.113017578125000000e+04 2.804497077480544963e-15 1.283782077294645058e-17
1.113712207031250000e+04 2.766976906048968475e-15 1.292035271856392892e-17
1.114406835937500000e+04 2.874274381125933343e-15 1.357336714442146640e-17
1.115101464843750000e+04 2.921990711660083472e-15 1.427809855653704429e-17
1.115796093750000000e+04 2.899143268457319601e-15 1.449867453868043465e-17
1.116490722656250000e+04 2.769640189393372809e-15 1.409400785685214287e-17
1.117185351562500000e+04 2.770544397064566775e-15 1.402067664118809186e-17
1.117879980468750000e+04 2.833638822514355539e-15 1.418045981139251001e-17
1.118574609375000000e+04 2.854611358288372015e-15 1.436691459326808797e-17
1.119269238281250000e+04 2.781624223289363464e-15 1.414658180222478820e-17
1.119963867187500000e+04 2.826788867069910012e-15 1.437831479647029380e-17
1.120658496093750000e+04 2.904165115043353534e-15 1.506719246496568036e-17
1.121353125000000000e+04 2.955643754170970451e-15 1.571614874273803269e-17
1.122047753906250000e+04 2.771016406174424233e-15 1.513622730452813094e-17
1.122742382812500000e+04 2.674466932165169182e-15 1.444282661244330443e-17
1.123437011718750000e+04 2.731995715876786752e-15 1.453180973965808383e-17
1.124131640625000000e+04 2.826027596208565210e-15 1.501255387678410267e-17
1.124826269531250000e+04 2.796410030416634530e-15 1.493686850509672574e-17
1.125520898437500000e+04 2.687853017347102517e-15 1.450949736981507846e-17
1.126215527343750000e+04 2.664137577131639803e-15 1.414666452028604351e-17
1.126910156250000000e+04 2.715863338121618162e-15 1.421674657050398622e-17
1.127604785156250000e+04 2.785919527364890021e-15 1.467408149629475438e-17
1.128299414062500000e+04 2.743045472431955914e-15 1.432626032052233177e-17
1.128994042968750000e+04 2.641132162284213006e-15 1.359577712157675303e-17
1.129688671875000000e+04 2.539357977298056616e-15 1.267627736239851960e-17
1.130383300781250000e+04 2.561377657553116222e-15 1.230632662369846584e-17
1.131077929687500000e+04 2.663261956822415670e-15 1.255369829460489898e-17
1.131772558593750000e+04 2.848934966992347322e-15 1.365174250746086578e-17
1.132467187500000000e+04 3.051519625228921520e-15 1.539016348077578490e-17
1.133161816406250000e+04 3.183918498181293952e-15 1.719793031356347455e-17
1.133856445312500000e+04 2.935605919254249095e-15 1.664189785144410425e-17
1.134551074218750000e+04 2.503303808139940509e-15 1.527075003318640472e-17
1.135245703125000000e+04 2.363320178661379445e-15 1.339858388098901166e-17
1.135940332031250000e+04 2.436974775622824385e-15 1.222028412356131245e-17
1.136634960937500000e+04 2.551304953502604896e-15 1.209351042288143543e-17
1.137329589843750000e+04 2.568438735959664883e-15 1.198184765763167712e-17
1.138024218750000000e+04 2.583267530009009105e-15 1.201922712233233589e-17
1.138718847656250000e+04 2.604648547421838968e-15 1.211531490382833324e-17
1.139413476562500000e+04 2.710094831992579563e-15 1.256550712502970600e-17
1.140108105468750000e+04 2.652700091244864986e-15 1.255931898686719680e-17
1.140802734375000000e+04 2.542912974577682915e-15 1.206370627823053729e-17
1.141497363281250000e+04 2.519406116225481572e-15 1.187603057777083105e-17
1.142191992187500000e+04 2.584618547559879714e-15 1.219703952116795982e-17
1.142886621093750000e+04 2.690310895201797683e-15 1.290284047781556877e-17
1.143581250000000000e+04 2.698990865328786126e-15 1.317004793981102351e-17
1.144275878906250000e+04 2.628305965880414763e-15 1.326244401423319670e-17
1.144970507812500000e+04 2.686421743424479563e-15 1.371099428191865170e-17
1.145665136718750000e+04 2.623351670171924360e-15 1.353312977070443693e-17
1.146359765625000000e+04 2.553281504885022805e-15 1.306484628232591690e-17
1.147054394531250000e+04 2.492871115086846105e-15 1.239592269174714703e-17
1.147749023437500000e+04 2.536517240551202507e-15 1.248234486778546226e-17
1.148443554687500000e+04 2.577900305738732231e-15 1.261565577684634586e-17
1.149138183593750000e+04 2.540266843650460481e-15 1.242859053567870375e-17
1.149832812500000000e+04 2.491588071929992654e-15 1.220319209056412924e-17
1.150527441406250000e+04 2.527442764829030374e-15 1.230322635076261709e-17
1.151222070312500000e+04 2.528411558762452480e-15 1.224795000632876102e-17
1.151916699218750000e+04 2.543165813912438324e-15 1.223186051623399208e-17
1.152611328125000000e+04 2.495983961168005659e-15 1.202369389764012224e-17
1.153305957031250000e+04 2.448718887436505259e-15 1.181007615880952795e-17
1.154000585937500000e+04 2.442661119555979317e-15 1.164298732943504146e-17
1.154695214843750000e+04 2.441161659481102392e-15 1.146156346004501101e-17
1.155389843750000000e+04 2.440400388619757589e-15 1.137158688891455542e-17
1.156084472656250000e+04 2.396816520077024379e-15 1.115869872338423290e-17
1.156779101562500000e+04 2.388452281481124977e-15 1.110931604081481715e-17
1.157473730468750000e+04 2.438690440857487970e-15 1.118745565737963891e-17
1.158168359375000000e+04 2.448948433365211175e-15 1.121537217587269104e-17
1.158862988281250000e+04 2.448148198988292674e-15 1.116031834302361173e-17
1.159557617187500000e+04 2.422855583425042453e-15 1.102693133334637325e-17
1.160252246093750000e+04 2.368302638215366053e-15 1.075139581694373463e-17
1.160946875000000000e+04 2.325706198330894543e-15 1.051929803604809315e-17
1.161641503906250000e+04 2.290869850792693306e-15 1.030516744523771598e-17
1.162336132812500000e+04 2.301950947566910877e-15 1.024269545665526112e-17
1.163030761718750000e+04 2.312502436990857696e-15 1.030958955279242446e-17
1.163725390625000000e+04 2.339343428781688779e-15 1.041320798658510458e-17
1.164420019531250000e+04 2.343392458027801148e-15 1.049699476519182586e-17
1.165114648437500000e+04 2.332678550036218316e-15 1.045111353815534707e-17
1.165809277343750000e+04 2.343285520118210292e-15 1.047089308096271507e-17
1.166503906250000000e+04 2.315201930993757151e-15 1.031787542098836814e-17
1.167198535156250000e+04 2.335333786567623734e-15 1.019794250397430466e-17
1.167893164062500000e+04 2.329533940219536726e-15 1.014518327014444745e-17
1.168587792968750000e+04 2.337053475208786778e-15 1.030442711858948102e-17
1.169282421875000000e+04 2.299479728943296455e-15 1.018045342428309600e-17
1.169977050781250000e+04 2.263917050652824656e-15 1.002796846862323321e-17
1.170671679687500000e+04 2.274236876565697424e-15 1.005743346922298461e-17
1.171366308593750000e+04 2.294005355005191912e-15 1.014719414621356386e-17
1.172060937500000000e+04 2.295805088259870487e-15 1.020821443282098816e-17
1.172755566406250000e+04 2.313860654321779967e-15 1.026592516979758779e-17
1.173450195312500000e+04 2.370136252787934800e-15 1.044297821683088805e-17
1.174144824218750000e+04 2.310156791001673725e-15 1.029399058080089947e-17
1.174839453125000000e+04 2.309103505531763002e-15 1.020700592194604818e-17
1.175534082031250000e+04 2.311940430630354468e-15 1.002724385840663676e-17
1.176228710937500000e+04 2.319512269904097472e-15 1.005158861101468492e-17
1.176923339843750000e+04 2.292447237898717627e-15 1.010579210219405972e-17
1.177617968750000000e+04 2.284051447325533002e-15 1.005573361306418814e-17
1.178312597656250000e+04 2.291056833315799693e-15 9.905486180961281301e-18
1.179007226562500000e+04 2.279921949949431474e-15 1.001062414553922133e-17
1.179701855468750000e+04 2.336205806986822037e-15 1.022913879359612954e-17
1.180396484375000000e+04 2.346826117837733268e-15 1.020040088475481226e-17
1.181091113281250000e+04 2.328640532218420253e-15 1.044266885128179321e-17
1.181785742187500000e+04 2.354268361070546364e-15 1.039024379841940743e-17
1.182480371093750000e+04 2.330482193603987916e-15 1.027981849536602844e-17
1.183175000000000000e+04 2.338453408912361323e-15 1.011522444271900189e-17
1.183869628906250000e+04 2.270083450508835962e-15 1.002395333392990082e-17
1.184564257812500000e+04 2.283626448544248157e-15 9.969031849978829993e-18
1.185258886718750000e+04 2.329421073079315091e-15 1.009513305282070140e-17
1.185953515625000000e+04 2.314308099476167051e-15 1.012229518259510517e-17
1.186648144531250000e+04 2.327870579269366094e-15 1.009351756908438534e-17
1.187342773437500000e+04 2.336521750276147891e-15 1.012066398242715060e-17
1.188037402343750000e+04 2.296352271543796765e-15 1.012074008304350548e-17
1.188732031250000000e+04 2.310175213968276506e-15 9.953958137676276169e-18
1.189426660156250000e+04 2.296934394936797283e-15 1.001154479756099285e-17
1.190121289062500000e+04 2.293034231731164857e-15 9.982079796961241451e-18
1.190815917968750000e+04 2.281817397927149785e-15 9.787689871469442288e-18
1.191510546875000000e+04 2.261602533124452280e-15 9.860379194978152148e-18
1.192205175781250000e+04 2.311804058325846525e-15 9.852462249335407121e-18
1.192899804687500000e+04 2.319663253526945551e-15 9.876336336174912605e-18
1.193594433593750000e+04 2.304908998376959707e-15 9.834615000438962995e-18
1.194289062500000000e+04 2.293317352493784607e-15 9.832709176307640820e-18
1.194983691406250000e+04 2.281904218804243351e-15 9.798477961018358875e-18
1.195678222656250000e+04 2.263635835714336228e-15 9.754582794632619909e-18
1.196372851562500000e+04 2.271184381582029739e-15 1.001655833925367675e-17
1.197067480468750000e+04 2.299225407300883352e-15 9.982158379119433989e-18
1.197762109375000000e+04 2.306543348448686880e-15 9.991021619382939680e-18
1.198456738281250000e+04 2.310878251314497575e-15 9.885342678684389971e-18
1.199151367187500000e+04 2.264729355249241530e-15 9.927268328031640178e-18
1.199845996093750000e+04 2.265355524355499271e-15 9.875542242786861699e-18
1.200540625000000000e+04 2.278870993820125701e-15 9.901871401684424570e-18
1.201235253906250000e+04 2.307614633368726756e-15 9.917481127023912755e-18
1.201929882812500000e+04 2.320894415915779677e-15 1.018802460842979386e-17
1.202624511718750000e+04 2.336733084996487839e-15 1.029977505482448279e-17
1.203319140625000000e+04 2.310421488797690694e-15 1.007447835292525230e-17
1.204013769531250000e+04 2.239699531657876955e-15 9.781055882956767006e-18
1.204708398437500000e+04 2.220902600008883149e-15 9.629995332311720539e-18
1.205403027343750000e+04 2.230003121994183352e-15 9.625795736341788818e-18
1.206097656250000000e+04 2.247675193889223447e-15 9.836462094746793906e-18
1.206792285156250000e+04 2.238701938604248202e-15 9.674347929576201330e-18
1.207486914062500000e+04 2.220522493973802781e-15 9.609986660474675353e-18
1.208181542968750000e+04 2.258493286933318557e-15 9.855068695445561711e-18
1.208876171875000000e+04 2.271886148378829927e-15 9.728995616744517104e-18
1.209570800781250000e+04 2.224989322221148334e-15 9.631882958469566549e-18
1.210265429687500000e+04 2.246289659745752225e-15 9.692387911555370311e-18
1.210960058593750000e+04 2.268532533182413338e-15 9.748845469903952109e-18
1.211654687500000000e+04 2.252874917394180783e-15 9.634528282068511131e-18
1.212349316406250000e+04 2.296558100549979560e-15 9.735093592220258024e-18
1.213043945312500000e+04 2.255655303043543024e-15 9.783903038625174528e-18
1.213738574218750000e+04 2.256918229167899186e-15 9.643034180307393915e-18
1.214433203125000000e+04 2.247620136747651917e-15 9.581616019825331610e-18
1.215127832031250000e+04 2.264643169646858405e-15 9.606510847540727531e-18
1.215822460937500000e+04 2.259725719871573564e-15 9.626112546516396628e-18
1.216517089843750000e+04 2.276458855744582267e-15 9.676407609301458369e-18
1.217211718750000000e+04 2.308245672914431210e-15 9.752999570940193414e-18
1.217906347656250000e+04 2.308822078835037761e-15 9.756413345328199759e-18
1.218600976562500000e+04 2.285706126187994278e-15 9.690425839142394529e-18
1.219295605468750000e+04 2.279942278740165577e-15 9.647267690682440310e-18
1.219990234375000000e+04 2.294636182792659553e-15 9.888895419415305224e-18
1.220684863281250000e+04 2.311606276132662646e-15 9.808525723919040503e-18
1.221379492187500000e+04 2.306966017889366775e-15 9.708763606142082600e-18
1.222074121093750000e+04 2.286232768922949639e-15 9.632851586966866144e-18
1.222768750000000000e+04 2.288186238657554869e-15 9.606088158247712934e-18
1.223463378906250000e+04 2.330406807671682283e-15 9.688706130648896785e-18
1.224158007812500000e+04 2.305252046720597699e-15 9.762824822256098277e-18
1.224852636718750000e+04 2.309419660579325670e-15 9.774234951625654740e-18
1.225547265625000000e+04 2.322509072471483187e-15 9.667337573884814421e-18
1.226241894531250000e+04 2.326209759418037225e-15 9.647656465570340233e-18
1.226936523437500000e+04 2.322915436527928437e-15 9.634486095857270927e-18
1.227631152343750000e+04 2.343665626153290660e-15 9.631586000629660012e-18
1.228325781250000000e+04 2.329049437373707267e-15 9.577850693676990228e-18
1.229020410156250000e+04 2.299296558068452713e-15 9.514118081841004552e-18
1.229715039062500000e+04 2.307791663254702905e-15 9.502305115513134763e-18
1.230409667968750000e+04 2.322869484990539891e-15 9.550728268571989003e-18
1.231104296875000000e+04 2.336442552695579614e-15 9.551233675926258903e-18
1.231798925781250000e+04 2.343395422643116538e-15 9.577502450639105403e-18
1.232493554687500000e+04 2.307578634468468448e-15 9.457227908032057520e-18
1.233188183593750000e+04 2.324843071757642411e-15 9.537528947537480341e-18
1.233882812500000000e+04 2.351802648161089096e-15 9.591913591271004251e-18
1.234577441406250000e+04 2.350267612702427490e-15 9.560171362444894367e-18
1.235272070312500000e+04 2.372294069221065130e-15 9.587264009047843683e-18
1.235966699218750000e+04 2.365267295648880268e-15 9.605954982169091896e-18
1.236661328125000000e+04 2.366639277265195421e-15 9.560150682929580542e-18
1.237355957031250000e+04 2.412629989927551726e-15 9.663172719500609926e-18
1.238050585937500000e+04 2.366697934296792781e-15 1.042040942099799124e-17
1.238745214843750000e+04 2.373952347973552236e-15 9.571760162826762285e-18
1.239439843750000000e+04 2.391848671841377907e-15 9.581876581718285814e-18
1.240134472656250000e+04 2.416735135106419692e-15 9.655369097601784663e-18
1.240829101562500000e+04 2.412969438381163886e-15 9.670786089858547993e-18
1.241523730468750000e+04 2.439961202036606235e-15 9.713056673521232813e-18
1.242218359375000000e+04 2.413099457938567421e-15 9.644451140696697251e-18
1.242912890625000000e+04 2.443084424271369653e-15 9.715658156547712085e-18
1.243607519531250000e+04 2.429511356566329931e-15 1.000133490726025083e-17
1.244302148437500000e+04 2.432930616816158728e-15 9.674043527110781816e-18
1.244996777343750000e+04 2.460166537718647128e-15 9.745570661858854672e-18
1.245691406250000000e+04 2.427884418032891234e-15 9.645875545711513565e-18
1.246386035156250000e+04 2.412143793015827757e-15 9.593452147210352883e-18
1.247080664062500000e+04 2.451021334745379261e-15 9.718184366138449032e-18
1.247775292968750000e+04 2.472572394022370425e-15 9.773141418855859638e-18
1.248469921875000000e+04 2.457551958768709917e-15 9.746143070842741367e-18
1.249164550781250000e+04 2.457775575466785052e-15 9.726290736141468703e-18
1.249859179687500000e+04 2.478729264757725120e-15 9.769647407948435649e-18
1.250553808593750000e+04 2.469347951350410117e-15 9.768499281258212046e-18
1.251248437500000000e+04 2.476373030856700470e-15 9.760341626057214087e-18
1.251943066406250000e+04 2.487888232016385870e-15 9.799926354270939227e-18
1.252637695312500000e+04 2.455457246290150032e-15 1.096628493237582292e-17
1.253332324218750000e+04 2.458594021052069520e-15 9.748340062549682209e-18
1.254026953125000000e+04 2.477091314795972117e-15 9.808645665107860692e-18
1.254721582031250000e+04 2.463185786659135082e-15 9.760294476762298565e-18
1.255416210937500000e+04 2.491020136338858645e-15 9.857449321248489324e-18
1.256110839843750000e+04 2.506469382022066643e-15 9.919480422564453423e-18
1.256805468750000000e+04 2.495370921072430359e-15 9.921278713216143705e-18
1.257500097656250000e+04 2.477943006424436316e-15 9.867045443534716998e-18
1.258194726562500000e+04 2.499122853512293282e-15 9.993218611089880522e-18
1.258889355468750000e+04 2.503496084618967235e-15 1.004329447101261571e-17
1.259583984375000000e+04 2.520640031471394274e-15 1.013236776091416339e-17
1.260278613281250000e+04 2.549839798262091770e-15 1.026256350778817229e-17
1.260973242187500000e+04 2.534996181136170597e-15 1.031071369124488403e-17
1.261667871093750000e+04 2.546716152510854723e-15 1.038109766238640860e-17
1.262362500000000000e+04 2.535840672984583134e-15 1.038890128428523386e-17
1.263057128906250000e+04 2.610342938167992816e-15 1.073348073923706115e-17
1.263751757812500000e+04 2.522010954296525359e-15 1.046235823140239293e-17
1.264446386718750000e+04 2.488537482770456291e-15 1.033645224318508404e-17
1.265141015625000000e+04 2.470148185727328617e-15 1.025415852558402097e-17
1.265835644531250000e+04 2.518720019538205589e-15 1.040340837786818886e-17
1.266530273437500000e+04 2.551097218672290778e-15 1.069862582976591423e-17
1.267224902343750000e+04 2.582433202555963619e-15 1.101441195477538318e-17
1.267919531250000000e+04 2.513644174601784194e-15 1.101530779137877811e-17
1.268614160156250000e+04 2.425762388741782398e-15 1.056131550244333674e-17
1.269308789062500000e+04 2.374574493673310520e-15 1.014111436871129910e-17
1.270003417968750000e+04 2.433698028666371124e-15 1.034005461475275247e-17
1.270698046875000000e+04 2.364494166326273905e-15 9.821203093987028205e-18
1.271392675781250000e+04 2.360216226426166061e-15 1.078564936610955550e-17
1.272087304687500000e+04 2.344412497454532139e-15 1.046219610400233254e-17
1.272781933593750000e+04 2.320084228901730938e-15 9.534065542312720814e-18
1.273476562500000000e+04 2.299523774656553679e-15 9.511141058816426205e-18
1.274171191406250000e+04 2.315796336364492856e-15 9.481874581563687533e-18
1.274865820312500000e+04 2.294219442582610437e-15 9.541874127295221395e-18
1.275560449218750000e+04 2.177861891343576758e-15 9.035215248758528755e-18
1.276255078125000000e+04 2.154491828812356985e-15 8.979350778909147478e-18
1.276949707031250000e+04 2.165095622520796757e-15 8.940171369195573322e-18
1.277644335937500000e+04 2.181665916309695821e-15 8.950602943900479554e-18
1.278338964843750000e+04 2.143512164233573117e-15 8.910324211152822425e-18
1.279033593750000000e+04 2.131868002307668250e-15 8.858201079214018492e-18
1.279728222656250000e+04 2.161673397655652570e-15 8.964885044356820130e-18
1.280422851562500000e+04 2.173221844858517701e-15 9.069274410480399670e-18
1.281117480468750000e+04 2.121694924852907289e-15 8.877360236561971719e-18
1.281812109375000000e+04 2.065520970340422972e-15 8.594302339668775860e-18
1.282506738281250000e+04 2.062144061737956890e-15 8.540381744258894198e-18
1.283201367187500000e+04 2.027146354423303709e-15 8.452039682018843396e-18
1.283895996093750000e+04 2.050240707730192208e-15 8.576216035575303910e-18
1.284590625000000000e+04 2.000342632082151816e-15 8.367105603902511067e-18
1.285285253906250000e+04 2.057759395686495005e-15 8.623188313839740140e-18
1.285979882812500000e+04 2.050996472877379857e-15 8.635691975979091706e-18
1.286674511718750000e+04 2.039114929968006973e-15 8.639181850983452930e-18
1.287369140625000000e+04 2.024399638333594827e-15 8.605887004147581013e-18
1.288063769531250000e+04 2.042436357912427898e-15 8.671623874607782675e-18
1.288758398437500000e+04 2.017354865311280811e-15 8.547492188804400024e-18
1.289453027343750000e+04 1.997787768954996032e-15 8.531714545800563574e-18
1.290147656250000000e+04 1.968582284691904570e-15 8.445200552714254963e-18
1.290842187500000000e+04 1.984603277614509220e-15 8.448526645957330687e-18
1.291536816406250000e+04 1.967769980095487696e-15 9.017250540215102100e-18
1.292231445312500000e+04 1.977440343496053229e-15 8.509978720844507666e-18
1.292926074218750000e+04 1.948097851653743384e-15 8.460169213079014552e-18
1.293620703125000000e+04 1.945110789965251094e-15 8.410870075751466655e-18
1.294315332031250000e+04 1.939152548456027532e-15 8.413155575783950671e-18
1.295009960937500000e+04 1.946141417303822764e-15 8.457634731682152075e-18
1.295704589843750000e+04 1.919279461447547137e-15 8.429413810723680430e-18
1.296399218750000000e+04 1.910830307798685491e-15 8.421371960808439895e-18
1.297093847656250000e+04 1.895532045738325573e-15 8.341324865751070854e-18
1.297788476562500000e+04 1.895098788385804998e-15 8.311843321539068394e-18
1.298483105468750000e+04 1.876554696071566601e-15 8.331848684653663369e-18
1.299177734375000000e+04 1.912673875008384476e-15 8.394974973100647676e-18
1.299872363281250000e+04 1.868360287581591686e-15 8.333657728653316840e-18
1.300566992187500000e+04 1.851199823586693188e-15 8.257991382120028634e-18
1.301261621093750000e+04 1.862695119472118112e-15 8.269100417746615795e-18
1.301956250000000000e+04 1.847978345530048271e-15 8.258443022734482587e-18
1.302650878906250000e+04 1.823330745556132199e-15 8.248712070008408769e-18
1.303345507812500000e+04 1.827345046451407141e-15 8.245371087514307090e-18
1.304040136718750000e+04 1.813893104457824784e-15 8.207355520922595044e-18
1.304734765625000000e+04 1.796008003776550233e-15 8.179544054367337148e-18
1.305429394531250000e+04 1.806451920016195756e-15 8.238164690017745113e-18
1.306124023437500000e+04 1.783828728786217462e-15 8.191216399991072921e-18
1.306818652343750000e+04 1.786868941792149959e-15 8.207097440571478500e-18
1.307513281250000000e+04 1.776657536096525741e-15 8.203571169620164943e-18
1.308207910156250000e+04 1.786386768286925449e-15 8.223373873484684425e-18
1.308902539062500000e+04 1.778805611650762647e-15 8.236824657425409208e-18
1.309597167968750000e+04 1.778549172425981408e-15 8.240862953175893089e-18
1.310291796875000000e+04 1.766625066111008995e-15 8.169154665873671120e-18
1.310986425781250000e+04 1.746092352194854314e-15 8.108941707544098577e-18
1.311681054687500000e+04 1.729835884112912968e-15 8.119480815728636702e-18
1.312375683593750000e+04 1.755841066143040870e-15 8.250170389428339757e-18
1.313070312500000000e+04 1.746361814551199588e-15 8.277295296075178640e-18
1.313764941406250000e+04 1.737366536409595732e-15 8.215896160747205055e-18
1.314459570312500000e+04 1.730331610145293547e-15 8.143576586972306399e-18
1.315154199218750000e+04 1.693981720609467282e-15 8.001335436018300313e-18
1.315848828125000000e+04 1.699532221633706305e-15 7.996359944633793851e-18
1.316543457031250000e+04 1.704336380752295883e-15 8.011972151515119695e-18
1.317238085937500000e+04 1.702543000244721716e-15 8.028782943104034877e-18
1.317932714843750000e+04 1.699634077345613635e-15 8.121862268712176869e-18
1.318627343750000000e+04 1.689982031032532476e-15 8.144957978595269955e-18
1.319321972656250000e+04 1.679553149627700716e-15 8.240832347493228627e-18
1.320016601562500000e+04 1.644028376061618547e-15 8.009389693642729143e-18
1.320711230468750000e+04 1.642838188891607848e-15 7.979375445116242534e-18
1.321405859375000000e+04 1.655485661343535433e-15 8.041994671847731835e-18
1.322100488281250000e+04 1.654133796759717570e-15 8.033202569116905704e-18
1.322795117187500000e+04 1.648024995144119556e-15 8.022052174459690891e-18
1.323489746093750000e+04 1.641306965081208886e-15 7.952571484547074225e-18
1.324184375000000000e+04 1.621598202464495826e-15 7.876248356607418915e-18
1.324879003906250000e+04 1.619457220811192175e-15 7.835217716682951083e-18
1.325573632812500000e+04 1.641980885669868089e-15 7.939004895320592018e-18
1.326268261718750000e+04 1.635432791592000314e-15 7.979175267408004701e-18
1.326962890625000000e+04 1.657073742240518840e-15 8.147786109109588756e-18
1.327657519531250000e+04 1.656721694171816271e-15 8.233501045724171143e-18
1.328352148437500000e+04 1.648400230739753211e-15 8.261138804350792904e-18
1.329046777343750000e+04 1.649533772581416279e-15 8.306911670727027243e-18
1.329741406250000000e+04 1.624698554809683379e-15 8.300736767454318892e-18
1.330436035156250000e+04 1.659575136412879195e-15 8.500541417235890173e-18
1.331130664062500000e+04 1.632451659134138804e-15 8.472576095086697414e-18
1.331825292968750000e+04 1.627758355452521132e-15 8.441153157977032999e-18
1.332519921875000000e+04 1.617418836023624702e-15 8.457007728777836880e-18
1.333214550781250000e+04 1.592494150396838067e-15 8.976323297867203397e-18
1.333909179687500000e+04 1.564852924229088484e-15 8.090469110104564363e-18
1.334603808593750000e+04 1.575977007925379210e-15 8.099375363759922812e-18
1.335298437500000000e+04 1.613847215722408537e-15 8.236732840377415822e-18
1.335993066406250000e+04 1.608416781618442811e-15 8.213521325208565313e-18
1.336687695312500000e+04 1.578805250936261319e-15 8.140804704739641203e-18
1.337382324218750000e+04 1.577066186416429833e-15 8.104637886816985174e-18
1.338076855468750000e+04 1.605710405472846915e-15 8.221124769399152743e-18
1.338771484375000000e+04 1.592654874898579570e-15 8.228936663104103536e-18
1.339466113281250000e+04 1.610633255083170502e-15 8.312762319199614808e-18
1.340160742187500000e+04 1.589191357177256736e-15 8.228853945042848234e-18
1.340855371093750000e+04 1.556220917342738316e-15 8.062713891830960072e-18
1.341550000000000000e+04 1.561873697595358296e-15 8.154908134183670325e-18
1.342244628906250000e+04 1.632631018360719902e-15 8.548918248180441444e-18
1.342939257812500000e+04 1.681903983693686620e-15 8.955285613348142244e-18
1.343633886718750000e+04 1.701814446030964611e-15 9.484235355031913874e-18
1.344328515625000000e+04 1.652461224326245547e-15 9.264955564908394108e-18
1.345023144531250000e+04 1.632416189629472530e-15 9.246664120023009007e-18
1.345717773437500000e+04 1.677023168093370528e-15 9.677461437401850927e-18
1.346412402343750000e+04 1.785975745549270299e-15 1.062183865350261667e-17
1.347107031250000000e+04 1.823132116330001065e-15 1.120041261449466953e-17
1.347801660156250000e+04 1.733513489411654326e-15 1.127071055885248859e-17
1.348496289062500000e+04 1.689595995766821328e-15 1.131693341148195178e-17
1.349190917968750000e+04 1.716337355307231624e-15 1.177666054360422329e-17
1.349885546875000000e+04 1.847166464450105024e-15 1.302430202460163025e-17
1.350580175781250000e+04 1.900936751216518450e-15 1.377129161267070465e-17
1.351274804687500000e+04 1.929024575505707863e-15 1.481879674446090657e-17
1.351969433593750000e+04 1.941485277192765875e-15 1.568297880017465628e-17
1.352664062500000000e+04 2.109646092936451681e-15 1.827517920581985824e-17
1.353358691406250000e+04 2.281906759903085113e-15 2.130717830826970417e-17
1.354053320312500000e+04 2.413260605956782552e-15 2.493127660190745751e-17
1.354747949218750000e+04 2.142424362171061782e-15 2.326763937341223251e-17
1.355442578125000000e+04 2.017553282779175131e-15 2.300176367220298814e-17
1.356137207031250000e+04 1.961722800126802432e-15 2.261380107566459221e-17
1.356831835937500000e+04 2.214551546970370405e-15 2.544605425815635812e-17
1.357526464843750000e+04 2.341460587633350902e-15 2.917069966397238220e-17
1.358221093750000000e+04 2.331605571050283932e-15 3.194510976058953999e-17
1.358915722656250000e+04 2.678193665374851290e-15 3.803899565538199784e-17
1.359610351562500000e+04 2.622937682818953821e-15 4.231397094017445165e-17
1.360304980468750000e+04 2.907265043872067460e-15 5.476388950076722267e-17
1.360999609375000000e+04 2.121549446944216363e-15 4.589287373950353267e-17
1.361694238281250000e+04 1.984111998505101726e-15 3.740185813420180316e-17
1.362388867187500000e+04 2.064413051245414348e-15 4.228337518367734026e-17
1.363083496093750000e+04 1.954295379970566286e-15 3.374352614373293021e-17
1.363778125000000000e+04 2.135090539155497236e-15 3.546974951173514239e-17
1.364472753906250000e+04 2.027613069577240829e-15 3.149894177306823771e-17
1.365167382812500000e+04 1.928375960026347882e-15 3.029572154532615344e-17
1.365862011718750000e+04 2.150389436490567595e-15 3.583503247023855942e-17
1.366556640625000000e+04 2.663657097692309801e-15 3.931711543322953366e-17
1.367251269531250000e+04 2.634066213438217632e-15 4.223387669582216709e-17
1.367945898437500000e+04 2.368434987113374537e-15 4.582730147798522906e-17
1.368640527343750000e+04 1.787204155081025848e-15 3.461552009315163071e-17
1.369335156250000000e+04 2.275843909824875645e-15 3.753686393633780792e-17
1.370029785156250000e+04 2.753611361416006056e-15 4.313783290410991658e-17
1.370724414062500000e+04 2.163409603439287072e-15 3.828640537659660842e-17
1.371419042968750000e+04 1.876235999925162171e-15 3.051454059584848117e-17
1.372113671875000000e+04 1.793117715602281746e-15 2.737336854179266154e-17
1.372808300781250000e+04 1.726397777380007763e-15 2.163086069940660432e-17
1.373502929687500000e+04 1.716164348827754933e-15 1.963595583355736790e-17
1.374197558593750000e+04 1.768583935680652971e-15 1.854482519626111931e-17
1.374892187500000000e+04 1.760668624546798348e-15 1.830430258082662524e-17
1.375586816406250000e+04 1.727978658496939508e-15 1.699050815752090244e-17
1.376281445312500000e+04 1.789716666560818917e-15 1.769297474911931013e-17
1.376976074218750000e+04 1.797841194832645352e-15 1.740929315804424929e-17
1.377670703125000000e+04 1.836796028318633811e-15 1.725847662567990597e-17
1.378365332031250000e+04 2.069596892882610666e-15 2.040712970119565518e-17
1.379059960937500000e+04 2.119726843799961923e-15 2.284891889297666480e-17
1.379754589843750000e+04 2.352810617368321713e-15 3.050105424314141661e-17
1.380449218750000000e+04 2.551192721637093701e-15 3.246760335759233524e-17
1.381143847656250000e+04 2.500928939514076264e-15 3.802953270917439120e-17
1.381838476562500000e+04 2.234709872323838685e-15 4.114888042994861174e-17
1.382533105468750000e+04 2.022809333975124878e-15 4.327823192383976707e-17
1.383227734375000000e+04 1.856389170938046659e-15 3.460642110641354741e-17
1.383922363281250000e+04 2.091126352819446844e-15 3.888220702820630319e-17
1.384616992187500000e+04 1.778242758257312164e-15 2.767811180562454757e-17
1.385311523437500000e+04 1.554770796937038953e-15 2.232888367675437715e-17
1.386006152343750000e+04 1.573046909202589771e-15 2.064099351269909737e-17
1.386700781250000000e+04 1.739538858281947792e-15 1.956811544279944389e-17
1.387395410156250000e+04 1.620224844419641385e-15 1.773951854782644389e-17
1.388090039062500000e+04 1.450472136130709529e-15 1.578228348707287236e-17
1.388784667968750000e+04 1.505147265843027361e-15 1.472152857623079604e-17
1.389479296875000000e+04 1.478817564314982656e-15 1.355495741270848622e-17
1.390173925781250000e+04 1.656570922307205006e-15 1.515397198302861849e-17
1.390868554687500000e+04 1.858151422984809231e-15 1.709910042833686391e-17
1.391563183593750000e+04 1.854083970772094081e-15 1.914978042852932588e-17
1.392257812500000000e+04 1.787366785406898674e-15 1.821268901926392721e-17
1.392952441406250000e+04 1.686672355670254704e-15 1.931465406822339536e-17
1.393647070312500000e+04 1.927370955434430655e-15 2.258525176400293701e-17
1.394341699218750000e+04 2.295240117284051869e-15 3.063092159931224195e-17
1.395036328125000000e+04 1.929743918236163577e-15 2.846948873254383000e-17
1.395730957031250000e+04 1.271340655533304432e-15 1.701735844020437372e-17
1.396425585937500000e+04 1.153277709334092627e-15 1.458072423800079457e-17
1.397120214843750000e+04 1.271635422998948928e-15 1.266279183687206759e-17
1.397814843750000000e+04 1.518000673180256149e-15 1.441699872499694869e-17
1.398509472656250000e+04 1.908235210606535129e-15 1.859751163819707185e-17
1.399204101562500000e+04 2.115648380158932466e-15 2.277695417968455139e-17
1.399898730468750000e+04 1.993052431263370866e-15 2.439272246613133268e-17
1.400593359375000000e+04 1.288133718987331377e-15 1.681902038164885896e-17
1.401287988281250000e+04 1.081002611406369721e-15 1.486728607196876505e-17
1.401982617187500000e+04 1.226514189656949163e-15 1.330613817573008528e-17
1.402677246093750000e+04 1.508618830377349111e-15 1.556900820101587502e-17
1.403371875000000000e+04 1.745837183519493956e-15 1.821950829623381437e-17
1.404066503906250000e+04 1.581760548889231573e-15 1.716178582951735746e-17
1.404761132812500000e+04 1.408050502670727625e-15 1.687872131517926118e-17
1.405455761718750000e+04 1.293260915296180064e-15 1.433597638399737963e-17
1.406150390625000000e+04 1.371505477919677651e-15 1.411996147575160667e-17
1.406845019531250000e+04 1.477428324402367196e-15 1.509235364483831835e-17
1.407539648437500000e+04 1.410620930028289206e-15 1.458422486635311898e-17
1.408234277343750000e+04 1.486053872662494550e-15 1.518526257124027442e-17
1.408928906250000000e+04 1.503142550615113246e-15 1.580332530749499627e-17
1.409623535156250000e+04 1.342893869631729860e-15 1.410039369118105224e-17
1.410318164062500000e+04 1.270405848796890905e-15 1.255068156691091809e-17
1.411012792968750000e+04 1.228960844325093209e-15 1.130264965666438610e-17
1.411707421875000000e+04 1.259805231462003336e-15 1.136953217227297370e-17
1.412402050781250000e+04 1.373424113424327048e-15 1.183097901288874296e-17
1.413096679687500000e+04 1.526835862094828942e-15 1.343941682474707931e-17
1.413791308593750000e+04 1.458180453588078882e-15 1.322035623748588610e-17
1.414485937500000000e+04 1.245707956241731609e-15 1.165870955133783686e-17
1.415180566406250000e+04 1.118105830869660280e-15 1.009111460940491879e-17
1.415875195312500000e+04 1.176396626596451500e-15 1.018191918832853996e-17
1.416569824218750000e+04 1.304964687165747952e-15 1.022821152412945760e-17
1.417264453125000000e+04 1.408449455188884401e-15 1.192196391718590068e-17
1.417959082031250000e+04 1.510182664956217363e-15 1.392348457357433622e-17
1.418653710937500000e+04 1.430056312761275941e-15 1.302954055942092857e-17
1.419348339843750000e+04 1.256287927148529854e-15 1.154845712903248146e-17
1.420042968750000000e+04 1.111341743390242658e-15 9.799168656829840653e-18
1.420737597656250000e+04 1.078625942835492561e-15 9.789441840006829601e-18
1.421432226562500000e+04 1.186887870802024857e-15 9.481299691037963179e-18
1.422126855468750000e+04 1.255702627381977132e-15 9.834921057265607616e-18
1.422821484375000000e+04 1.267347424582592440e-15 9.733685730817692771e-18
1.423516113281250000e+04 1.229371867062748359e-15 1.023014381804038147e-17
1.424210742187500000e+04 1.149885660017694374e-15 8.871097652144332746e-18
1.424905371093750000e+04 1.163644016179945975e-15 8.988211537630815510e-18
1.425600000000000000e+04 1.191928140354661571e-15 8.833949798015188826e-18
1.426294628906250000e+04 1.233309723234533601e-15 9.223235056353057052e-18
1.426989257812500000e+04 1.265679087313856688e-15 9.528127212695202628e-18
1.427683886718750000e+04 1.239894769124725345e-15 9.435066085060536803e-18
1.428378515625000000e+04 1.156204208166856234e-15 8.755871392815695991e-18
1.429073144531250000e+04 1.115580931533013617e-15 8.806645393175425936e-18
1.429767773437500000e+04 1.197974155653044361e-15 8.670666826639058822e-18
1.430462402343750000e+04 1.328187471843263884e-15 9.749425323513351781e-18
1.431157031250000000e+04 1.340716465561694274e-15 1.049921326359469308e-17
1.431851660156250000e+04 1.274841230946069642e-15 1.052727619305616710e-17
1.432546191406250000e+04 1.151585761021952162e-15 9.572670888681183169e-18
1.433240820312500000e+04 1.146201807850967015e-15 9.037421339452207680e-18
1.433935449218750000e+04 1.166184585626116842e-15 9.332910106590850438e-18
1.434630078125000000e+04 1.176683559007333894e-15 8.935157827502889421e-18
1.435324707031250000e+04 1.249860958782119443e-15 9.353802207322102258e-18
1.436019335937500000e+04 1.284093265949809957e-15 9.709718999749581347e-18
1.436713964843750000e+04 1.291672516761841437e-15 9.718241441600715191e-18
1.437408593750000000e+04 1.256613293679393912e-15 9.567159384259742345e-18
1.438103222656250000e+04 1.117158106880801124e-15 8.657310341288165084e-18
1.438797851562500000e+04 1.145849442144909226e-15 8.545689762249646977e-18
1.439492480468750000e+04 1.162776548562839164e-15 8.706717839275957427e-18
1.440187109375000000e+04 1.167054488462947008e-15 8.597980811852799174e-18
1.440881738281250000e+04 1.207897570146602116e-15 8.776775901256136106e-18
1.441576367187500000e+04 1.165275401636357757e-15 8.433280052906753281e-18
1.442270996093750000e+04 1.119521858199232656e-15 8.041002055112668202e-18
1.442965625000000000e+04 1.142537437442026505e-15 7.967530218744483178e-18
1.443660253906250000e+04 1.195501031205298617e-15 8.308343520367356534e-18
1.444354882812500000e+04 1.237689095330075147e-15 8.623545655864363048e-18
1.445049511718750000e+04 1.223488693848475209e-15 8.935806337103130995e-18
1.445744140625000000e+04 1.143712166260749813e-15 8.199571751358471054e-18
1.446438769531250000e+04 1.055818416060368050e-15 7.462742422753385486e-18
1.447133398437500000e+04 1.043872816284359059e-15 7.084217957004219598e-18
1.447828027343750000e+04 1.104292417565837150e-15 7.196818745068613043e-18
1.448522656250000000e+04 1.198806894919313745e-15 7.888761944914121117e-18
1.449217285156250000e+04 1.270811577578625715e-15 8.519061991150952463e-18
1.449911914062500000e+04 1.279610661713821793e-15 8.960078297817274486e-18
1.450606542968750000e+04 1.183439811431989414e-15 8.816938828718035812e-18
1.451301171875000000e+04 1.049265769180408783e-15 7.895923674657605231e-18
1.451995800781250000e+04 1.014599039989895219e-15 7.638685393404639578e-18
1.452690429687500000e+04 1.055291773325412689e-15 6.778791028396058489e-18
1.453385058593750000e+04 1.117068427267510575e-15 6.830925740863438164e-18
1.454079687500000000e+04 1.116161149101882813e-15 6.829844615802831357e-18
1.454774316406250000e+04 1.137000594824061957e-15 6.944619648107320435e-18
1.455468945312500000e+04 1.131038753424812564e-15 6.938782234524533719e-18
1.456163574218750000e+04 1.095824311554780689e-15 6.639592661325328715e-18
1.456858203125000000e+04 1.089286064234924745e-15 6.586988937450631473e-18
1.457552832031250000e+04 1.071017892903254436e-15 6.528987446488719449e-18
1.458247460937500000e+04 1.096581559009626033e-15 6.496037120377975868e-18
1.458942089843750000e+04 1.135029125639327573e-15 7.853337935181537707e-18
1.459636718750000000e+04 1.120216425215981183e-15 7.314115437470470026e-18
1.460331347656250000e+04 1.117621751540304447e-15 6.835662590641223077e-18
1.461025976562500000e+04 1.118258402679284461e-15 7.007591253779757326e-18
1.461720605468750000e+04 1.100573519410917144e-15 6.927888679447516621e-18
1.462415234375000000e+04 1.089843094276862854e-15 6.775928983476625013e-18
1.463109863281250000e+04 1.075690867794138004e-15 6.750271081646148924e-18
1.463804492187500000e+04 1.098549640062571400e-15 6.801371818347837315e-18
1.464499121093750000e+04 1.128837208915780231e-15 7.097557898742862275e-18
1.465193750000000000e+04 1.168868197761255279e-15 7.524857896491829993e-18
1.465888378906250000e+04 1.143986287298304986e-15 7.502916930743860934e-18
1.466583007812500000e+04 1.090674033598119323e-15 7.324332772396725024e-18
1.467277636718750000e+04 1.063902604388081499e-15 7.116267069837586655e-18
1.467972265625000000e+04 1.092610880311134687e-15 7.092566690926717306e-18
1.468666894531250000e+04 1.139684312838318801e-15 7.516505853846882073e-18
1.469361523437500000e+04 1.184790617224623210e-15 8.279496423685182247e-18
1.470056152343750000e+04 1.179698572783085576e-15 8.178419088734265030e-18
1.470750781250000000e+04 1.138685025718795540e-15 7.974445448665426489e-18
1.471445410156250000e+04 1.039596782208382537e-15 7.407320494531720079e-18
1.472140039062500000e+04 1.038907615026672757e-15 7.246798652040292081e-18
1.472834667968750000e+04 1.008337560685554617e-15 6.736486116737952718e-18
1.473529296875000000e+04 1.009094066986571114e-15 6.459787997984370813e-18
1.474223925781250000e+04 1.029404646512308355e-15 6.448871281850202230e-18
1.474918554687500000e+04 1.080915261133684122e-15 6.670077575620357997e-18
1.475613183593750000e+04 1.110796995326039736e-15 6.881395338757748594e-18
1.476307812500000000e+04 1.109230831406566534e-15 7.283968012865362380e-18
1.477002441406250000e+04 1.081795857761473374e-15 6.942446644638143632e-18
1.477697070312500000e+04 1.060508861005788738e-15 6.790927422343436511e-18
1.478391699218750000e+04 1.071551629539143052e-15 7.172646873208588468e-18
1.479086328125000000e+04 1.081675790841200076e-15 6.943900828155011854e-18
1.479780859375000000e+04 1.079373449411444481e-15 7.120350860521760953e-18
1.480475488281250000e+04 1.056482384011897015e-15 6.947181426464397162e-18
1.481170117187500000e+04 1.019425327844231816e-15 6.768208079639055053e-18
1.481864746093750000e+04 1.003569612225460161e-15 6.444480607158770759e-18
1.482559375000000000e+04 1.005045673015169186e-15 6.220409786927343857e-18
1.483254003906250000e+04 1.020487401280970301e-15 6.306410100853257039e-18
1.483948632812500000e+04 1.034204252828806441e-15 6.301748524511214451e-18
1.484643261718750000e+04 1.037957244059853432e-15 6.342022294175196263e-18
1.485337890625000000e+04 1.028703091473744981e-15 6.436519820943560421e-18
1.486032519531250000e+04 1.065158224853267593e-15 6.613222143397138193e-18
1.486727148437500000e+04 1.047203985107673409e-15 6.433446844967925923e-18
1.487421777343750000e+04 9.991008781539832857e-16 6.186844865621473377e-18
1.488116406250000000e+04 9.651790085614614725e-16 6.028604387259466630e-18
1.488811035156250000e+04 9.793129179567019484e-16 6.097738074905117300e-18
1.489505664062500000e+04 9.690317379220476576e-16 5.743883030154426633e-18
1.490200292968750000e+04 9.594079613335811108e-16 5.785925725558353094e-18
1.490894921875000000e+04 9.858652471993059954e-16 5.824180347347092965e-18
1.491589550781250000e+04 9.932496804334689858e-16 5.824892963444807398e-18
1.492284179687500000e+04 9.766453994475613430e-16 5.769116174740356742e-18
1.492978808593750000e+04 9.627078958169654581e-16 5.682120348947235992e-18
1.493673437500000000e+04 9.842722958628758768e-16 5.791843789250863730e-18
1.494368066406250000e+04 9.921138092512009690e-16 6.095441407934363819e-18
1.495062695312500000e+04 9.685038246376714149e-16 5.973374364939913525e-18
1.495757324218750000e+04 9.698076201017325967e-16 5.748722450328168121e-18
1.496451953125000000e+04 9.505665255510223170e-16 5.571915075936796115e-18
1.497146582031250000e+04 9.484309437327574123e-16 5.513054557908747772e-18
1.497841210937500000e+04 9.535138825701120618e-16 5.526707173918935493e-18
1.498535839843750000e+04 9.562216351442472465e-16 5.481259389523434494e-18
1.499230468750000000e+04 9.442342131164675745e-16 5.414585737019516528e-18
1.499925097656250000e+04 9.569447895229656054e-16 5.396219432288695378e-18
1.500619726562500000e+04 9.456715221488397154e-16 5.364549581766183884e-18
1.501314355468750000e+04 9.685986923277638966e-16 5.485675293223548832e-18
1.502008984375000000e+04 9.756328774382372337e-16 5.546401930713516806e-18
1.502703613281250000e+04 9.703811672861421649e-16 5.639492423259928264e-18
1.503398242187500000e+04 9.838055807089387574e-16 5.785879403444050124e-18
1.504092871093750000e+04 9.249625195005377332e-16 5.607778318574645183e-18
1.504787500000000000e+04 9.406193941349414410e-16 5.817161306259274248e-18
1.505482128906250000e+04 8.834951215951970024e-16 5.384144249706646280e-18
1.506176757812500000e+04 8.853019487508088318e-16 5.126066380131939304e-18
1.506871386718750000e+04 9.101036557815659830e-16 5.236971034350292766e-18
1.507566015625000000e+04 8.935192800699188163e-16 5.176460704590507409e-18
1.508260644531250000e+04 9.282522895885550289e-16 5.400343341232578497e-18
1.508955273437500000e+04 9.232280077827977396e-16 5.312684943768802772e-18
1.509649902343750000e+04 9.052318399063144679e-16 5.373604727931801877e-18
1.510344531250000000e+04 9.136942284449769622e-16 5.252117538546751256e-18
1.511039160156250000e+04 9.095096739273039049e-16 5.215349773909075452e-18
1.511733789062500000e+04 8.897190667520623979e-16 5.255192582473917136e-18
1.512428417968750000e+04 8.964819895611775454e-16 5.174227316936614234e-18
1.513123046875000000e+04 9.102619450635841304e-16 5.307536158045966451e-18
1.513817675781250000e+04 8.838479637572876219e-16 5.240290096558161790e-18
1.514512304687500000e+04 8.791967999647958519e-16 5.087710428718161687e-18
1.515206933593750000e+04 8.773982843199789553e-16 5.193210284814093667e-18
1.515901562500000000e+04 8.920947824108738967e-16 5.175925105143879324e-18
1.516596191406250000e+04 8.868170789352099615e-16 5.225106782824444690e-18
1.517290820312500000e+04 8.889125855071578972e-16 5.112809570044858206e-18
1.517985449218750000e+04 8.853263009480423929e-16 5.093065182413523712e-18
1.518680078125000000e+04 8.696546032370617348e-16 5.170444206405102962e-18
1.519374707031250000e+04 8.787755069526552443e-16 5.111173406793228317e-18
1.520069335937500000e+04 8.805328356204119005e-16 5.168046209809311735e-18
1.520763964843750000e+04 8.757596461439563079e-16 5.067873396858221254e-18
1.521458593750000000e+04 8.649635759564898094e-16 5.118374427615808700e-18
1.522153222656250000e+04 8.555192115341635640e-16 4.951307932117861147e-18
1.522847851562500000e+04 8.318875217013606185e-16 4.994221648706805947e-18
1.523542480468750000e+04 8.579888949105610868e-16 5.068026425271543564e-18
1.524237109375000000e+04 8.698318978208339006e-16 5.243354800727670757e-18
1.524931738281250000e+04 8.448135091742572586e-16 5.086202892051783794e-18
1.525626367187500000e+04 8.384454095976810219e-16 4.983227591185363656e-18
1.526320996093750000e+04 8.327202609676300025e-16 5.037048924921738954e-18
1.527015625000000000e+04 8.434339042614168169e-16 5.086819141608135800e-18
1.527710156250000000e+04 8.360807583067430323e-16 5.041562849524440826e-18
1.528404785156250000e+04 8.334612030382407017e-16 5.020687705995746343e-18
1.529099414062500000e+04 8.200297486540700578e-16 5.133944448285894340e-18
1.529794042968750000e+04 8.044045848156291829e-16 5.045974617321492399e-18
1.530488671875000000e+04 7.965186551371324433e-16 5.033779907140929389e-18
1.531183300781250000e+04 7.924181686394743754e-16 4.990319424167087038e-18
1.531877929687500000e+04 7.991958086460480663e-16 5.246276816241514327e-18
1.532572558593750000e+04 8.146285371867846049e-16 5.022490132550499391e-18
1.533267187500000000e+04 7.967544479338243592e-16 5.052894396735804753e-18
1.533961816406250000e+04 7.885156760932370001e-16 4.936904236111475276e-18
1.534656445312500000e+04 7.939176287143513006e-16 5.048935923914432239e-18
1.535351074218750000e+04 7.872470324964868718e-16 4.903614352359278678e-18
1.536045703125000000e+04 7.765895051354556548e-16 4.864841915507080611e-18
1.536740332031250000e+04 7.858711333527906677e-16 4.883058500547029663e-18
1.537434960937500000e+04 7.803714543053869024e-16 4.895157257776536523e-18
1.538129589843750000e+04 7.578676417814122612e-16 4.936928637939545591e-18
1.538824218750000000e+04 7.688575236951223843e-16 4.848568377726018621e-18
1.539518847656250000e+04 7.811884705225728785e-16 4.839726644158439309e-18
1.540213476562500000e+04 7.592873219405696719e-16 4.797911009832658654e-18
1.540908105468750000e+04 7.506939609324379814e-16 4.763743487450543292e-18
1.541602734375000000e+04 7.588525822803914023e-16 4.833714281876097627e-18
1.542297363281250000e+04 7.609670412145341529e-16 4.822094048630952694e-18
1.542991992187500000e+04 7.526084671514695137e-16 4.889947674278677554e-18
1.543686621093750000e+04 7.475189638087736434e-16 4.945915955294934236e-18
1.544381250000000000e+04 7.429842670465293397e-16 4.866318019310181489e-18
1.545075878906250000e+04 7.483159159330215332e-16 4.863797186393426137e-18
1.545770507812500000e+04 7.436284885424754385e-16 4.755187131194294774e-18
1.546465136718750000e+04 7.462156977403044955e-16 4.796523827945407226e-18
1.547159765625000000e+04 7.298647854847442953e-16 4.807284206943803287e-18
1.547854394531250000e+04 7.149031660813587579e-16 4.721810393477780107e-18
1.548549023437500000e+04 7.073548849114612638e-16 4.698862335334027737e-18
1.549243652343750000e+04 7.109065469988577485e-16 4.720068764698049708e-18
1.549938281250000000e+04 7.244348278368113996e-16 4.672701094100813131e-18
1.550632910156250000e+04 7.292660920097131152e-16 4.791700537793610522e-18
1.551327539062500000e+04 7.066820760535453324e-16 5.238873963349471006e-18
1.552022167968750000e+04 7.186571102244714102e-16 5.200764098167927915e-18
1.552716796875000000e+04 7.076573815527494558e-16 4.793680808180062470e-18
1.553411425781250000e+04 7.050631843331055509e-16 4.688117259176963908e-18
1.554106054687500000e+04 7.074442998269557959e-16 4.706002144791279196e-18
1.554800683593750000e+04 7.043461180036955822e-16 4.690166599144564034e-18
1.555495312500000000e+04 6.951876801406268666e-16 4.671056245452751435e-18
1.556189941406250000e+04 6.904285196473601734e-16 4.631055031800605847e-18
1.556884570312500000e+04 6.767638665048985799e-16 4.566079581094259246e-18
1.557579199218750000e+04 6.747691568536739060e-16 4.559973333812392796e-18
1.558273828125000000e+04 6.692611662954752079e-16 4.561236025017454993e-18
1.558968457031250000e+04 6.730193985428833351e-16 4.584009134461652398e-18
1.559663085937500000e+04 6.558459114164208025e-16 4.538907111562198564e-18
1.560357714843750000e+04 6.799857680780171248e-16 4.637483465931061701e-18
1.561052343750000000e+04 6.747760389963703472e-16 4.619043955716029608e-18
1.561746972656250000e+04 6.641863272106786776e-16 4.684888359655863164e-18
1.562441601562500000e+04 6.544473012018263425e-16 4.573694605813422419e-18
1.563136230468750000e+04 6.745746039736014339e-16 5.262619837194030772e-18
1.563830859375000000e+04 6.697659449924795675e-16 4.652580752881073286e-18
1.564525488281250000e+04 6.615875242493840774e-16 5.036252763582156665e-18
1.565220117187500000e+04 6.543454454899190129e-16 4.547762080019578725e-18
1.565914746093750000e+04 6.499497150705836179e-16 4.298028808464306693e-18
1.566609375000000000e+04 6.310224462268310564e-16 3.980484097472550005e-18
1.567304003906250000e+04 6.364906791760680058e-16 4.566356273009158234e-18
1.567998632812500000e+04 6.504533290972855028e-16 4.592478636753582848e-18
1.568693261718750000e+04 6.580388797168621861e-16 4.684643927784853745e-18
1.569387890625000000e+04 6.586342909392227558e-16 4.715372446770279893e-18
1.570082519531250000e+04 6.499814258665464507e-16 4.691600930326730984e-18
1.570777148437500000e+04 6.665830069349347204e-16 5.673152470336242342e-18
1.571471777343750000e+04 6.515143966823991242e-16 4.728021692697440792e-18
1.572166406250000000e+04 6.409278612702596582e-16 4.698211344191948504e-18
1.572861035156250000e+04 6.465846649293790962e-16 4.813620410435959479e-18
1.573555664062500000e+04 6.312436806447420390e-16 4.642528026896716340e-18
1.574250292968750000e+04 6.358314757848673466e-16 5.488496392702660933e-18
1.574944824218750000e+04 6.480175799783373554e-16 4.680498925735350523e-18
1.575639453125000000e+04 6.369580296047155660e-16 4.651907427862455121e-18
1.576334082031250000e+04 6.186340599776448800e-16 4.547248400859183295e-18
1.577028710937500000e+04 6.210222164328691764e-16 4.566667292919478172e-18
1.577723339843750000e+04 6.111985400688506147e-16 4.493013890406837759e-18
1.578417968750000000e+04 5.893630894798188198e-16 4.410515859194474097e-18
1.579112597656250000e+04 5.904455975864098156e-16 4.401801511441227950e-18
1.579807226562500000e+04 6.053579302601769935e-16 4.440409752941834240e-18
1.580501855468750000e+04 6.028646358403747570e-16 4.467902754961259221e-18
1.581196484375000000e+04 6.151432254437730947e-16 5.505448632176322682e-18
1.581891113281250000e+04 6.009866579171935664e-16 4.402757732229339250e-18
1.582585742187500000e+04 6.095980713150136142e-16 4.471219335627290585e-18
1.583280371093750000e+04 6.143489202974853746e-16 4.609136399929175719e-18
1.583975000000000000e+04 5.900001641352724605e-16 4.420358894893548849e-18
1.584669628906250000e+04 5.940860393145903917e-16 4.333515683923444133e-18
1.585364257812500000e+04 5.836764279093086677e-16 4.424849244848792960e-18
1.586058886718750000e+04 5.927530741534081399e-16 4.406401049237329060e-18
1.586753515625000000e+04 6.025606568914288700e-16 5.114548303692444670e-18
1.587448144531250000e+04 5.833672079440016447e-16 5.144210586868289966e-18
1.588142773437500000e+04 5.845003262691910850e-16 4.313450763804745341e-18
1.588837402343750000e+04 5.732560697735086547e-16 4.291146665767865502e-18
1.589532031250000000e+04 5.646975429953327973e-16 4.214481498644919515e-18
1.590226660156250000e+04 5.603780455412502894e-16 4.154625055159357326e-18
1.590921289062500000e+04 5.622035074217017134e-16 4.167981540510251064e-18
1.591615917968750000e+04 5.507538983758693187e-16 4.101276455143056083e-18
1.592310546875000000e+04 5.504591838497840256e-16 4.099407854139298793e-18
1.593005175781250000e+04 5.540354628322100884e-16 4.133834697643449529e-18
1.593699804687500000e+04 5.519747904902179859e-16 4.955300319344348335e-18
1.594394433593750000e+04 5.778564645287243701e-16 4.256271903962017303e-18
1.595089062500000000e+04 5.852381978453679873e-16 4.294715122930419264e-18
1.595783691406250000e+04 5.701953162186052405e-16 4.244919263645033274e-18
1.596478320312500000e+04 5.606740306167564639e-16 4.205825467124858357e-18
1.597172949218750000e+04 5.717647094511898488e-16 4.261468666160381699e-18
1.597867578125000000e+04 5.758991831458564956e-16 4.899271240553069006e-18
1.598562207031250000e+04 5.721677383154052856e-16 4.391538681581282536e-18
1.599256835937500000e+04 5.770161549054889007e-16 4.385307943617226855e-18
1.599951464843750000e+04 5.677062040239800721e-16 4.366202966599395851e-18
1.600646093750000000e+04 5.632532988807050119e-16 5.150367292167522151e-18
1.601340722656250000e+04 5.658707895063984101e-16 4.391834398650270243e-18
1.602035351562500000e+04 5.804475383143752748e-16 4.499633816849099639e-18
1.602729980468750000e+04 5.470529996710784670e-16 4.323677611308044698e-18
1.603424609375000000e+04 5.432555921498598284e-16 4.456515786648854242e-18
1.604119238281250000e+04 5.647157542036987648e-16 4.222808725871490844e-18
1.604813867187500000e+04 5.477320024574211955e-16 5.027303910125251735e-18
1.605508496093750000e+04 5.598412384109278765e-16 4.933647626039854006e-18
1.606203125000000000e+04 5.660532192274133050e-16 4.335283782482776230e-18
1.606897753906250000e+04 5.838261939222950687e-16 4.876194555824064640e-18
1.607592382812500000e+04 5.792010763929313685e-16 4.867919440976084151e-18
1.608287011718750000e+04 5.614772825485495576e-16 4.462765549766998643e-18
1.608981640625000000e+04 5.509211873829520430e-16 4.324576343043583563e-18
1.609676269531250000e+04 5.519328623593288980e-16 4.289400487494766061e-18
1.610370898437500000e+04 5.468525175603752148e-16 4.255482773657641714e-18
1.611065527343750000e+04 5.436850378541177586e-16 4.199886723917033895e-18
1.611760156250000000e+04 5.482954381860229154e-16 4.280235326307678514e-18
1.612454785156250000e+04 5.671317039275048429e-16 4.575280724637992850e-18
1.613149414062500000e+04 5.282805790379958323e-16 4.159163381590129513e-18
1.613844042968750000e+04 5.412217072248246431e-16 4.104382104752886425e-18
1.614538671875000000e+04 5.460506949966806127e-16 4.245725764742272476e-18
1.615233300781250000e+04 5.365201449719712423e-16 4.115549043022352299e-18
1.615927929687500000e+04 5.332457273561229307e-16 4.229012166875332275e-18
1.616622558593750000e+04 5.372530931691422290e-16 4.250260782450594450e-18
1.617317187500000000e+04 5.376775625548350403e-16 4.127155627787390107e-18
1.618011816406250000e+04 5.472419409578753793e-16 4.058023180912658266e-18
1.618706445312500000e+04 5.405073408129340475e-16 4.020092400333732905e-18
1.619401074218750000e+04 5.331806646378619598e-16 3.994987055152442239e-18
1.620095703125000000e+04 5.401897034577136849e-16 4.024978969802389916e-18
1.620790332031250000e+04 5.349811919859285853e-16 4.113718905917078725e-18
1.621484960937500000e+04 5.420982275065552337e-16 4.015248017076316099e-18
1.622179492187500000e+04 5.509041937844477536e-16 4.035129303099028119e-18
1.622874121093750000e+04 5.388812493124426044e-16 3.974401424838141316e-18
1.623568750000000000e+04 5.541195837917842811e-16 4.183767041729906768e-18
1.624263378906250000e+04 5.603722751292971194e-16 4.104459446140160133e-18
1.624958007812500000e+04 5.533212022994378997e-16 4.110086755847358381e-18
1.625652636718750000e+04 5.513327924557584296e-16 4.048850575100057742e-18
1.626347265625000000e+04 5.639748650726472690e-16 4.022554917017303269e-18
1.627041894531250000e+04 5.559851738581118776e-16 4.024270489607738248e-18
1.627736523437500000e+04 5.642517919068402218e-16 4.044174936687601753e-18
1.628431152343750000e+04 5.657117061309922118e-16 4.065183256294917273e-18
1.629125781250000000e+04 5.686405343043607688e-16 4.097559519060549053e-18
1.629820410156250000e+04 5.754485086783580044e-16 4.193977759211261341e-18
1.630515039062500000e+04 5.734341584506688714e-16 4.111601323548942974e-18
1.631209667968750000e+04 5.879621499246194104e-16 4.158093009877485895e-18
1.631904296875000000e+04 5.879105338543961015e-16 4.130447806625351157e-18
1.632598925781250000e+04 5.805950808658751332e-16 4.224803471918662471e-18
1.633293554687500000e+04 5.813026710141876944e-16 4.129812531914910432e-18
1.633988183593750000e+04 5.921186464759146690e-16 4.112940528960666326e-18
1.634682812500000000e+04 5.999309901671186912e-16 4.176069712539794569e-18
1.635377441406250000e+04 5.856949603621748688e-16 4.409433906953254736e-18
1.636072070312500000e+04 6.083520858496025384e-16 4.292222000564184438e-18
1.636766699218750000e+04 6.004215281226973379e-16 4.305786521839135263e-18
1.637461328125000000e+04 6.060572618372538252e-16 4.365059802992847567e-18
1.638155957031250000e+04 5.942784746122947281e-16 4.470894667236863522e-18
1.638850585937500000e+04 5.908449206814810149e-16 4.289439778573862330e-18
1.639545312500000000e+04 6.191881783438268026e-16 4.421298572069409089e-18
1.640239843750000000e+04 6.149640250358696068e-16 4.676322490822570286e-18
1.640934570312500000e+04 5.962054745672982613e-16 4.316030740135298234e-18
1.641629101562500000e+04 6.111308303726294740e-16 4.562272895915290213e-18
1.642323828125000000e+04 6.168498909533721031e-16 4.586798387487181207e-18
1.643018359375000000e+04 5.972269433621277442e-16 4.483561697547194311e-18
1.643713085937500000e+04 5.892719275588705757e-16 4.229431547445896661e-18
1.644407617187500000e+04 5.955179485119237864e-16 4.265552043254249720e-18
1.645102343750000000e+04 5.985224273153939931e-16 4.327762642763137825e-18
1.645796875000000000e+04 6.042072889408912299e-16 4.366044561512091946e-18
1.646491406250000000e+04 6.078500070701175519e-16 4.389491409565213792e-18
