9.348409179687500000e+03 1.913963270912342335e-15 2.379062762442133447e-17
9.355353515625000000e+03 1.919136736395934788e-15 2.325177404926346544e-17
9.362298828125000000e+03 1.996351624592926366e-15 2.545467844322283599e-17
9.369243164062500000e+03 2.097590908272891665e-15 2.442658558604802853e-17
9.376188476562500000e+03 2.077119180728939293e-15 2.101793806347828698e-17
9.383132812500000000e+03 1.922179278742472235e-15 1.879524420054419780e-17
9.390078125000000000e+03 1.840877033058505030e-15 1.910885649490387739e-17
9.397023437500000000e+03 1.863057226057069325e-15 1.891594970425038581e-17
9.403967773437500000e+03 1.932793236846279059e-15 1.927667158885618544e-17
9.410913085937500000e+03 1.836727842166379840e-15 1.932713622366682055e-17
9.417857421875000000e+03 1.847583416418390953e-15 1.985976278317339039e-17
9.424802734375000000e+03 1.849204213962962057e-15 2.045599291434038763e-17
9.431747070312500000e+03 1.875132104236653004e-15 2.181613757608990678e-17
9.438692382812500000e+03 1.900416672986904310e-15 2.092207444792829150e-17
9.445637695312500000e+03 1.864040843067068381e-15 2.205947425996830624e-17
9.452582031250000000e+03 1.912813000169970995e-15 2.224071449526234993e-17
9.459527343750000000e+03 1.927367567302641638e-15 2.145845971613830229e-17
9.466471679687500000e+03 1.785713588852095093e-15 2.308972274981942690e-17
9.473416992187500000e+03 1.851230316772794343e-15 1.930677765443066543e-17
9.480361328125000000e+03 1.718406550918255473e-15 1.875211004032200762e-17
9.487306640625000000e+03 1.782412277940171458e-15 1.992258880505801794e-17
9.494250976562500000e+03 1.968943967760382156e-15 2.087627676613368056e-17
9.501196289062500000e+03 1.903067674353573456e-15 1.916338589524459808e-17
9.508141601562500000e+03 1.760751210259155642e-15 1.907655509198368166e-17
9.515085937500000000e+03 1.806969033630494506e-15 1.946031561101030822e-17
9.522031250000000000e+03 1.946844242891807020e-15 1.942364173137215718e-17
9.528975585937500000e+03 1.913064357197068709e-15 1.890671009680816849e-17
9.535920898437500000e+03 1.958454311741584901e-15 2.005400464333554256e-17
9.542865234375000000e+03 1.882891137791739208e-15 1.905733968635407483e-17
9.549810546875000000e+03 1.897060304933409144e-15 1.925669186834057960e-17
9.556754882812500000e+03 1.919902454180252675e-15 1.856082121494666975e-17
9.563700195312500000e+03 1.932026460270777103e-15 1.805883342532906406e-17
9.570645507812500000e+03 1.850678686565894980e-15 1.756240263506658961e-17
9.577589843750000000e+03 1.871422311685915982e-15 1.792132126593702364e-17
9.584535156250000000e+03 1.940303666231346126e-15 1.827535953119339480e-17
9.591479492187500000e+03 1.954869033034094261e-15 1.801643876457449629e-17
9.598424804687500000e+03 1.929562229668977530e-15 1.726638778105836313e-17
9.605369140625000000e+03 1.877388600008138460e-15 1.654023569980011204e-17
9.612314453125000000e+03 1.911745526898193763e-15 1.690368562606611155e-17
9.619258789062500000e+03 1.870341497645219495e-15 1.617829620533263436e-17
9.626204101562500000e+03 1.870217619076683553e-15 1.580673660034116496e-17
9.633149414062500000e+03 1.860991312698716087e-15 1.577286355425711848e-17
9.640093750000000000e+03 1.875241159728611995e-15 1.620568250105304000e-17
9.647039062500000000e+03 1.814902344214478283e-15 1.519490915154386783e-17
9.653983398437500000e+03 1.767819488445755965e-15 1.488785639944173374e-17
9.660928710937500000e+03 1.768482503485219268e-15 1.429183471778909986e-17
9.667873046875000000e+03 1.759558693748539994e-15 1.380470061043110889e-17
9.674818359375000000e+03 1.692830073438556654e-15 1.321784408996556256e-17
9.681762695312500000e+03 1.613676115067063169e-15 1.271073605235625362e-17
9.688708007812500000e+03 1.628874003723173453e-15 1.250030544042582615e-17
9.695653320312500000e+03 1.540892797370987683e-15 1.223356119957340110e-17
9.702597656250000000e+03 1.494771323997398996e-15 1.182752718819255917e-17
9.709542968750000000e+03 1.447004595002887237e-15 1.188247596910384425e-17
9.716487304687500000e+03 1.406333990403116786e-15 1.191938228649412268e-17
9.723432617187500000e+03 1.407136977637113862e-15 1.211435620149838428e-17
9.730376953125000000e+03 1.370576918051250124e-15 1.178373872810583954e-17
9.737322265625000000e+03 1.316599108212759394e-15 1.147355509738519225e-17
9.744266601562500000e+03 1.241906790011809529e-15 1.111476385232909139e-17
9.751211914062500000e+03 1.213437589138118868e-15 1.314842709296011247e-17
9.758157226562500000e+03 1.181318205657354205e-15 1.079037753049090861e-17
9.765101562500000000e+03 1.176202656051530265e-15 1.030787232584076438e-17
9.772046875000000000e+03 1.113622697238080082e-15 1.014977577690534186e-17
9.778991210937500000e+03 1.094969231794527473e-15 1.053472412729159456e-17
9.785936523437500000e+03 1.086790811051431983e-15 1.001671963947312459e-17
9.792880859375000000e+03 1.064592618602738534e-15 9.703425809649277912e-18
9.799826171875000000e+03 1.052635372123704796e-15 9.523579373687386082e-18
9.806771484375000000e+03 1.071156594548367327e-15 9.384785911526501016e-18
9.813715820312500000e+03 1.003029205205111917e-15 9.388406481067645618e-18
9.820661132812500000e+03 1.025081178591285593e-15 9.218703760957491566e-18
9.827605468750000000e+03 1.054856186632287165e-15 9.240768803797343579e-18
9.834550781250000000e+03 1.051223897596223911e-15 9.165762547392872689e-18
9.841495117187500000e+03 1.078160604110094730e-15 9.478945535014637262e-18
9.848440429687500000e+03 1.085841710634033539e-15 9.257844293182275729e-18
9.855384765625000000e+03 1.126580501386057961e-15 9.310418238554921062e-18
9.862330078125000000e+03 1.164626045003168929e-15 9.498937663239431388e-18
9.869275390625000000e+03 1.185089196338530351e-15 9.482785307418108416e-18
9.876219726562500000e+03 1.223591820109803420e-15 9.922550916998250261e-18
9.883165039062500000e+03 1.201458425681574925e-15 9.543393658080481307e-18
9.890109375000000000e+03 1.256149225503416962e-15 9.709897670761892801e-18
9.897054687500000000e+03 1.258659090005249861e-15 9.656698376846157379e-18
9.903999023437500000e+03 1.285189961858267463e-15 9.830331859227163418e-18
9.910944335937500000e+03 1.287783576742760130e-15 9.764154928681083545e-18
9.917888671875000000e+03 1.337852647167027485e-15 9.983072413696305084e-18
9.924833984375000000e+03 1.411755318902899528e-15 1.028093353483174993e-17
9.931779296875000000e+03 1.409833612903816334e-15 1.026460664390117827e-17
9.938723632812500000e+03 1.438678896406087905e-15 1.035897223536184022e-17
9.945668945312500000e+03 1.452281292626926307e-15 1.039449798830976765e-17
9.952613281250000000e+03 1.512192991777407038e-15 1.060810414661178620e-17
9.959558593750000000e+03 1.557951405653978851e-15 1.069727752536745279e-17
9.966502929687500000e+03 1.547721576991751852e-15 1.096535104546425055e-17
9.973448242187500000e+03 1.625590692261378971e-15 1.131019188948964460e-17
9.980392578125000000e+03 1.651904088405189031e-15 1.107387217874753247e-17
9.987337890625000000e+03 1.697968281175719647e-15 1.123839922976494222e-17
9.994283203125000000e+03 1.705318409575518838e-15 1.117664109805112063e-17
1.000122753906250000e+04 1.803922891393931228e-15 1.151251778577827751e-17
1.000817285156250000e+04 1.822393080083521688e-15 1.164402461392318296e-17
1.001511718750000000e+04 1.890740380355707996e-15 1.184198961402243631e-17
1.002206250000000000e+04 1.860272605242970813e-15 1.175799107717890145e-17
1.002900683593750000e+04 1.937684216841962202e-15 1.195011783651475553e-17
1.003595214843750000e+04 1.981431774501752306e-15 1.222452507856187183e-17
1.004289648437500000e+04 2.044198821717427283e-15 1.240439550276152769e-17
1.004984179687500000e+04 2.016203324019488589e-15 1.257862455518357191e-17
1.005678710937500000e+04 1.981112654838874249e-15 1.195640275480893344e-17
1.006373144531250000e+04 1.984410365860772053e-15 1.189247327398716014e-17
1.007067675781250000e+04 1.975585129583329498e-15 1.181391758557422421e-17
1.007762109375000000e+04 2.008210932887433825e-15 1.193815763203785130e-17
1.008456640625000000e+04 2.038689719428485314e-15 1.210281455041143189e-17
1.009151074218750000e+04 2.074422227824881601e-15 1.222390469310245706e-17
1.009845605468750000e+04 1.990073839904351119e-15 1.188567881243564957e-17
1.010540039062500000e+04 1.977507682615359946e-15 1.318926830852430566e-17
1.011234570312500000e+04 1.994161409149563559e-15 1.311126434957994260e-17
1.011929101562500000e+04 1.951683765635944465e-15 1.275439299072557732e-17
1.012623535156250000e+04 1.913413970046047921e-15 1.156568399246951081e-17
1.013318066406250000e+04 1.934956558993566542e-15 1.191683539738807191e-17
1.014012500000000000e+04 1.848349981235656095e-15 1.314979442251266263e-17
1.014707031250000000e+04 1.821985445477655556e-15 1.123710138338384652e-17
1.015401464843750000e+04 1.754670360730817020e-15 1.092359910404563648e-17
1.016095996093750000e+04 1.746924032669939630e-15 1.087730511388349374e-17
1.016790429687500000e+04 1.667723381607228751e-15 1.086835005657199466e-17
1.017484960937500000e+04 1.617995241944231253e-15 1.042561735013462510e-17
1.018179492187500000e+04 1.612753802066621642e-15 1.041226748222863179e-17
1.018873925781250000e+04 1.561179765853320210e-15 1.027612844265342939e-17
1.019568457031250000e+04 1.554530451338255546e-15 1.014537683040778486e-17
1.020262890625000000e+04 1.518867187885297298e-15 1.027936520039034939e-17
1.020957421875000000e+04 1.462119368551048192e-15 9.876377695205540257e-18
1.021651855468750000e+04 1.446563608474722967e-15 1.007022333585427953e-17
1.022346386718750000e+04 1.426469022350535572e-15 1.002108467156556692e-17
1.023040917968750000e+04 1.387200998432299836e-15 9.851138760355322276e-18
1.023735351562500000e+04 1.367602879494321869e-15 9.445385990382748376e-18
1.024429882812500000e+04 1.362782414991497645e-15 9.473359584338066666e-18
1.025124316406250000e+04 1.382754604854806793e-15 9.480333544082501242e-18
1.025818847656250000e+04 1.356773986780149266e-15 1.001643922524546911e-17
1.026513281250000000e+04 1.350252468361001594e-15 9.399234275285964750e-18
1.027207812500000000e+04 1.301133557145316751e-15 9.413514721381080220e-18
1.027902246093750000e+04 1.324057021555096695e-15 9.206430882209042294e-18
1.028596777343750000e+04 1.340013428215473205e-15 9.301551689568965159e-18
1.029291308593750000e+04 1.339936030579917843e-15 9.218607808006435415e-18
1.029985742187500000e+04 1.337052730427464205e-15 9.198787733349052319e-18
1.030680273437500000e+04 1.326344010512683306e-15 9.206523526437648233e-18
1.031374707031250000e+04 1.369744072905862333e-15 9.325615200768745287e-18
1.032069238281250000e+04 1.355087967698639581e-15 9.199997071404604845e-18
1.032763671875000000e+04 1.332922386018415423e-15 9.179071056268238351e-18
1.033458203125000000e+04 1.351600733054793627e-15 9.526533235654812944e-18
1.034152636718750000e+04 1.361871536935844052e-15 9.270659802412559787e-18
1.034847167968750000e+04 1.349917678588599332e-15 9.391920344309770879e-18
1.035541699218750000e+04 1.348198413463909916e-15 9.258908874630631476e-18
1.036236132812500000e+04 1.347987925776517222e-15 9.221658450105530981e-18
1.036930664062500000e+04 1.348427324117905390e-15 1.016864790258073918e-17
1.037625097656250000e+04 1.324423998579494621e-15 9.671930907826321384e-18
1.038319628906250000e+04 1.329118043414941139e-15 9.340647554040671459e-18
1.039014062500000000e+04 1.279646554734961694e-15 8.966472403952309390e-18
1.039708593750000000e+04 1.309504677883912595e-15 9.060367329644428668e-18
1.040403027343750000e+04 1.294636708560757861e-15 8.939707320871931074e-18
1.041097558593750000e+04 1.339262321749495454e-15 9.051825035458593551e-18
1.041792089843750000e+04 1.316258389209726352e-15 9.269778855060190813e-18
1.042486523437500000e+04 1.328831428641413966e-15 9.078583501094071443e-18
1.043181054687500000e+04 1.315315959176787536e-15 9.019598905974140146e-18
1.043875488281250000e+04 1.343559743407390147e-15 9.132139309853817220e-18
1.044570019531250000e+04 1.290424837230535852e-15 9.161581976577029687e-18
1.045264453125000000e+04 1.328406323981010714e-15 9.352100696802080680e-18
1.045958984375000000e+04 1.269799479085775232e-15 8.781348555682329243e-18
1.046653417968750000e+04 1.320104236427616096e-15 8.972207247139139531e-18
1.047347949218750000e+04 1.324967793731631881e-15 8.957177375409051018e-18
1.048042480468750000e+04 1.341437078841570870e-15 9.089544471391011613e-18
1.048736914062500000e+04 1.317100022321941906e-15 9.553034448119786845e-18
1.049431445312500000e+04 1.367892353004046026e-15 9.042692961496008125e-18
1.050125878906250000e+04 1.348366020108347860e-15 9.046049660421748311e-18
1.050820410156250000e+04 1.373664141385755235e-15 9.359202042360848423e-18
1.051514843750000000e+04 1.363508216348176174e-15 9.286271182113273079e-18
1.052209375000000000e+04 1.388892523227966674e-15 9.212260851166316033e-18
1.052903808593750000e+04 1.411994605710498868e-15 9.312012215595310747e-18
1.053598339843750000e+04 1.400891803717007906e-15 9.223219339921418544e-18
1.054292871093750000e+04 1.413010727609848808e-15 9.247726219929527095e-18
1.054987304687500000e+04 1.429395838820654401e-15 9.336012033887924292e-18
1.055681835937500000e+04 1.461757156086978572e-15 9.462411848930927345e-18
1.056376269531250000e+04 1.431284404655676270e-15 9.306815039806640074e-18
1.057070800781250000e+04 1.443760670573140080e-15 9.380510214940214415e-18
1.057765234375000000e+04 1.465309294630407887e-15 9.426621398186982943e-18
1.058459765625000000e+04 1.462809065128350006e-15 9.364248671278034444e-18
1.059154296875000000e+04 1.471919222113425227e-15 9.449264640275009523e-18
1.059848730468750000e+04 1.474739418311308420e-15 9.469475971362130201e-18
1.060543261718750000e+04 1.458289720838274687e-15 9.304876128450815777e-18
1.061237695312500000e+04 1.470688589120183135e-15 9.352555646138984845e-18
1.061932226562500000e+04 1.457827240849073839e-15 9.367090863862766648e-18
1.062626660156250000e+04 1.426509256415530152e-15 9.225363392069155992e-18
1.063321191406250000e+04 1.391097561747906431e-15 9.119452840799091434e-18
1.064015625000000000e+04 1.382016203883037857e-15 9.039679542524477445e-18
1.064710156250000000e+04 1.365949788818636695e-15 8.928341859255452473e-18
1.065404687500000000e+04 1.331364163032822730e-15 8.752349257767445199e-18
1.066099121093750000e+04 1.282672791697264496e-15 9.040715172651393836e-18
1.066793652343750000e+04 1.267447056833013227e-15 8.730036060743827278e-18
1.067488085937500000e+04 1.275881705042653143e-15 8.502022070532360093e-18
1.068182617187500000e+04 1.232811985498903293e-15 8.406842533348945964e-18
1.068877050781250000e+04 1.187398208152745573e-15 8.297144322054001092e-18
1.069571582031250000e+04 1.098170910456030321e-15 7.890322007549396127e-18
1.070266015625000000e+04 1.067539022709762617e-15 7.715189673898444002e-18
1.070960546875000000e+04 1.001743409191179889e-15 7.441009079339167237e-18
1.071655078125000000e+04 9.734845901257635145e-16 7.297562726232671390e-18
1.072349511718750000e+04 9.642600836928089635e-16 7.376647810237641260e-18
1.073044042968750000e+04 9.071714394764084088e-16 7.272240246140585553e-18
1.073738476562500000e+04 8.655976330570688566e-16 6.796468291676622967e-18
1.074433007812500000e+04 8.211696432428375325e-16 6.885306248693899309e-18
1.075127441406250000e+04 7.853787954521991056e-16 6.323082339689569588e-18
1.075821972656250000e+04 7.519184529368124793e-16 6.160637715864262078e-18
1.076516406250000000e+04 7.210030209114513984e-16 6.235995524029068005e-18
1.077210937500000000e+04 7.106905535973079020e-16 6.260598770578538984e-18
1.077905468750000000e+04 6.562495755553466800e-16 6.096247495441296744e-18
1.078599902343750000e+04 6.472608089795248414e-16 5.935592890461553986e-18
1.079294433593750000e+04 6.617099205102623238e-16 6.031537569711579666e-18
1.079988867187500000e+04 6.355510549397669698e-16 4.908502989779467071e-18
1.080683398437500000e+04 6.574625267358148381e-16 5.601214640414036908e-18
1.081377832031250000e+04 6.365557948338881802e-16 6.005026844669561405e-18
1.082072363281250000e+04 6.402602934287048627e-16 6.843300362827231458e-18
1.082766796875000000e+04 6.603542972177410195e-16 7.379333665686600940e-18
1.083461328125000000e+04 6.579423709004343993e-16 5.974898858808848755e-18
1.084155859375000000e+04 6.295676142003625922e-16 5.370105340350396294e-18
1.084850292968750000e+04 6.318649793115530683e-16 5.970312969492854769e-18
1.085544824218750000e+04 6.710191831775015082e-16 6.223285480326884458e-18
1.086239257812500000e+04 7.254008159735957258e-16 6.317735030619720541e-18
1.086933789062500000e+04 6.850573778497022481e-16 6.038992121391907551e-18
1.087628222656250000e+04 7.050517493883176178e-16 6.026787071453687628e-18
1.088322753906250000e+04 6.991016605712113783e-16 6.247858534783997251e-18
1.089017187500000000e+04 7.217284516912155033e-16 6.559817295099183343e-18
1.089711718750000000e+04 7.617260886143924128e-16 4.564883891518813845e-18
1.090406250000000000e+04 7.486752167213349667e-16 6.544078529584136886e-18
1.091100683593750000e+04 7.752600869247400304e-16 6.931082423792583861e-18
1.091795214843750000e+04 8.166084767009915320e-16 7.228154001033346837e-18
1.092489648437500000e+04 8.271651542017402839e-16 6.775297431078940776e-18
1.093184179687500000e+04 8.827552912553295744e-16 7.295184581971581435e-18
1.093878613281250000e+04 8.764783535997015818e-16 6.649929523850097625e-18
1.094573144531250000e+04 8.326675331666634223e-16 6.994903957544418988e-18
1.095267675781250000e+04 8.704579081084140319e-16 6.818193363284715685e-18
1.095962109375000000e+04 8.803197009550590372e-16 6.941486287946969566e-18
1.096656640625000000e+04 8.849916170547585375e-16 6.867409782551008279e-18
1.097351074218750000e+04 8.670392831332956757e-16 7.153534865155550764e-18
1.098045605468750000e+04 8.671274804389285298e-16 7.197313399074919754e-18
1.098740039062500000e+04 8.700379915248127125e-16 7.352729882825670464e-18
1.099434570312500000e+04 8.651066186454573793e-16 7.181631709022139455e-18
1.100129003906250000e+04 8.490841963547542375e-16 7.130149642058064118e-18
1.100823535156250000e+04 8.356115549935233533e-16 7.109911014010729190e-18
1.101518066406250000e+04 8.457500099765652944e-16 7.219079002533027571e-18
1.102212500000000000e+04 8.184962484426253505e-16 7.041650415501628241e-18
1.102907031250000000e+04 7.941712621424947601e-16 6.808244448467234145e-18
1.103601464843750000e+04 8.058543875839733247e-16 7.250887405808141697e-18
1.104295996093750000e+04 7.833902797294012288e-16 6.946300479112028187e-18
1.104990429687500000e+04 7.771658051769437994e-16 7.424617668320816440e-18
1.105684960937500000e+04 7.461510585385171517e-16 7.043841616944281211e-18
1.106379394531250000e+04 7.452211222415503367e-16 7.037464881602109921e-18
1.107073925781250000e+04 7.033509601697901861e-16 6.898376943143155976e-18
1.107768457031250000e+04 7.191321898287626659e-16 6.833358892635262895e-18
1.108462890625000000e+04 6.965152454667703722e-16 7.200137393686175790e-18
1.109157421875000000e+04 6.603160748559961692e-16 6.480706982085530606e-18
1.109851855468750000e+04 6.284061732109993362e-16 6.530669518264346031e-18
1.110546386718750000e+04 6.492377838784163784e-16 6.690088315408934566e-18
1.111240820312500000e+04 6.434026268443407068e-16 6.753624885439745175e-18
1.111935351562500000e+04 6.337556627289430734e-16 7.052713129013912433e-18
1.112629785156250000e+04 6.613877832925096727e-16 7.374972769497221378e-18
1.113324316406250000e+04 6.424516735423701445e-16 7.433102059863772845e-18
1.114018847656250000e+04 6.182612066621753777e-16 7.740390558440484543e-18
1.114713281250000000e+04 6.084857582365911077e-16 8.474404164240439605e-18
1.115407812500000000e+04 5.981578855107194236e-16 9.051707575811611021e-18
1.116102246093750000e+04 6.630981016316937152e-16 9.656991198783001151e-18
1.116796777343750000e+04 6.545422747710372309e-16 9.328662534145390641e-18
1.117491210937500000e+04 6.620035233056043456e-16 9.723660301793550075e-18
1.118185742187500000e+04 6.446261659366495436e-16 1.096752653047526502e-17
1.118880175781250000e+04 7.001566930465758128e-16 1.048393027459716334e-17
1.119574707031250000e+04 6.725098023459914667e-16 9.805624801510817034e-18
1.120269238281250000e+04 6.793906215534525721e-16 1.111923641790116561e-17
1.120963671875000000e+04 6.019315231698557384e-16 1.106159268255418277e-17
1.121658203125000000e+04 6.963257218448222225e-16 1.325360228066561739e-17
1.122352636718750000e+04 6.499886785861573157e-16 1.209876632849359737e-17
1.123047167968750000e+04 6.922977625432728040e-16 1.011269244286397707e-17
1.123741601562500000e+04 6.606447765790900411e-16 1.065592759372653949e-17
1.124436132812500000e+04 6.115348121489105719e-16 1.111072555657860751e-17
1.125130566406250000e+04 7.264131791642422249e-16 1.349525151609440868e-17
1.125825097656250000e+04 6.296947750215691440e-16 1.055681315836921061e-17
1.126519628906250000e+04 9.705103398105984457e-16 2.034543691675022527e-17
1.127214062500000000e+04 7.217694798495981334e-16 1.189977314289294061e-17
1.127908593750000000e+04 6.239571326555461237e-16 1.180460105033503946e-17
1.128603027343750000e+04 6.594734358921557505e-16 1.026398129535808818e-17
1.129297558593750000e+04 6.298796399623073951e-16 8.880221454300792641e-18
1.129991992187500000e+04 6.603098809275693721e-16 8.341896447554344996e-18
1.130686523437500000e+04 5.814472489503721628e-16 7.129803053381404400e-18
1.131381054687500000e+04 5.322955152079812159e-16 7.906098823372620024e-18
1.132075488281250000e+04 4.915296723412038594e-16 8.620957407727684624e-18
1.132770019531250000e+04 4.334677078590693086e-16 1.154791698009248433e-17
1.133464453125000000e+04 4.951787961570937920e-16 1.436145520122523799e-17
1.134158984375000000e+04 5.273007736762594204e-16 1.081834533418193903e-17
1.134853417968750000e+04 5.138105563813730094e-16 8.534069529004502044e-18
1.135547949218750000e+04 4.355035515477950194e-16 7.336049785773538661e-18
1.136242382812500000e+04 3.886205426150655126e-16 5.657934415016798016e-18
1.136936914062500000e+04 3.525553355588554975e-16 5.599492863969007781e-18
1.137631445312500000e+04 3.475930459769253824e-16 4.600842259927106511e-18
1.138325878906250000e+04 3.340073257172360491e-16 4.852052048875785697e-18
1.139020410156250000e+04 3.206681714545365222e-16 5.452358526101444260e-18
1.139714843750000000e+04 3.006015638873881218e-16 5.051215220092322106e-18
1.140409375000000000e+04 2.916960977079728233e-16 4.376567539674685288e-18
1.141103808593750000e+04 2.845628362124503347e-16 4.288639067740910999e-18
1.141798339843750000e+04 2.799530182156964152e-16 4.485233843155470257e-18
1.142492773437500000e+04 2.573422148425717152e-16 5.681055353908573969e-18
1.143187304687500000e+04 2.426784863388236745e-16 5.493933864459278260e-18
1.143881835937500000e+04 2.874231605962097001e-16 9.651277862292097389e-18
1.144576269531250000e+04 2.648087308632795676e-16 6.658523516824217306e-18
1.145270800781250000e+04 2.664009675156604404e-16 9.797522567410860128e-18
1.145965234375000000e+04 2.848796530045030447e-16 6.338046864151266412e-18
1.146659765625000000e+04 2.563449129565185816e-16 3.493957967864785505e-18
1.147354199218750000e+04 2.051925138624925791e-16 4.503078196919770446e-18
1.148048730468750000e+04 1.920555093066112114e-16 2.949732475013843975e-18
1.148743164062500000e+04 2.167051606884464149e-16 4.434483417443198073e-18
1.149437695312500000e+04 2.662835740431269147e-16 4.104999181489850984e-18
1.150132226562500000e+04 2.719827822891682711e-16 6.714040570816326312e-18
1.150826660156250000e+04 1.668797181156330789e-16 3.207191613490361285e-18
1.151521191406250000e+04 2.262887693863673867e-16 3.421282913221642185e-18
1.152215625000000000e+04 3.144253798145947186e-16 4.635505677086447412e-18
1.152910156250000000e+04 2.299753744101733222e-16 4.090210432908321679e-18
1.153604589843750000e+04 2.181349258336320721e-16 3.968157451984284786e-18
1.154299121093750000e+04 1.598011961243268994e-16 3.126724931067274721e-18
1.154993554687500000e+04 2.213764282785456736e-16 4.684746498180810320e-18
1.155688085937500000e+04 2.460362572906377296e-16 4.342528230287515646e-18
1.156382617187500000e+04 2.474429407880107071e-16 3.715321839541632624e-18
1.157077050781250000e+04 2.181262040412533130e-16 2.682626756233733255e-18
1.157771582031250000e+04 3.939070605273368129e-16 8.553153412916712946e-18
1.158466015625000000e+04 2.387175485192257526e-16 4.122989119041960506e-18
1.159160546875000000e+04 2.702475823571586335e-16 5.574366425682097012e-18
1.159854980468750000e+04 2.561590951037146695e-16 4.212879663388710577e-18
1.160549511718750000e+04 2.644784674231891956e-16 4.079225474373617471e-18
1.161243945312500000e+04 2.361767408450384702e-16 2.221059354043684398e-18
1.161938476562500000e+04 2.574580730678883425e-16 2.238250028328914557e-18
1.162633007812500000e+04 2.393293710049393744e-16 3.079949108198319835e-18
1.163327441406250000e+04 2.297890536315569778e-16 2.293714763147279584e-18
1.164021972656250000e+04 2.611571453578866771e-16 3.947167743940751709e-18
1.164716406250000000e+04 2.258567561134880919e-16 2.595058521456725810e-18
1.165410937500000000e+04 2.825563475093029056e-16 3.596287654263108006e-18
1.166105371093750000e+04 2.545259626418491751e-16 2.129675335100969836e-18
1.166799902343750000e+04 2.618802732668254344e-16 2.153393705190162213e-18
1.167494433593750000e+04 2.603175768884800553e-16 3.062705907944192559e-18
1.168188867187500000e+04 2.631971977415690578e-16 2.456316551288972169e-18
1.168883398437500000e+04 2.350317640585874697e-16 2.142312586909248716e-18
1.169577832031250000e+04 2.469860194525262155e-16 2.927145481207471001e-18
1.170272363281250000e+04 2.569073428334954371e-16 3.348605583831814344e-18
1.170966796875000000e+04 2.654717194329632695e-16 2.412370720090714330e-18
1.171661328125000000e+04 2.564694532695445655e-16 3.598611204603769460e-18
1.172355761718750000e+04 2.431755093904047369e-16 2.846281131704899568e-18
1.173050292968750000e+04 2.598618202232980384e-16 3.803157253656494697e-18
1.173744824218750000e+04 2.314517263674579660e-16 3.497950768681578969e-18
1.174439257812500000e+04 2.253038553571678473e-16 3.377919003584315400e-18
1.175133789062500000e+04 2.345705810885871049e-16 1.913154399115467556e-18
1.175828222656250000e+04 2.214379969858992206e-16 2.489570659479675849e-18
1.176522753906250000e+04 2.061073756199762277e-16 2.903056740999008005e-18
1.177217187500000000e+04 1.956293927739833206e-16 2.306023831047528050e-18
1.177911718750000000e+04 1.702583075491038685e-16 2.815038933559077990e-18
1.178606152343750000e+04 1.586350699839741431e-16 3.127627385115570074e-18
1.179300683593750000e+04 1.852529877072119253e-16 3.272735544072684954e-18
1.179995214843750000e+04 1.575122086983803604e-16 2.881211728202095098e-18
1.180689648437500000e+04 1.616275976819541837e-16 2.893689954537610658e-18
1.181384179687500000e+04 1.406957194894059137e-16 3.555531224711701502e-18
1.182078613281250000e+04 1.468243469699255987e-16 2.059809799408362874e-18
1.182773144531250000e+04 1.364043197063706070e-16 1.302298680742767093e-18
1.183467578125000000e+04 1.337562961899066514e-16 1.302371576034248329e-18
1.184162109375000000e+04 8.757276441804178564e-17 1.235597214290752032e-18
1.184856542968750000e+04 1.186532355192194466e-16 1.136014594706718136e-18
1.185551074218750000e+04 1.162138865102454685e-16 1.956291868060107949e-18
1.186245605468750000e+04 8.826589544924691986e-17 9.311556645872947167e-19
1.186940039062500000e+04 8.845635874837092980e-17 8.555771025965137002e-19
1.187634570312500000e+04 8.519743918847941179e-17 8.491415340332745757e-19
1.188329003906250000e+04 8.852029650099882863e-17 1.962485589691751882e-18
1.189023535156250000e+04 9.548714910961034934e-17 1.990165741324766985e-18
1.189717968750000000e+04 8.463528062674347376e-17 7.806621979509416347e-19
1.190412500000000000e+04 1.008749006939683394e-16 1.079204037031729333e-18
1.191106933593750000e+04 7.446201126608040081e-17 7.834533638316369729e-19
1.191801464843750000e+04 8.420797897463328094e-17 6.226720451218087475e-19
1.192495996093750000e+04 8.348167469214232009e-17 9.769170538325298828e-19
1.193190429687500000e+04 1.303401726089606556e-17 1.391935073846310246e-18
1.193884960937500000e+04 5.572412707793308016e-17 8.645631791809835163e-19
1.194579394531250000e+04 9.064577348090078557e-17 7.260647103060501732e-19
1.195273925781250000e+04 1.153039613666575363e-16 9.699775254810928263e-19
1.195968359375000000e+04 1.022067342720726186e-16 9.474048005402863923e-19
1.196662890625000000e+04 9.693481444325165414e-17 8.130976558291592404e-19
1.197357324218750000e+04 9.033492562414825820e-17 7.644206100210395054e-19
1.198051855468750000e+04 1.299377657845658587e-16 1.035289431901595371e-18
1.198746386718750000e+04 1.337565344179230667e-16 1.919657486296206321e-18
1.199440820312500000e+04 8.769051523259993423e-17 7.656542465070857771e-19
1.200135351562500000e+04 1.001536521393813026e-16 1.306914348560812988e-18
1.200829785156250000e+04 8.409343100340693766e-17 1.030113452616121369e-18
1.201524316406250000e+04 7.675070090700642075e-17 9.470594526345455033e-19
1.202218750000000000e+04 1.158894331867776689e-16 9.760585437542764092e-19
1.202913281250000000e+04 1.300727748954243136e-16 2.106462992751506773e-18
1.203607812500000000e+04 5.267423605883371225e-17 8.449368715820909669e-19
1.204302246093750000e+04 6.106437864279582513e-17 7.305869067148775755e-19
1.204996777343750000e+04 1.111606732353835245e-16 9.933394841238514178e-19
1.205691210937500000e+04 9.363067126491063700e-17 8.394027747901697890e-19
1.206385742187500000e+04 9.996525348306622505e-17 1.940325214286303132e-18
1.207080175781250000e+04 8.475185353610934684e-17 6.916007470719111208e-19
1.207774707031250000e+04 1.273207913195746935e-16 1.809357914695935399e-18
1.208469140625000000e+04 1.327248615230571297e-16 2.045241287664925812e-18
1.209163671875000000e+04 1.171892184792291936e-16 2.117044080352131965e-18
1.209858203125000000e+04 1.239492957870371587e-16 1.373448000746056354e-18
1.210552636718750000e+04 1.448240521952049668e-16 2.259273237187256032e-18
1.211247167968750000e+04 9.813905044878595352e-17 9.250995651300642937e-19
1.211941601562500000e+04 1.224204542568023499e-16 1.939947399541519537e-18
1.212636132812500000e+04 1.346732622948686349e-16 1.991297944788198942e-18
1.213330566406250000e+04 1.477011848890114097e-16 1.608023911359330138e-18
1.214025097656250000e+04 1.267139319175363899e-16 2.046862975255836023e-18
1.214719531250000000e+04 7.737786262999922591e-17 7.010008792517520119e-19
1.215414062500000000e+04 1.426343396776545919e-16 2.418953836995717600e-18
1.216108593750000000e+04 9.169283193516020885e-17 9.019376807979669658e-19
1.216803027343750000e+04 1.257708533749973324e-16 1.732913811591694208e-18
1.217497558593750000e+04 1.199038267262812177e-16 1.720877506498435102e-18
1.218191992187500000e+04 1.278986663129491391e-16 2.274091557475684108e-18
1.218886523437500000e+04 1.142552551686179074e-16 1.096213765557963518e-18
1.219580957031250000e+04 1.058890114869136766e-16 1.938778386540828971e-18
1.220275488281250000e+04 1.183260690433424731e-16 1.554028456104012427e-18
1.220969921875000000e+04 9.398146863652702540e-17 2.890460434631050500e-18
1.221664453125000000e+04 1.130672914600937512e-16 1.169899324716916931e-18
1.222358984375000000e+04 8.022654031073384474e-17 9.547176975407145717e-19
1.223053417968750000e+04 1.008605342210895184e-16 7.956131256313196180e-19
1.223747949218750000e+04 9.407869875444895848e-17 7.893545220203785569e-19
1.224442382812500000e+04 1.037007415723515942e-16 7.519403674327808467e-19
1.225136914062500000e+04 8.955674719108287188e-17 8.279833913375103882e-19
1.225831347656250000e+04 6.405537771100386769e-17 9.141358030985567575e-19
1.226525878906250000e+04 8.706380349586035792e-17 6.499077939707297367e-19
1.227220312500000000e+04 7.869754657926632626e-17 7.091030099541323488e-19
1.227914843750000000e+04 9.252638514715234505e-17 1.706218728670653192e-18
1.228609375000000000e+04 5.027346013618430684e-17 8.179691809504254432e-19
1.229303808593750000e+04 8.239641372847274778e-17 9.347648603950167147e-19
1.229998339843750000e+04 4.675266842924830112e-17 6.712588248455836333e-19
1.230692773437500000e+04 6.221172447452117749e-17 5.886552247075428911e-19
1.231387304687500000e+04 8.340352928531321046e-17 7.345273883579270611e-19
1.232081738281250000e+04 6.090807459424780503e-17 4.664582626581334872e-19
1.232776269531250000e+04 6.024129422863616005e-17 4.070591983525248383e-19
1.233470703125000000e+04 1.120527577475199130e-16 6.842203314539833005e-19
1.234165234375000000e+04 8.047622974171665146e-17 2.205278195522244597e-18
1.234859765625000000e+04 5.932097307910966146e-17 6.701051663850135826e-19
1.235554199218750000e+04 6.671639788925225645e-17 5.659595600481957634e-19
1.236248730468750000e+04 7.769068248533207970e-17 6.588263519376999120e-19
1.236943164062500000e+04 5.887070227575009617e-17 8.588945621419459022e-19
1.237637695312500000e+04 5.848532875452899121e-17 7.272182653690436549e-19
1.238332128906250000e+04 8.293611929966154643e-17 7.942143115167041636e-19
1.239026660156250000e+04 1.079762065480666794e-16 8.907821162619236963e-19
1.239721191406250000e+04 8.534099142070431443e-17 7.461305610029380877e-19
1.240415625000000000e+04 6.463150569892460126e-17 6.691909767117776333e-19
1.241110156250000000e+04 6.852569996925684452e-17 8.136452493946693448e-19
1.241804589843750000e+04 5.250062739187108280e-17 4.734424070638601226e-19
1.242499121093750000e+04 6.567845165662071732e-17 7.472295221455030695e-19
1.243193554687500000e+04 9.653800597724261612e-17 1.357582986790018991e-18
1.243888085937500000e+04 9.137058222084425054e-17 5.882494926170856310e-19
1.244582519531250000e+04 6.881580875369144239e-17 7.581326414983528119e-19
1.245277050781250000e+04 7.510582909788757373e-17 6.522027031826815428e-19
1.245971582031250000e+04 1.009765843523082580e-16 6.785587454501523871e-19
1.246666015625000000e+04 6.895793823526275381e-17 7.580848718179778745e-19
1.247360546875000000e+04 1.018270385185760776e-16 1.546444243862666855e-18
1.248054980468750000e+04 7.674080782688028654e-17 7.568518557173910176e-19
1.248749511718750000e+04 6.613264660480623418e-17 9.281126739088652661e-19
1.249443945312500000e+04 1.157942346244401660e-16 1.466203071554077559e-18
1.250138476562500000e+04 7.599025722627417135e-17 1.041244511926517755e-18
1.250832910156250000e+04 1.277264406919706983e-16 1.062138370416571250e-18
1.251527441406250000e+04 9.468735810150017752e-17 1.072847360819412454e-18
1.252221972656250000e+04 1.078353873205856520e-16 9.802595872902800985e-19
1.252916406250000000e+04 1.454270999489806261e-16 1.707170606760548588e-18
1.253610937500000000e+04 1.414247898638652519e-16 9.859411807251771383e-19
1.254305371093750000e+04 1.163975603109016431e-16 8.788513800943416707e-19
1.254999902343750000e+04 1.562193320184048786e-16 1.058321552275098442e-18
1.255694335937500000e+04 1.522394153668325399e-16 1.044164976476712788e-18
1.256388867187500000e+04 1.464287958184476413e-16 1.087392297915391754e-18
1.257083300781250000e+04 1.637070635674634910e-16 2.124603270379947808e-18
1.257777832031250000e+04 1.405207674811284981e-16 2.504432406750262959e-18
1.258472363281250000e+04 6.284578157510022469e-17 1.270026952927046702e-18
1.259166796875000000e+04 1.796139055655358234e-16 2.470900572668894600e-18
1.259861328125000000e+04 1.630126553693925749e-16 2.645616420881426276e-18
1.260555761718750000e+04 1.536203570035428673e-16 1.342451165049433317e-18
1.261250292968750000e+04 1.272056610131971129e-16 1.420129525025180194e-18
1.261944726562500000e+04 1.856590870658611590e-16 1.248150610664433349e-18
1.262639257812500000e+04 2.037114238146592315e-16 3.312083285040913651e-18
1.263333691406250000e+04 1.631959982978037284e-16 1.404489297400604116e-18
1.264028222656250000e+04 1.980336031505360462e-16 1.588407426530211656e-18
1.264722753906250000e+04 2.057804341372258686e-16 3.374929366055395620e-18
1.265417187500000000e+04 1.107018593106575115e-16 1.249472341885716518e-18
1.266111718750000000e+04 1.609515330411472435e-16 1.278450753490133598e-18
1.266806152343750000e+04 2.089156868868182588e-16 1.787233521647132706e-18
1.267500683593750000e+04 2.309836877245407616e-16 1.606172164160553616e-18
1.268195117187500000e+04 2.361981019571770396e-16 3.561966689877364058e-18
1.268889648437500000e+04 1.979785327740747158e-16 3.012388097692285609e-18
1.269584082031250000e+04 2.289048041741826916e-16 2.418301398287566400e-18
1.270278613281250000e+04 2.258289893146859118e-16 3.517335332746452897e-18
1.270973144531250000e+04 2.378528337591975187e-16 2.780081660487127625e-18
1.271667578125000000e+04 2.333864819678847964e-16 2.871781869218990582e-18
1.272362109375000000e+04 2.511748885442743493e-16 2.505741213274474987e-18
1.273056542968750000e+04 2.467487443481766046e-16 3.317801998205799008e-18
1.273751074218750000e+04 2.338699260225301883e-16 3.548745448556622740e-18
1.274445507812500000e+04 2.330942556010820628e-16 2.285551938067453168e-18
1.275140039062500000e+04 2.314150921924892175e-16 2.730127602909590869e-18
1.275834570312500000e+04 2.494728287763260362e-16 2.168188657626285666e-18
1.276529003906250000e+04 2.387582855100327641e-16 3.504794033889230167e-18
1.277223535156250000e+04 2.376759891616785818e-16 3.328788817896881460e-18
1.277917968750000000e+04 2.388571501368451019e-16 3.285879444006152564e-18
1.278612500000000000e+04 2.487223840548383278e-16 3.164890010554705727e-18
1.279306933593750000e+04 2.509313930417183397e-16 2.464228740643195017e-18
1.280001464843750000e+04 2.601286356016831430e-16 3.055351651913136728e-18
1.280695898437500000e+04 2.466128220299218911e-16 3.171390616193606833e-18
1.281390429687500000e+04 2.428185379426962527e-16 3.696747912477060664e-18
1.282084960937500000e+04 2.317235180644081896e-16 2.590277417516169310e-18
1.282779394531250000e+04 2.270793687635108693e-16 2.816234209544217115e-18
1.283473925781250000e+04 2.259310832546096567e-16 2.169454657553798075e-18
1.284168359375000000e+04 2.322656191506509418e-16 1.509921221288730178e-18
1.284862890625000000e+04 2.302956322735742528e-16 2.617677154921528937e-18
1.285557324218750000e+04 2.333248338511924444e-16 1.501618292492652594e-18
1.286251855468750000e+04 2.262389267913773915e-16 2.740715514750269624e-18
1.286946289062500000e+04 2.278893440193227940e-16 3.133752450756372106e-18
1.287640820312500000e+04 2.278114699277346018e-16 3.566550924832132937e-18
1.288335351562500000e+04 2.144472223139726663e-16 1.563112450193493208e-18
1.289029785156250000e+04 1.261271630782157742e-16 1.742620155694544573e-18
1.289724316406250000e+04 2.161035423027692472e-16 2.943359875574735449e-18
1.290418750000000000e+04 2.175058053469487414e-16 1.578203429891334076e-18
1.291113281250000000e+04 2.025017681217514847e-16 3.461815383622199955e-18
1.291807714843750000e+04 2.072709738963770219e-16 2.522780513507607943e-18
1.292502246093750000e+04 1.619566699819624794e-16 1.261630035733867780e-18
1.293196679687500000e+04 1.991384120464414717e-16 1.526372292708761362e-18
1.293891210937500000e+04 1.472396578118762228e-16 1.691416124813863623e-18
1.294585742187500000e+04 1.728267629080851232e-16 1.486614270156706363e-18
1.295280175781250000e+04 2.312050809611293544e-16 1.823238418964881480e-18
1.295974707031250000e+04 2.009258500884950581e-16 1.814470304471819386e-18
1.296669140625000000e+04 1.681847311895559387e-16 1.415730061539740348e-18
1.297363671875000000e+04 1.990994220610881721e-16 2.466468952537141754e-18
1.298058105468750000e+04 1.752868377544872301e-16 1.083352968189142182e-18
1.298752636718750000e+04 1.568496039405008831e-16 1.452465359338373445e-18
1.299447070312500000e+04 2.165411274642546993e-16 2.862875201973325857e-18
1.300141601562500000e+04 1.491480627467095641e-16 1.149666176741140166e-18
1.300836132812500000e+04 1.528404381824686694e-16 1.161375538697287688e-18
1.301530566406250000e+04 1.543574609561113205e-16 1.317590975522188054e-18
1.302225097656250000e+04 1.647669929520542394e-16 2.994725930457900224e-18
1.302919531250000000e+04 1.314280805505903976e-16 1.555669789234470772e-18
1.303614062500000000e+04 1.639051898677821922e-16 2.270889954914797614e-18
1.304308496093750000e+04 1.639776508894418374e-16 2.245208064846557488e-18
1.305003027343750000e+04 1.547027195263460538e-16 1.282708562295673739e-18
1.305697460937500000e+04 1.164792725205320814e-16 1.355189849880326512e-18
1.306391992187500000e+04 1.573809847660049481e-16 3.119271206567559389e-18
1.307086523437500000e+04 1.148767788285555511e-16 1.049201162238665328e-18
1.307780957031250000e+04 1.607680312940584799e-16 1.552466945902665449e-18
1.308475488281250000e+04 1.389398466595273508e-16 1.422824479460877958e-18
1.309169921875000000e+04 1.567569067723357406e-16 1.012119482558525651e-18
1.309864453125000000e+04 1.624058886115828772e-16 1.331525660121256358e-18
1.310558886718750000e+04 1.513675405314220471e-16 2.851092634532967392e-18
1.311253417968750000e+04 1.497285185435951751e-16 2.923379121083363928e-18
1.311947949218750000e+04 1.255812768134899793e-16 1.382843945324046195e-18
1.312642382812500000e+04 1.143002140892713896e-16 1.014037714399036122e-18
1.313336914062500000e+04 1.525973132568270835e-16 2.702333093556890310e-18
1.314031347656250000e+04 1.530202341604131955e-16 1.979584653724141794e-18
1.314725878906250000e+04 1.272634577769574181e-16 1.044379733243246868e-18
1.315420312500000000e+04 1.322395248791702164e-16 1.893460055911192520e-18
1.316114843750000000e+04 1.256666815573748543e-16 1.529822773236449747e-18
1.316809277343750000e+04 1.308231402075732169e-16 1.559227286253908206e-18
1.317503808593750000e+04 1.249804525212008625e-16 1.318443902131306795e-18
1.318198339843750000e+04 1.141852823062408217e-16 2.779500772901962262e-18
1.318892773437500000e+04 7.701806553331826057e-17 8.397839499561918810e-19
1.319587304687500000e+04 1.495044121545974084e-16 2.403155100886261048e-18
1.320281738281250000e+04 1.192958026539404394e-16 2.605216299378876990e-18
1.320976269531250000e+04 1.150055410714280056e-16 2.051638702522410928e-18
1.321670703125000000e+04 9.974260954939145212e-17 1.624595130763334649e-18
1.322365234375000000e+04 8.903817773890602819e-17 1.160682568139121389e-18
1.323059667968750000e+04 1.217545143066930589e-16 2.528697750019506026e-18
1.323754199218750000e+04 1.148945400506682897e-16 2.440812498272737633e-18
1.324448730468750000e+04 9.809290700549529543e-17 1.114359833450692424e-18
1.325143164062500000e+04 9.766371276414358127e-17 1.044586631793961694e-18
1.325837695312500000e+04 5.839946078950108651e-17 8.551690957593719193e-19
1.326532128906250000e+04 9.463480235410100835e-17 1.200510590850513688e-18
1.327226660156250000e+04 7.609994799294360324e-17 1.977847160847474159e-18
1.327921093750000000e+04 7.922175409449833138e-17 1.440596454921579758e-18
1.328615625000000000e+04 7.977586584323535356e-17 8.063944426389709270e-19
1.329310058593750000e+04 8.905425813001405905e-17 8.473796393285366268e-19
1.330004589843750000e+04 5.449799063850082682e-17 1.659282536160439588e-18
1.330699121093750000e+04 8.519078865635448545e-17 1.172867558947486901e-18
1.331393554687500000e+04 1.132236484482009747e-16 4.347031401542254329e-18
1.332088085937500000e+04 4.761446158735299769e-17 1.246477327682815143e-18
1.332782519531250000e+04 6.872239028403215365e-17 1.024521608277686333e-18
1.333477050781250000e+04 7.027307599988326272e-17 8.705600318268398287e-19
1.334171484375000000e+04 8.062737218324234068e-17 2.509310911207947578e-18
1.334866015625000000e+04 3.138807310120653030e-17 8.147416772966083830e-19
1.335560449218750000e+04 8.040059896394970303e-17 8.935903944415412252e-19
1.336254980468750000e+04 5.396207686323997125e-17 8.876157722746472755e-19
1.336949511718750000e+04 5.322015541078400924e-17 7.571573438573645077e-19
1.337643945312500000e+04 6.434652543428783216e-17 8.234552495680302610e-19
1.338338476562500000e+04 6.007212586720171526e-17 1.522796080727964915e-18
1.339032910156250000e+04 7.728674703116528480e-17 1.069013171885076032e-18
1.339727441406250000e+04 8.054569967828130493e-17 8.555370877343814475e-19
1.340421875000000000e+04 5.036846679261969739e-17 6.966064822475640523e-19
1.341116406250000000e+04 7.830145941475143449e-17 9.207876793919784987e-19
1.341810839843750000e+04 5.188781228942239735e-17 8.755861880238651631e-19
1.342505371093750000e+04 7.804820318096729911e-17 9.228415688529476664e-19
1.343199902343750000e+04 6.198863717203807614e-17 1.860655313588258272e-18
1.343894335937500000e+04 8.291185312921169081e-17 2.230358518490005535e-18
1.344588867187500000e+04 8.935416073290128477e-17 1.420433410502716863e-18
1.345283300781250000e+04 9.061863533936414584e-17 1.613975682661802310e-18
1.345977832031250000e+04 6.397876755139165648e-17 3.327064973500320950e-18
1.346672265625000000e+04 8.061473286348253041e-17 3.407782291649011082e-18
1.347366796875000000e+04 7.547456636262901220e-17 3.060884249440197654e-18
1.348061328125000000e+04 2.250651244149401431e-16 9.871855498796712854e-18
1.348755761718750000e+04 1.357888311561821501e-16 4.713644052880350342e-18
1.349450292968750000e+04 1.364671986678144379e-16 1.148350359861236751e-17
1.350144726562500000e+04 -1.026374472170289801e-17 1.124847015372277534e-17
1.350839257812500000e+04 1.853728130907463569e-17 1.498844652501185723e-17
1.351533691406250000e+04 3.127902091796998935e-16 3.320130594348197036e-17
1.352228222656250000e+04 1.487318883281994346e-17 6.042785985271382013e-17
1.352922656250000000e+04 3.693566162250875443e-18 6.790900042665161005e-17
1.353617187500000000e+04 2.209060655889794403e-15 1.356011339490265175e-16
1.354311718750000000e+04 5.950482141487508484e-18 7.899854106056212197e-17
1.355006152343750000e+04 -4.955493201319583450e-16 3.210939113896502150e-16
1.355700683593750000e+04 -1.000650524930985028e-15 2.808413704889089644e-16
1.356395117187500000e+04 -6.903050645952978591e-16 4.492903097835592406e-16
1.357089648437500000e+04 -1.334750944863080245e-16 3.820261793624539709e-16
1.357784082031250000e+04 -6.727822822572113344e-16 2.218095400472784389e-16
1.358478613281250000e+04 -1.106797199869986523e-15 3.182003144929315165e-16
1.359173046875000000e+04 -4.032071381810542086e-16 3.313217548184070865e-16
1.359867578125000000e+04 1.555802588945913098e-15 5.510214549080832708e-16
1.360562109375000000e+04 -8.414411533738826686e-16 1.091565006379512440e-15
1.361256542968750000e+04 0.000000000000000000e+00 -3.820279726900219859e-17
1.361951074218750000e+04 5.778606467539014382e-16 8.900544917991751008e-16
1.362645507812500000e+04 -3.645684862124080189e-15 9.793544225711174091e-16
1.363340039062500000e+04 2.523914660845479399e-15 2.612165964828720884e-16
1.364034472656250000e+04 -3.747858476084426184e-16 5.448975655181122896e-16
1.364729003906250000e+04 -1.951559675309171710e-15 1.041487465625772543e-15
1.365423437500000000e+04 9.516980556894356555e-16 2.388228453024813028e-16
1.366117968750000000e+04 -3.190401476601341553e-16 3.966957047479347832e-16
1.366812500000000000e+04 2.234227910576850988e-15 5.508278020005172564e-16
1.367506933593750000e+04 2.813538307159537365e-15 5.078681438003512620e-16
1.368201464843750000e+04 2.604374532263402202e-15 4.394365902196927529e-16
1.368895898437500000e+04 1.891711207168203512e-14 1.254220531482518920e-15
1.369590429687500000e+04 6.953582725762038827e-15 4.460250507114531162e-16
1.370284863281250000e+04 2.877210409079353562e-15 2.944927887415697094e-16
1.370979394531250000e+04 6.087727435870327053e-15 4.127493084390087240e-16
1.371673828125000000e+04 -8.663503277098227092e-16 1.800701783914200734e-16
1.372368359375000000e+04 9.447691144226586651e-16 2.651491322289573896e-16
1.373062890625000000e+04 5.646232158542112325e-16 1.551041602037853888e-16
1.373757324218750000e+04 -4.303712465714832052e-16 1.117260544927859691e-16
1.374451855468750000e+04 4.938476838804836590e-16 8.960896544879211941e-17
1.375146289062500000e+04 -9.242365593251815944e-17 8.090627101601561991e-17
1.375840820312500000e+04 1.017529032833566251e-15 1.189619128540446349e-16
1.376535253906250000e+04 4.421764771062643975e-16 7.563272991319405151e-17
1.377229785156250000e+04 1.764691898697358266e-16 5.762664910424994424e-17
1.377924218750000000e+04 1.854619083836521985e-15 1.477109257679048342e-16
1.378618750000000000e+04 -1.222388186291755059e-16 7.869282172360742337e-17
1.379313281250000000e+04 6.144629521080094848e-16 1.972493168158275683e-16
1.380007714843750000e+04 -1.323668048143849759e-16 6.968368665238207902e-17
1.380702246093750000e+04 4.920959456301788812e-15 5.648158099705931790e-16
1.381396679687500000e+04 2.958895301897242897e-15 4.389075122650140355e-16
1.382091210937500000e+04 -3.531334090755769558e-16 7.383209800949799926e-16
1.382785644531250000e+04 4.289496394123707909e-15 5.763713510743915646e-16
1.383480175781250000e+04 2.230131023969218751e-15 7.773337823982961678e-16
1.384174707031250000e+04 6.980612817658344432e-15 6.846909302208963564e-16
1.384869140625000000e+04 -5.811167141950408733e-18 2.126177237921319835e-16
1.385563671875000000e+04 4.955501142253463959e-16 1.337300646383213698e-16
1.386258105468750000e+04 2.841291288736765312e-17 1.273759675751544307e-16
1.386952636718750000e+04 6.202871903579994565e-17 7.734463643915419589e-17
1.387647070312500000e+04 1.628107333026789904e-15 8.467411841086406351e-17
1.388341601562500000e+04 9.500071396986996567e-17 5.333671177653763126e-17
1.389036035156250000e+04 5.595007841056908512e-16 3.911755314736744041e-17
1.389730566406250000e+04 6.656706465716234322e-16 5.444486909956267138e-17
1.390425097656250000e+04 3.119279031696154140e-16 6.614393596580635790e-17
1.391119531250000000e+04 8.375684128599176007e-16 8.016914059366756504e-17
1.391814062500000000e+04 1.642638289116055833e-15 1.244912115848226990e-16
1.392508496093750000e+04 -3.092304208699656878e-17 8.819690858615999735e-17
1.393203027343750000e+04 2.593023867253720950e-15 2.127170119354179485e-16
1.393897460937500000e+04 2.403874760923199738e-14 1.943618741428662644e-15
1.394591992187500000e+04 1.344656756953202872e-15 1.877331398814419193e-16
1.395286425781250000e+04 -2.524045156858915765e-16 1.230956453948824341e-16
1.395980957031250000e+04 1.598931256688835927e-16 3.562246028770223215e-17
1.396675488281250000e+04 -5.519981368358266825e-17 4.047118458897371702e-17
1.397369921875000000e+04 8.541713174172859552e-17 2.710019379885824926e-17
1.398064453125000000e+04 3.087339801535358627e-16 3.752758296986496295e-17
1.398758886718750000e+04 3.234615272959035946e-16 5.993074415690415177e-17
1.399453417968750000e+04 7.577135347245711819e-16 1.921793614053675511e-16
1.400147851562500000e+04 1.231075832654827994e-16 3.763842848066951887e-17
1.400842382812500000e+04 5.101368156704534987e-16 2.669844375586981946e-17
1.401536816406250000e+04 2.340468235596083286e-16 1.896051654129351783e-17
1.402231347656250000e+04 5.142289906573166338e-16 2.861041383914326422e-17
1.402925878906250000e+04 3.038357739080214557e-16 4.410129648566473088e-17
1.403620312500000000e+04 7.116534712396584313e-16 5.930779112886801641e-17
1.404314843750000000e+04 -1.440429951736078959e-16 4.225099602577956455e-17
1.405009277343750000e+04 -3.433014609054328638e-17 3.158852543340773061e-17
1.405703808593750000e+04 2.049053299887039687e-16 3.759537538414735888e-17
1.406398242187500000e+04 -1.857008729216848877e-17 3.389274621751504619e-17
1.407092773437500000e+04 2.601069568521893532e-16 3.729048653652766352e-17
1.407787207031250000e+04 1.412995547191247235e-17 2.691578877054057769e-17
1.408481738281250000e+04 -1.391558665308567991e-16 4.802484243285280578e-17
1.409176269531250000e+04 -1.386449865496542483e-16 3.497021513981436898e-17
1.409870703125000000e+04 7.414539961481960394e-16 4.767293994793804653e-17
1.410565234375000000e+04 4.592502525729673379e-16 2.696590433513271543e-17
1.411259667968750000e+04 1.146534268282764328e-16 7.678745750470582709e-18
1.411954199218750000e+04 1.931622504964275607e-16 9.791369170834078156e-18
1.412648632812500000e+04 -4.886352416464277075e-17 1.025876344005410368e-17
1.413343164062500000e+04 8.017569186411898502e-17 1.782905588605163382e-17
1.414037597656250000e+04 4.813941687385875075e-17 9.005721296837338000e-18
1.414732128906250000e+04 4.155123034431726500e-16 2.021744560620867019e-17
1.415426660156250000e+04 0.000000000000000000e+00 -4.371026049956039417e-19
1.416121093750000000e+04 3.428398320850823329e-18 9.832340253754442169e-18
1.416815625000000000e+04 2.024987505668768913e-16 1.090712001188235507e-17
1.417510058593750000e+04 2.411308777348512627e-16 1.151346821630210094e-17
1.418204589843750000e+04 2.466169248457601541e-16 2.285921563724172489e-17
1.418899023437500000e+04 -4.206650827940063768e-17 1.417449253045355246e-17
1.419593554687500000e+04 4.156425744634824012e-17 7.509880964320944874e-18
1.420288085937500000e+04 1.901307328130942206e-16 8.025870440167235666e-18
1.420982519531250000e+04 1.383894870020488692e-16 7.266475624451703504e-18
1.421677050781250000e+04 5.205360575395762579e-17 6.123523776140232832e-18
1.422371484375000000e+04 0.000000000000000000e+00 -3.653134607885049141e-19
1.423066015625000000e+04 -1.747017034240570192e-17 5.989855938645032601e-18
1.423760449218750000e+04 2.617000934770766837e-17 5.036095599265771590e-18
1.424454980468750000e+04 1.240275007508703721e-16 5.379051712265463565e-18
1.425149414062500000e+04 7.426332248294516356e-17 3.804741718119840021e-18
1.425843945312500000e+04 1.373090038335974031e-16 5.007121943949876690e-18
1.426538476562500000e+04 1.444277995945675644e-16 7.383190808882935708e-18
1.427232910156250000e+04 3.838464465486585619e-17 2.981689357208911369e-18
1.427927441406250000e+04 1.374891306837869504e-16 6.806501578916584916e-18
1.428621875000000000e+04 9.808430432712474394e-17 3.971052584128220383e-18
1.429316406250000000e+04 6.541035911136983084e-17 3.723630868794727787e-18
1.430010839843750000e+04 6.166323093650461547e-17 3.977067014362093447e-18
1.430705371093750000e+04 1.495444344613551741e-16 8.416339393961667274e-18
1.431399804687500000e+04 7.429222086482531614e-17 9.218907247388179611e-18
1.432094335937500000e+04 1.610633943297440146e-16 6.735210604233395949e-18
1.432788867187500000e+04 6.576645871071268415e-18 3.063471050010804109e-18
1.433483300781250000e+04 9.103424396633528906e-17 6.537150891954005279e-18
1.434177832031250000e+04 1.066853283364511257e-16 4.806741990052274777e-18
1.434872265625000000e+04 1.171806158008586421e-16 6.314516884446582986e-18
1.435566796875000000e+04 1.129377086540536441e-16 3.831053092634233002e-18
1.436261230468750000e+04 -8.427305327342282762e-18 3.957214266070514506e-18
1.436955761718750000e+04 5.740750579892749572e-17 4.474095856207443739e-18
1.437650195312500000e+04 7.388839128977692803e-17 3.827374620450209688e-18
1.438344726562500000e+04 8.634760405173234486e-17 4.376210611240368656e-18
1.439039257812500000e+04 1.002404928688095697e-16 4.128996931830933146e-18
1.439733691406250000e+04 9.507433304438718514e-17 2.244749599992049972e-18
1.440428222656250000e+04 1.560413028982487657e-17 2.004351268444591995e-18
1.441122656250000000e+04 -6.434678516900017381e-18 1.694184905119231745e-18
1.441817187500000000e+04 1.290621057706723231e-16 5.336670699991002915e-18
1.442511621093750000e+04 6.882912967027599634e-17 3.704850560167323846e-18
1.443206152343750000e+04 8.397092224596538405e-17 4.752134834733974102e-18
1.443900585937500000e+04 8.351249875048849611e-17 2.537307252630111077e-18
1.444595117187500000e+04 8.776759523080007556e-17 4.677031384607528231e-18
1.445289648437500000e+04 8.716000129237782483e-17 2.639654309821297191e-18
1.445984082031250000e+04 4.736892791176765738e-17 3.168014685318624789e-18
1.446678613281250000e+04 9.021859094279880038e-17 3.804524996799351128e-18
1.447373046875000000e+04 8.903545796905195384e-17 1.682783771338836795e-18
1.448067578125000000e+04 7.420123761488938352e-17 2.470281014390092382e-18
1.448762011718750000e+04 0.000000000000000000e+00 -1.714838596888309297e-19
1.449456542968750000e+04 7.813995405451168094e-17 2.271446647467045802e-18
1.450150976562500000e+04 5.347055952581606178e-17 4.250930798746762403e-18
1.450845507812500000e+04 0.000000000000000000e+00 -1.855442369669160807e-19
1.451540039062500000e+04 3.830357847329382182e-18 2.193147591839154447e-18
1.452234472656250000e+04 1.065854644754588238e-16 2.788887618493214020e-18
1.452929003906250000e+04 1.085963339271303336e-16 1.946112583442030391e-18
1.453623437500000000e+04 7.252478735870571212e-17 1.035850880742365738e-18
1.454317968750000000e+04 4.724905703329953537e-18 1.242889431775866385e-18
1.455012402343750000e+04 8.246724685868688865e-17 1.901468405011624657e-18
1.455706933593750000e+04 9.102393398718042813e-17 1.847728341770432694e-18
1.456401464843750000e+04 1.078032000685899886e-16 2.247203844869494805e-18
1.457095898437500000e+04 7.600461708170809191e-17 9.638793432101987680e-19
1.457790429687500000e+04 7.748193518594819764e-17 2.418589463935887992e-18
1.458484863281250000e+04 7.174439208159868369e-17 1.134305536163607012e-18
1.459179394531250000e+04 1.142282427585343757e-16 2.739011315893257248e-18
1.459873828125000000e+04 9.959760147928845616e-17 2.964161400028912713e-18
1.460568359375000000e+04 1.062108443022009082e-16 3.359662093489504388e-18
1.461262792968750000e+04 1.048346010513698820e-16 2.374008564822342565e-18
1.461957324218750000e+04 1.157491036502192728e-16 2.932593085926592103e-18
1.462651855468750000e+04 9.528369576614680665e-17 2.447252306136616092e-18
1.463346289062500000e+04 5.805790137096569032e-17 1.212410100949971836e-18
1.464040820312500000e+04 1.120967505212179332e-16 1.314114438805204248e-18
1.464735253906250000e+04 1.118908156359167314e-16 1.292218657798195898e-18
1.465429785156250000e+04 1.261512505776533183e-16 3.218535568410913507e-18
1.466124218750000000e+04 1.161280450149971655e-16 2.171788134061810166e-18
1.466818750000000000e+04 1.501830046593563106e-16 3.709671782367589168e-18
1.467513183593750000e+04 8.448213309941295600e-17 2.679482849520572335e-18
1.468207714843750000e+04 1.210395523247614251e-16 3.197785949540173946e-18
1.468902246093750000e+04 1.367307847330881355e-16 2.910276166590217693e-18
1.469596679687500000e+04 7.857959724136116494e-17 3.109049115352782211e-18
1.470291210937500000e+04 1.557029330881553740e-16 5.722551282927602879e-18
1.470985644531250000e+04 8.461020051057086596e-17 3.482225238056333360e-18
1.471680175781250000e+04 1.520839848210113758e-16 4.383500967569104766e-18
1.472374609375000000e+04 8.668823702798168166e-17 3.340735994279137977e-18
1.473069140625000000e+04 1.329691643538909911e-16 2.039807745016218112e-18
1.473763574218750000e+04 1.184576767875221101e-16 3.323767211193225167e-18
1.474458105468750000e+04 1.402730632836158187e-16 3.840280292367262026e-18
1.475152636718750000e+04 5.700825549575020117e-17 1.974725381215699033e-18
1.475847070312500000e+04 1.849855502890061809e-16 4.700341747859578827e-18
1.476541601562500000e+04 1.266312138562810871e-16 2.378928841900961112e-18
1.477236035156250000e+04 7.681361957311965425e-17 1.808420098676453404e-18
1.477930566406250000e+04 1.346792974046178218e-16 3.477358107332071346e-18
1.478625000000000000e+04 1.972190089181836254e-16 3.737418315244761652e-18
1.479319531250000000e+04 9.675768529560199900e-17 4.338754218742742457e-18
1.480013964843750000e+04 1.475730711557391968e-16 3.746613254933901107e-18
1.480708496093750000e+04 1.038983517119680623e-16 1.846918945541049556e-18
1.481403027343750000e+04 1.048707786226405012e-16 2.793704084404957162e-18
1.482097460937500000e+04 9.248767309448486336e-17 1.991192065669792155e-18
1.482791992187500000e+04 7.203733974989556354e-17 1.490325312577348952e-18
1.483486425781250000e+04 5.213000415533302343e-17 1.517137648350219361e-18
1.484180957031250000e+04 1.964151878861290952e-16 5.715463585848942261e-18
1.484875390625000000e+04 9.008524281061035190e-17 2.235638619135084649e-18
1.485569921875000000e+04 1.044864043355993603e-16 1.425596051500813447e-18
1.486264355468750000e+04 7.571815450941362779e-17 2.273102456258223825e-18
1.486958886718750000e+04 6.919678829149866566e-17 1.545287431776011445e-18
1.487653417968750000e+04 1.038321507931842184e-16 2.213608524676113001e-18
1.488347851562500000e+04 1.026138063951222146e-16 2.365080597675904599e-18
1.489042382812500000e+04 1.154876219324239102e-16 2.565965545337470135e-18
1.489736816406250000e+04 3.310376480564971734e-17 9.010953007416582762e-19
1.490431347656250000e+04 8.632801641482708917e-17 1.247432617892737321e-18
1.491125781250000000e+04 9.322258005534637569e-17 1.342812642977118990e-18
1.491820312500000000e+04 1.105842077577728693e-16 1.029831797617547063e-18
1.492514843750000000e+04 8.416739418505897919e-17 1.090766574429148693e-18
1.493209277343750000e+04 9.565233376921473876e-17 2.257707177492540012e-18
1.493903808593750000e+04 1.153250313112204870e-16 2.079793655827031470e-18
1.494598242187500000e+04 1.105028131854976514e-16 1.107400866354860372e-18
1.495292773437500000e+04 1.115903174629884675e-16 1.480283133145802058e-18
1.495987207031250000e+04 1.166809590062072109e-16 1.753836724800763628e-18
1.496681738281250000e+04 1.208020389923953990e-16 1.812506164107312222e-18
1.497376171875000000e+04 1.138000676036973269e-16 1.298225436611402847e-18
1.498070703125000000e+04 1.047778829311283460e-16 1.855217841831640945e-18
1.498765234375000000e+04 1.247153047389306648e-16 2.007175469851001170e-18
1.499459667968750000e+04 1.166015629022919210e-16 1.222234111494957869e-18
1.500154199218750000e+04 1.342555294680844555e-16 1.212821830099870106e-18
1.500848632812500000e+04 1.243551701525597779e-16 1.546318512409558794e-18
1.501543164062500000e+04 1.307013395167360087e-16 1.778383929863734139e-18
1.502237597656250000e+04 1.395101248261561093e-16 2.108122523855441285e-18
1.502932128906250000e+04 1.539933161981307764e-16 2.848727104776218871e-18
1.503626562500000000e+04 1.058410482462754018e-16 1.374019685946907065e-18
1.504321093750000000e+04 1.610230146809616260e-16 3.186635141292652856e-18
1.505015625000000000e+04 1.580580420235469519e-16 2.417347452246139621e-18
1.505710058593750000e+04 1.332105555089686658e-16 2.321609568149252198e-18
1.506404589843750000e+04 1.622415377500359412e-16 2.225032302525776590e-18
1.507099023437500000e+04 1.536182129513951299e-16 1.195682027422311958e-18
1.507793554687500000e+04 1.255029527356485582e-16 1.255337569416600330e-18
1.508487988281250000e+04 1.596268926256497254e-16 2.614592805212471835e-18
1.509182519531250000e+04 1.875238433341313020e-16 2.171276522852946118e-18
1.509876953125000000e+04 1.791242543475738335e-16 2.567567587388832212e-18
1.510571484375000000e+04 1.863287724897840902e-16 2.156295661574151372e-18
1.511266015625000000e+04 1.729467901236890178e-16 2.359245458839802404e-18
1.511960449218750000e+04 1.768304758915193874e-16 2.782565890661777506e-18
1.512654980468750000e+04 1.823416428232702891e-16 1.956666167287288194e-18
1.513349414062500000e+04 1.853591315234147299e-16 2.447947965031773188e-18
1.514043945312500000e+04 1.969483157170868722e-16 2.500758484059608687e-18
1.514738378906250000e+04 1.925260758134803778e-16 2.057329084751316344e-18
1.515432910156250000e+04 2.034543360802777505e-16 2.322989098615837509e-18
1.516127343750000000e+04 1.905916378504087677e-16 1.999988511098834189e-18
1.516821875000000000e+04 2.025298260881292834e-16 2.436709268844168339e-18
1.517516406250000000e+04 2.016246522699798559e-16 2.927976590927933655e-18
1.518210839843750000e+04 1.971589357533775743e-16 2.243517514469652237e-18
1.518905371093750000e+04 2.138482244364760666e-16 2.201898335539352926e-18
1.519599804687500000e+04 2.109496909258616517e-16 2.673909306553190035e-18
1.520294335937500000e+04 2.061610166283390664e-16 1.965433661394890873e-18
1.520988769531250000e+04 2.104820360947486720e-16 2.017588226196971821e-18
1.521683300781250000e+04 2.149532186208387039e-16 2.147978360514930679e-18
1.522377734375000000e+04 2.258707321571177878e-16 2.677990408900373535e-18
1.523072265625000000e+04 2.209865681296820810e-16 3.187648644338183453e-18
1.523766796875000000e+04 2.340440177629705487e-16 2.721037301567939372e-18
1.524461230468750000e+04 2.153447728355968051e-16 2.172288371537251609e-18
1.525155761718750000e+04 2.292939364041072375e-16 2.365198884503499682e-18
1.525850195312500000e+04 2.285350742927061895e-16 3.036596365499262517e-18
1.526544726562500000e+04 2.204906171041748873e-16 2.389914420821124734e-18
1.527239160156250000e+04 2.330892792825169438e-16 2.561702670050678107e-18
1.527933691406250000e+04 2.338142336062482181e-16 2.825307967273617552e-18
1.528628222656250000e+04 2.162508466262526904e-16 2.756988432145872199e-18
1.529322656250000000e+04 2.278132434029679155e-16 2.408612424977579648e-18
1.530017187500000000e+04 2.239005070520246835e-16 2.822936647252581160e-18
1.530711621093750000e+04 2.279222988949269066e-16 2.721094377030205531e-18
1.531406152343750000e+04 2.027279523884479846e-16 2.638426566997115359e-18
1.532100585937500000e+04 2.267802867237912962e-16 2.785515616726141602e-18
1.532795117187500000e+04 2.247642159604280529e-16 3.000514126794240035e-18
1.533489550781250000e+04 2.131110013698994058e-16 2.756142639969536728e-18
1.534184082031250000e+04 2.223874415104324861e-16 3.542353823963425495e-18
1.534878613281250000e+04 2.230689589258373759e-16 2.274526034092427586e-18
1.535573046875000000e+04 2.221723745511686990e-16 2.756331857534658233e-18
1.536267578125000000e+04 2.041925649984792758e-16 1.941688407935790522e-18
1.536962011718750000e+04 2.230848672633779957e-16 2.338788868701059753e-18
1.537656542968750000e+04 2.265143448481330476e-16 2.336622689471936512e-18
1.538350976562500000e+04 2.302078849541946276e-16 2.828866705063973815e-18
1.539045507812500000e+04 2.266519347625026680e-16 1.588223585639071745e-18
1.539739941406250000e+04 2.150677798269548481e-16 2.439147797289974665e-18
1.540434472656250000e+04 2.149321486762757532e-16 2.467930787474676092e-18
1.541129003906250000e+04 2.226730504323347955e-16 2.576739159225667044e-18
1.541823437500000000e+04 2.192137811106380338e-16 2.388772911575801556e-18
1.542517968750000000e+04 2.374787893036459400e-16 3.280796005551707932e-18
1.543212402343750000e+04 2.211981807827078468e-16 3.148810239832134283e-18
1.543906933593750000e+04 2.054107571953085699e-16 2.459536351823334829e-18
1.544601367187500000e+04 2.244631486872383525e-16 2.919538728294433358e-18
1.545295898437500000e+04 2.125961376868667997e-16 2.659792642219360064e-18
1.545990332031250000e+04 2.118394858020624934e-16 2.280286519878246870e-18
1.546684863281250000e+04 2.278769826322488016e-16 2.221083755871754712e-18
1.547379394531250000e+04 2.103856993318882962e-16 2.584072322151102773e-18
1.548073828125000000e+04 2.157825168157598674e-16 1.609077946254875834e-18
1.548768359375000000e+04 2.144825991744103342e-16 1.485750176609318156e-18
1.549462792968750000e+04 2.212604244694412370e-16 2.063909926909635094e-18
1.550157324218750000e+04 2.160295857385621061e-16 2.711439524920486592e-18
1.550851757812500000e+04 2.151443966040119597e-16 2.705518566095832019e-18
1.551546289062500000e+04 2.132044793965627984e-16 2.673493648295382138e-18
1.552240722656250000e+04 2.136203990434442615e-16 2.604571925681698181e-18
1.552935253906250000e+04 2.073079389435907916e-16 2.467847449027961375e-18
1.553629785156250000e+04 2.037063945565349091e-16 2.067790437958274485e-18
1.554324218750000000e+04 2.188135977477297794e-16 2.787408619557969206e-18
1.555018750000000000e+04 2.000952945790428141e-16 2.728726565747079179e-18
1.555713183593750000e+04 2.207304465422560620e-16 2.437761235788182652e-18
1.556407714843750000e+04 2.173366502204040975e-16 1.991104384524861534e-18
1.557102148437500000e+04 2.049896494716251742e-16 1.534993686040671862e-18
1.557796679687500000e+04 2.349168058057773002e-16 2.384328056554247862e-18
1.558491113281250000e+04 2.202103815475317224e-16 2.032130888546266600e-18
1.559185644531250000e+04 1.630567937268784045e-16 1.291503766953796944e-18
1.559880175781250000e+04 2.225824443767581871e-16 2.543200294109091984e-18
1.560574609375000000e+04 2.254327102442689077e-16 1.750457691998484510e-18
1.561269140625000000e+04 2.254370777579031877e-16 1.658166359321375846e-18
1.561963574218750000e+04 2.259779877040638636e-16 1.341455859977378887e-18
1.562658105468750000e+04 2.234923695203461192e-16 2.513426961936011444e-18
1.563352539062500000e+04 2.188192093410053392e-16 2.643121437358813206e-18
1.564047070312500000e+04 2.155843243409921619e-16 2.635202423764536796e-18
1.564741601562500000e+04 2.249383341706480150e-16 3.011046617533877736e-18
1.565436035156250000e+04 2.608245790469709575e-16 2.480452440792350687e-18
1.566130566406250000e+04 1.545461772497816184e-16 1.370462912710505615e-18
1.566825000000000000e+04 2.156110852881694775e-16 2.185042462607053605e-18
1.567519531250000000e+04 2.119409709370553992e-16 2.416567627723655254e-18
1.568213964843750000e+04 2.204929729145594383e-16 1.601927590244814324e-18
1.568908496093750000e+04 1.687794012580876610e-16 1.356552009554048211e-18
1.569602929687500000e+04 2.084989996163283464e-16 2.268674558439227468e-18
1.570297460937500000e+04 2.181164499274700877e-16 2.668457772726159306e-18
1.570991992187500000e+04 2.163020524148921730e-16 2.540083891151298452e-18
1.571686425781250000e+04 2.248419312333386350e-16 2.901065510469439730e-18
1.572380957031250000e+04 2.171923237471258452e-16 2.377521600883855274e-18
1.573075390625000000e+04 2.287531323370649685e-16 2.975895784198589963e-18
1.573769921875000000e+04 2.305649093414623152e-16 2.250522286691904414e-18
1.574464355468750000e+04 1.825291679768585107e-16 1.181302629846419832e-18
1.575158886718750000e+04 2.178367702361985584e-16 2.651923879847296250e-18
1.575853320312500000e+04 2.199984909618201388e-16 2.841760176066990996e-18
1.576547851562500000e+04 2.173330370954884658e-16 2.259497816723564179e-18
1.577242382812500000e+04 2.228177607174172724e-16 2.941704273578710564e-18
1.577936816406250000e+04 1.742775318233847270e-16 1.372270302348933981e-18
1.578631347656250000e+04 1.791038858521703278e-16 1.356989691495665331e-18
1.579325781250000000e+04 1.971118063107967530e-16 1.385165117520446560e-18
1.580020312500000000e+04 2.084776649739693787e-16 1.351017964460915317e-18
1.580714746093750000e+04 1.788552287425919872e-16 1.570948125341054901e-18
1.581409277343750000e+04 2.289323327449684564e-16 2.585763079323161161e-18
1.582103710937500000e+04 2.029542028295934887e-16 2.658675534802107200e-18
1.582798242187500000e+04 1.922744937932560497e-16 3.145266804883110251e-18
1.583492773437500000e+04 1.798988527429480904e-16 1.546515381395346415e-18
1.584187207031250000e+04 2.156006694298962098e-16 3.445295346018597163e-18
1.584881738281250000e+04 2.268887863503786517e-16 1.311266766148913881e-18
1.585576171875000000e+04 2.147737535151391991e-16 1.625700967844741478e-18
1.586270703125000000e+04 2.228989170616760751e-16 1.035171041676423719e-18
1.586965136718750000e+04 1.211202586827669989e-16 1.268451794245592600e-18
1.587659667968750000e+04 1.497333095737030822e-16 1.508227051996645008e-18
1.588354101562500000e+04 2.070056672954292140e-16 1.280580743567457644e-18
1.589048632812500000e+04 1.186798111779395503e-16 1.135312421764237184e-18
1.589743164062500000e+04 2.042291594687786218e-16 2.450431781616116792e-18
1.590437597656250000e+04 1.802086285736267490e-16 1.400830574153705506e-18
1.591132128906250000e+04 1.965558747647121142e-16 2.115005286937341890e-18
1.591826562500000000e+04 1.969328044262402778e-16 1.973416161101180728e-18
1.592521093750000000e+04 1.956106257002457175e-16 2.359256625778071870e-18
1.593215527343750000e+04 2.201126948259116600e-16 2.489791103112921231e-18
1.593910058593750000e+04 2.062118650749539261e-16 2.591995264853288810e-18
1.594604492187500000e+04 1.388024287987251414e-16 1.542426110639613953e-18
1.595299023437500000e+04 1.983266897851758350e-16 1.531291639209190786e-18
1.595993554687500000e+04 1.883942093921044982e-16 1.379423553491139426e-18
1.596687988281250000e+04 2.164134504823459143e-16 3.299590376249525274e-18
1.597382519531250000e+04 2.066017384587073196e-16 1.978537856658955937e-18
1.598076953125000000e+04 2.056454382612572145e-16 1.343824181468694774e-18
1.598771484375000000e+04 1.887338166643942692e-16 1.182057121962644762e-18
1.599465917968750000e+04 1.968579478895266790e-16 2.477255387724833235e-18
1.600160449218750000e+04 1.301174691182817788e-16 1.257208031576735863e-18
1.600854980468750000e+04 8.078859961079627641e-17 1.496606715353923506e-18
1.601549414062500000e+04 2.018930161304716597e-16 1.656727271850686716e-18
1.602243945312500000e+04 1.736660931494753298e-16 2.305242558958971715e-18
1.602938378906250000e+04 1.932173341077786919e-16 2.932875981696085238e-18
1.603632910156250000e+04 1.820658409547104084e-16 1.393303540772202661e-18
1.604327343750000000e+04 1.807048840015993622e-16 1.278096203200078057e-18
1.605021875000000000e+04 1.952777549868645783e-16 1.644748662605153184e-18
1.605716308593750000e+04 1.735533848279313045e-16 1.455746681430794736e-18
1.606410839843750000e+04 2.093928443688082477e-16 1.106975798917584685e-18
1.607105371093750000e+04 1.881766675084479523e-16 1.569633528552555002e-18
1.607799804687500000e+04 1.955921630289735339e-16 1.334511885530149357e-18
1.608494335937500000e+04 1.964975089006903725e-16 2.697179965135838086e-18
1.609188769531250000e+04 1.673653591619854116e-16 1.932774089269459681e-18
1.609883300781250000e+04 1.936466209933590120e-16 1.294281025860443734e-18
1.610577734375000000e+04 1.963836094390642708e-16 2.402082868017239186e-18
1.611272265625000000e+04 2.109946763162947356e-16 1.339723330184386570e-18
1.611966699218750000e+04 1.861722566829992565e-16 2.316289762834770538e-18
1.612661230468750000e+04 2.309814642630542191e-16 2.821314132481058396e-18
1.613355761718750000e+04 2.056577996483312069e-16 2.062432995925921663e-18
1.614050195312500000e+04 1.750498141130438353e-16 1.398666773068843354e-18
1.614744726562500000e+04 1.623241764019524389e-16 1.205714797674391061e-18
1.615439160156250000e+04 1.980433837340988732e-16 2.421303236730521337e-18
1.616133691406250000e+04 6.873205837103167344e-17 1.170504200539846332e-18
1.616828125000000000e+04 1.992287004646628597e-16 2.329484741171063298e-18
1.617522656250000000e+04 1.925104189388459740e-16 1.624106473816468948e-18
1.618217089843750000e+04 1.686275706022923276e-16 1.185135267817107717e-18
1.618911621093750000e+04 2.100623312693841662e-16 3.336069454853420071e-18
1.619606152343750000e+04 2.137443702562088089e-16 1.789825698891720756e-18
1.620300585937500000e+04 2.210160289943787697e-16 2.082153602114645258e-18
1.620995117187500000e+04 2.072591551397848643e-16 2.695331836852241484e-18
1.621689550781250000e+04 1.743761846919602513e-16 2.867045846621818222e-18
1.622384082031250000e+04 2.036947610883999634e-16 2.756641016288599927e-18
1.623078515625000000e+04 2.088360525548865537e-16 2.203286137812063769e-18
1.623773046875000000e+04 1.975249598657098388e-16 2.564998364406242508e-18
1.624467480468750000e+04 2.176830734609413055e-16 3.655570861584170946e-18
1.625162011718750000e+04 2.050884743937681095e-16 2.853088000965598433e-18
1.625856542968750000e+04 1.891931864544919178e-16 2.030245123544798835e-18
1.626550976562500000e+04 1.882367539081438042e-16 2.796644918277736313e-18
1.627245507812500000e+04 2.058151624880632949e-16 2.640483971975687878e-18
1.627939941406250000e+04 2.085066493826332368e-16 2.669696889283763741e-18
1.628634472656250000e+04 2.080518985690760843e-16 2.064011049739519702e-18
1.629328906250000000e+04 1.956095669090616497e-16 2.481208690667377293e-18
1.630023437500000000e+04 2.130704099628802036e-16 2.684321028923394994e-18
1.630717871093750000e+04 2.053673335218719862e-16 2.597064227647013764e-18
1.631412402343750000e+04 1.927620538986295055e-16 2.653055256130115654e-18
1.632106933593750000e+04 1.920437434895782571e-16 2.582914889678987949e-18
1.632801367187500000e+04 2.036188854651716992e-16 2.055046479850976264e-18
1.633495898437500000e+04 2.069262447217343225e-16 2.343662410075069054e-18
1.634190332031250000e+04 2.559579512485213749e-16 3.455765177826833973e-18
1.634884863281250000e+04 1.981148124343540522e-16 1.723227940209004531e-18
1.635579296875000000e+04 1.926076424393230067e-16 2.536852303293206911e-18
1.636273828125000000e+04 2.278959085246640148e-16 2.033281289983174723e-18
1.636968359375000000e+04 1.970514155086354816e-16 1.741660005798523646e-18
1.637662792968750000e+04 2.092744715144294592e-16 1.750097041251411390e-18
1.638357324218750000e+04 1.984527918151983189e-16 2.500043800010362871e-18
1.639051757812500000e+04 1.964511603166078013e-16 2.783619718762170063e-18
1.639746289062500000e+04 2.022894010800070706e-16 2.775825195850082883e-18
1.640440820312500000e+04 2.102754262300676269e-16 2.015074837905729446e-18
1.641135156250000000e+04 1.946471257227439509e-16 1.714687610577124227e-18
1.641829687500000000e+04 1.965216758094667218e-16 1.604708364669064465e-18
1.642524218750000000e+04 2.025133089456578246e-16 2.780907600328761823e-18
1.643218750000000000e+04 1.905286662447363308e-16 1.946957134847447032e-18
1.643913281250000000e+04 2.012513224984775230e-16 2.860590322326301256e-18
1.644607617187500000e+04 2.022824792326412269e-16 2.877018956472216939e-18
1.645302148437500000e+04 2.040779111481345258e-16 2.904326463239276903e-18
