1.497391503906250000e+04 4.253367209610200593e-16 1.094697543495153818e-18
1.498408300781250000e+04 3.702312985114970421e-16 9.821596211573144031e-19
1.499425000000000000e+04 4.156684486730430599e-16 1.063046201138848198e-18
1.500441699218750000e+04 4.728965886279445571e-16 1.970835564385168420e-18
1.501458496093750000e+04 4.910578749895832141e-16 1.069453542163683951e-18
1.502475195312500000e+04 4.557461302097355008e-16 1.954539279137261222e-18
1.503491894531250000e+04 3.608069981821088830e-16 1.107983201506097703e-18
1.504508593750000000e+04 5.204232896610281288e-16 1.061794263281749191e-18
1.505525390625000000e+04 4.679591276992808337e-16 8.964125278964190174e-19
1.506542089843750000e+04 5.059578198064967978e-16 3.269885079681827221e-18
1.507558789062500000e+04 4.670655608794867502e-16 1.042747809292256314e-18
1.508575488281250000e+04 4.425786589375325800e-16 1.044022494616200529e-18
1.509592285156250000e+04 5.111669136134331347e-16 1.309272847282354808e-18
1.510608984375000000e+04 4.931660870557399642e-16 1.041318958181647528e-18
1.511625683593750000e+04 4.356862194968263297e-16 2.029824088613009344e-18
1.512642382812500000e+04 4.150302093472869446e-16 9.514025644407551751e-19
1.513659179687500000e+04 4.653951589679420665e-16 1.017284811893613032e-18
1.514675878906250000e+04 4.582676414145931462e-16 9.136202627817830830e-19
1.515692578125000000e+04 5.313483206147140946e-16 3.053412533762159293e-18
1.516709375000000000e+04 5.412244071423440162e-16 1.447061284998987946e-18
1.517726074218750000e+04 5.470684580223658579e-16 3.444647663598968143e-18
1.518742773437500000e+04 5.340541673647179570e-16 3.191477456598538280e-18
1.519759472656250000e+04 5.234653026119735417e-16 2.526548734788093260e-18
1.520776269531250000e+04 5.231068488566073624e-16 3.227539842968859490e-18
1.521792968750000000e+04 4.748662578676660258e-16 8.922984417223099651e-19
1.522809667968750000e+04 4.916497392614771565e-16 9.829221782845117255e-19
1.523826367187500000e+04 4.646624225290078933e-16 8.998724176035751939e-19
1.524843164062500000e+04 5.239147594696103548e-16 9.597781817331608568e-19
1.525859863281250000e+04 6.997338647872183067e-16 1.516474249498951832e-18
1.526876562500000000e+04 4.943647445552232060e-16 8.959546834273709166e-19
1.527893261718750000e+04 4.813614653258896110e-16 9.874083923366930711e-19
1.528910058593750000e+04 4.419033883901136908e-16 2.009569950929189047e-18
1.529926757812500000e+04 5.356085787020480049e-16 9.573495794547051675e-19
1.530943457031250000e+04 4.371545246411120576e-16 3.127247709214408234e-18
1.531960253906250000e+04 5.467603497878021062e-16 1.782556642463757888e-18
1.532976953125000000e+04 5.263038688369003123e-16 9.481430592369899695e-19
1.533993652343750000e+04 4.707045732395688346e-16 9.536783451010416925e-19
1.535010351562500000e+04 4.321402219422646081e-16 8.953002801652649026e-19
1.536027148437500000e+04 4.934232674343500512e-16 9.442674078744493275e-19
1.537043847656250000e+04 5.409786087689626589e-16 8.611920045945236520e-19
1.538060546875000000e+04 4.439767132867554044e-16 9.526878997150860110e-19
1.539077246093750000e+04 5.232058458323177088e-16 8.609726466358322460e-19
1.540094042968750000e+04 4.409559820386097558e-16 8.812313855118098696e-19
1.541110742187500000e+04 4.478685120420336941e-16 8.755223917191220109e-19
1.542127441406250000e+04 5.778222126339197743e-16 9.367098722078585901e-19
1.543144238281250000e+04 5.650197331526446518e-16 8.668752006918575132e-19
1.544160937500000000e+04 4.784602186628660221e-16 9.368797544261616682e-19
1.545177636718750000e+04 5.392607200728125310e-16 9.186636863740954619e-19
1.546194335937500000e+04 5.101092341601085305e-16 8.487039037904457395e-19
1.547211132812500000e+04 4.689029341607589378e-16 9.165762960983178965e-19
1.548227832031250000e+04 4.556283926300671531e-16 2.649976489890193285e-18
1.549244531250000000e+04 4.486188773541825974e-16 9.121336124258721540e-19
1.550261230468750000e+04 4.493787717869881116e-16 9.072208833703431535e-19
1.551278027343750000e+04 4.333893043718890824e-16 9.115412477097076171e-19
1.552294726562500000e+04 4.265868886516082032e-16 9.168083202601390208e-19
1.553311425781250000e+04 4.469438167614280151e-16 1.612296919608625941e-18
1.554328125000000000e+04 4.119008461236559320e-16 8.447074323596840709e-19
1.555344921875000000e+04 2.924844471538501616e-16 8.033754918970937988e-19
1.556361621093750000e+04 3.786235950737742431e-16 8.955452290241571679e-19
1.557378320312500000e+04 4.246332336285457611e-16 8.995327565645456069e-19
1.558395117187500000e+04 3.826410723426013896e-16 9.012145181474424813e-19
1.559411816406250000e+04 3.412917825938434303e-16 7.583859655609471766e-19
1.560428515625000000e+04 4.385284385513381344e-16 9.002228319905679703e-19
1.561445214843750000e+04 3.997369765450513486e-16 9.004926996654133955e-19
1.562462011718750000e+04 3.447774025811336813e-16 8.909386601928493568e-19
1.563478710937500000e+04 4.648850863150173676e-16 3.688635752209753121e-18
1.564495410156250000e+04 3.511510343416466727e-16 8.373384421739671393e-19
1.565512109375000000e+04 3.593658245619148943e-16 8.251681338214744431e-19
1.566528906250000000e+04 3.394816996553405922e-16 8.782543624872315230e-19
1.567545605468750000e+04 4.426836380834329098e-16 2.583075362717823236e-18
1.568562304687500000e+04 2.804469443030640791e-16 8.009394966919134169e-19
1.569579003906250000e+04 3.055720591009947629e-16 8.764401486087495951e-19
1.570595800781250000e+04 3.042353617008886719e-16 9.299672128422091542e-19
1.571612500000000000e+04 3.083211045313085947e-16 8.165685573782200291e-19
1.572629199218750000e+04 3.194866928420147818e-16 8.133530478432849877e-19
1.573645996093750000e+04 3.669177320916178209e-16 9.152461896733326280e-19
1.574662695312500000e+04 4.105240205376736685e-16 1.278754121979787421e-18
1.575679394531250000e+04 3.232922530553507430e-16 8.729730210712335796e-19
1.576696093750000000e+04 2.957032782325349097e-16 8.995927271589557014e-19
1.577712890625000000e+04 3.366856703662337484e-16 8.778593837447374523e-19
1.578729589843750000e+04 3.537091267819138631e-16 8.926816331410751552e-19
1.579746289062500000e+04 3.217690760579506974e-16 8.809648265594146564e-19
1.580762988281250000e+04 3.426831665586066271e-16 2.881260945448542003e-18
1.581779785156250000e+04 2.873218607496740061e-16 7.268666102111320490e-19
1.582796484375000000e+04 4.965748652728464892e-16 1.279160784648433803e-18
1.583813183593750000e+04 4.561077603386538837e-16 8.854839210409449849e-19
1.584829882812500000e+04 2.163520935332291810e-16 6.803048720244635440e-19
1.585846679687500000e+04 3.684359857100119508e-16 1.195687300698716983e-18
1.586863378906250000e+04 2.766434487325370502e-16 7.126945247762610258e-19
1.587880078125000000e+04 2.925203401749900626e-16 8.444542633934545599e-19
1.588896875000000000e+04 4.038871203492421999e-16 1.702854688516976597e-18
1.589913574218750000e+04 3.697096585648864016e-16 1.133607705919341964e-18
1.590930273437500000e+04 2.464690117173458719e-16 7.987255994812035229e-19
1.591946972656250000e+04 3.197080331390441711e-16 6.861121969124686439e-19
1.592963769531250000e+04 3.508867865318829327e-16 2.171495518920119532e-18
1.593980468750000000e+04 2.854097897503658299e-16 8.132885794542941362e-19
1.594997167968750000e+04 3.106949673055479748e-16 8.012244087141496503e-19
1.596013867187500000e+04 3.499284746311830986e-16 2.156626740614325722e-18
1.597030664062500000e+04 3.729043227347948004e-16 2.771629322192907650e-18
1.598047363281250000e+04 3.398794345636356896e-16 2.057899012193365380e-18
1.599064062500000000e+04 3.543572128656818096e-16 2.264260929485797651e-18
1.600080859375000000e+04 3.493857912097891091e-16 1.556427073085263069e-18
1.601097558593750000e+04 3.407512432245971782e-16 2.213468524357438401e-18
1.602114257812500000e+04 2.215778235966451844e-16 6.975421786167263803e-19
1.603130957031250000e+04 3.118113037904699392e-16 5.725384376525596998e-19
1.604147753906250000e+04 3.697104526582744525e-16 6.023300194979046909e-19
1.605164453125000000e+04 3.509970596337036019e-16 1.821334249194784410e-18
1.606181152343750000e+04 2.080758801893952217e-16 6.740530926535760454e-19
1.607197851562500000e+04 3.148815070566911593e-16 2.230244574360626355e-18
1.608214648437500000e+04 2.197126570467912150e-16 8.596853468075465967e-19
1.609231347656250000e+04 3.736584732254267464e-16 1.249160391397207457e-18
1.610248046875000000e+04 2.910693992061230478e-16 5.850890939904619351e-19
1.611264746093750000e+04 3.821628957740967353e-16 1.441749337900325540e-18
1.612281542968750000e+04 3.523060961141259197e-16 2.254694585701621886e-18
1.613298242187500000e+04 4.031138851475174305e-16 1.855836986520136886e-18
1.614314941406250000e+04 2.972119762604928271e-16 3.919894151578806419e-19
1.615331738281250000e+04 2.911799899452989374e-16 4.683742197519594375e-19
1.616348437500000000e+04 3.449656821234405512e-16 5.625395301068069859e-19
1.617365136718750000e+04 3.242593793926579421e-16 1.384202899672894251e-18
1.618381835937500000e+04 3.035693555763303766e-16 5.183787353468619283e-19
1.619398632812500000e+04 3.382943182819676733e-16 9.937342560711923502e-19
1.620415332031250000e+04 2.617674855359426039e-16 5.310979814333601274e-19
1.621432031250000000e+04 3.306912446682946666e-16 2.149725365968642674e-18
1.622448730468750000e+04 3.357979533677316400e-16 9.386168337125230263e-19
1.623465527343750000e+04 3.173208560656651375e-16 1.210543671295322498e-18
1.624482226562500000e+04 3.360413165213896412e-16 1.304871936230842993e-18
1.625498925781250000e+04 3.393489007710788789e-16 5.541161948328146514e-19
1.626515625000000000e+04 3.222176064733014511e-16 5.625574695863417297e-19
1.627532421875000000e+04 3.314394129887366291e-16 1.800060818201145644e-18
1.628549121093750000e+04 3.583295591602880630e-16 1.793892945963643994e-18
1.629565820312500000e+04 3.152841653439921723e-16 1.046679502141297423e-18
1.630582617187500000e+04 3.547452333648630843e-16 2.757229762089584545e-18
1.631599316406250000e+04 3.007835171523701862e-16 5.379966677420523782e-19
1.632616015625000000e+04 3.642631837744820470e-16 1.426812730784302381e-18
1.633632714843750000e+04 2.981409067058347776e-16 3.863985789458171547e-19
1.634649511718750000e+04 2.920690833723403341e-16 5.389221277511343625e-19
1.635666210937500000e+04 3.808590738402559519e-16 3.885477234242006320e-19
1.636682910156250000e+04 3.877057735018104700e-16 4.403470141531900545e-19
1.637699609375000000e+04 3.615298084536924198e-16 8.013303912301330070e-19
1.638716406250000000e+04 3.296632378379035647e-16 9.704163447960522075e-19
1.639733007812500000e+04 3.353966979787495169e-16 1.181980400960830469e-18
1.640749804687500000e+04 3.645623452235404252e-16 1.341505904404438345e-18
1.641766601562500000e+04 2.956059488529394702e-16 5.556286428840795779e-19
1.642783203125000000e+04 3.292380272983819059e-16 2.766893092800582152e-18
1.643800000000000000e+04 3.544527423002643337e-16 5.548185745704487410e-19
1.644816796875000000e+04 3.302645518211153128e-16 5.580855760985152084e-19
1.645833398437500000e+04 3.058489859351877158e-16 5.583320242222677260e-19
1.646850195312500000e+04 3.371232422928293997e-16 1.666389671983495202e-18
1.647866992187500000e+04 3.486400051695112993e-16 1.672743659858821284e-18
1.648883593750000000e+04 3.261249959287651403e-16 1.938460128800149193e-18
1.649900390625000000e+04 3.298930219946258954e-16 2.009391279916877593e-18
1.650916992187500000e+04 3.268392829313169308e-16 5.591292195376157065e-19
1.651933789062500000e+04 3.166935487588845230e-16 5.639493043645387679e-19
1.652950585937500000e+04 3.397926930958809289e-16 5.654646992467359146e-19
1.653967187500000000e+04 3.575945727900877455e-16 6.074232290233351051e-19
1.654983984375000000e+04 3.593583336142876141e-16 2.054396109094356446e-18
1.656000781250000000e+04 3.511422463748189093e-16 5.601553887862760219e-19
1.657017382812500000e+04 3.100357639143473155e-16 5.593057192008192087e-19
1.658034179687500000e+04 3.281869123503985226e-16 5.479448070777096501e-19
1.659050976562500000e+04 2.972288375100991080e-16 7.858266484066281784e-19
1.660067578125000000e+04 3.062365299783361599e-16 5.455770542730648930e-19
1.661084375000000000e+04 3.088297742859144037e-16 5.500743835647274199e-19
1.662100976562500000e+04 3.190558971789971649e-16 5.513954427017628897e-19
1.663117773437500000e+04 3.584564023441393944e-16 5.601468584862090688e-19
1.664134570312500000e+04 3.182431690661066638e-16 5.774547339244803353e-19
1.665151171875000000e+04 3.172106888429628751e-16 1.403616415059207534e-18
1.666167968750000000e+04 3.460012857805773402e-16 1.360354248637224772e-18
1.667184765625000000e+04 2.950283253224712408e-16 5.603661130473239057e-19
1.668201367187500000e+04 3.626657590452992417e-16 5.383091869172325690e-19
1.669218164062500000e+04 3.500276039557914535e-16 5.324307244965479087e-19
1.670234765625000000e+04 3.432684398553797469e-16 5.436097085836840858e-19
1.671251562500000000e+04 2.862517404999366044e-16 5.413020814698142768e-19
1.672268359375000000e+04 3.028246018574570330e-16 5.495934297373161189e-19
1.673284960937500000e+04 2.991072654195335275e-16 5.537900271775273356e-19
1.674301757812500000e+04 3.114344005987213773e-16 5.534969467467421410e-19
1.675318554687500000e+04 3.075654187934597503e-16 5.481059522007926368e-19
1.676335156250000000e+04 3.423710878571026208e-16 5.468416066345053340e-19
1.677351953125000000e+04 2.524445644624289439e-16 6.366761611935432214e-19
1.678368750000000000e+04 2.267995037837821281e-16 6.393054581681195890e-19
1.679385351562500000e+04 3.267736114081251208e-16 5.530336222061358764e-19
1.680402148437500000e+04 3.161008109842637246e-16 5.505026046280884654e-19
1.681418750000000000e+04 3.517926353294122035e-16 5.371449302050641826e-19
1.682435546875000000e+04 3.717390436273892984e-16 1.720151035125460406e-18
1.683452343750000000e+04 3.266329245295421018e-16 5.438926560519655058e-19
1.684468945312500000e+04 3.544148375758747038e-16 6.387621039032488190e-19
1.685485742187500000e+04 3.529147686960669396e-16 5.457968775208508601e-19
1.686502539062500000e+04 3.458667398908619149e-16 1.133208281081055420e-18
1.687519140625000000e+04 3.480300090985901946e-16 5.494611842368842036e-19
1.688535937500000000e+04 2.153513373409380260e-16 6.375834232291490391e-19
1.689552734375000000e+04 2.985064014225750082e-16 5.464587771072581359e-19
1.690569335937500000e+04 3.117209359629097461e-16 5.396621442066396149e-19
1.691586132812500000e+04 3.551725350169732771e-16 5.406638082296530469e-19
1.692602734375000000e+04 3.561632988674647915e-16 5.501554989635459012e-19
1.693619531250000000e+04 2.489199015502261900e-16 6.405678391804520784e-19
1.694636328125000000e+04 3.588576842029011192e-16 6.220105074269194636e-19
1.695652929687500000e+04 2.574517997301227403e-16 6.364176155533321157e-19
1.696669726562500000e+04 2.799178663483853618e-16 6.542240741058197197e-19
1.697686523437500000e+04 3.008786760100382865e-16 6.505832903384558529e-19
1.698703125000000000e+04 2.205073327699933589e-16 6.264471940399241966e-19
1.699719921875000000e+04 3.261814559686555598e-16 2.172017676681793631e-18
1.700736718750000000e+04 3.458169237656515214e-16 5.389551632768481991e-19
1.701753320312500000e+04 4.042561620164490579e-16 2.001461926564944270e-18
1.702770117187500000e+04 3.677350394763794156e-16 9.069087260866809547e-19
1.703786718750000000e+04 3.696818388265250182e-16 1.972172495050207251e-18
1.704803515625000000e+04 3.025488396935665548e-16 6.447306256131251902e-19
1.705820312500000000e+04 3.889650467965815976e-16 7.559486261872713960e-19
1.706836914062500000e+04 3.348749786228000713e-16 8.580868719725761553e-19
1.707853710937500000e+04 3.276214384487674720e-16 6.340602542051325560e-19
1.708870507812500000e+04 3.892736844267373833e-16 2.881733058783156643e-18
1.709887109375000000e+04 3.391044523564572082e-16 8.183894920991789504e-19
1.710903906250000000e+04 3.708013516849991862e-16 8.204540832093230229e-19
1.711920507812500000e+04 3.506128243130053699e-16 9.107830332807261981e-19
1.712937304687500000e+04 3.670126527212695059e-16 8.300182039456025517e-19
1.713954101562500000e+04 3.490229434710090482e-16 8.075076209483141640e-19
1.714970703125000000e+04 4.013758794188700130e-16 8.275685085615267603e-19
1.715987500000000000e+04 3.243104131277300137e-16 6.112111992409451262e-19
1.717004296875000000e+04 4.053533608507189955e-16 7.998275591534890094e-19
1.718020898437500000e+04 3.364949556042035224e-16 7.908305224259028656e-19
1.719037695312500000e+04 4.091657237974125928e-16 8.091370633574670594e-19
1.720054492187500000e+04 3.862004900754211715e-16 8.331365197585626124e-19
1.721071093750000000e+04 3.725471924684087060e-16 6.380866592343109873e-19
1.722087890625000000e+04 3.488328639836892628e-16 8.233521621841908400e-19
1.723104492187500000e+04 3.972330412738492300e-16 7.991626610373612289e-19
1.724121289062500000e+04 4.053895979789937185e-16 7.765514721980710791e-19
1.725138085937500000e+04 4.202732374116726569e-16 2.214028732427289939e-18
1.726154687500000000e+04 3.900774392843429092e-16 7.958251423620746159e-19
1.727171484375000000e+04 4.419933856407594602e-16 7.751842977418857781e-19
1.728188281250000000e+04 4.085215023014664940e-16 8.113615588197752891e-19
1.729204882812500000e+04 4.453625121280226432e-16 7.775867921322577624e-19
1.730221679687500000e+04 4.499183847139483043e-16 7.875858030755870455e-19
1.731238476562500000e+04 3.747376461397879284e-16 8.183846841118684860e-19
1.732255078125000000e+04 3.841100921709363633e-16 6.392002511339605008e-19
1.733271875000000000e+04 3.765554582539344620e-16 7.832471373651698462e-19
1.734288476562500000e+04 3.563913095489538085e-16 9.433017779068702368e-19
1.735305273437500000e+04 3.977517430749240822e-16 7.840816075068709974e-19
1.736322070312500000e+04 3.756404773824426058e-16 6.195785964260135622e-19
1.737338671875000000e+04 3.330608458080181735e-16 7.598221578994923709e-19
1.738355468750000000e+04 4.199031898928409345e-16 7.785701030854301740e-19
1.739372265625000000e+04 4.389901244471509315e-16 7.742666959486230475e-19
1.740388867187500000e+04 4.116134637265203089e-16 9.760713650537709812e-19
1.741405664062500000e+04 4.307134743519535442e-16 6.021936380944100104e-19
1.742422265625000000e+04 4.524444487208974415e-16 7.394535590984100483e-19
1.743439062500000000e+04 3.583788458899064226e-16 7.584686836222024794e-19
1.744455859375000000e+04 4.043532531680280821e-16 7.783814542069797991e-19
1.745472460937500000e+04 4.798546466522834140e-16 7.770842282113435135e-19
1.746489257812500000e+04 4.018642203827417188e-16 8.007596883062597025e-19
1.747506054687500000e+04 4.247790556443715093e-16 7.391100206502591190e-19
1.748522656250000000e+04 4.447163848079452222e-16 7.273008283339341040e-19
1.749539453125000000e+04 4.486117834532493426e-16 7.165892529916786721e-19
1.750556250000000000e+04 3.971061980899978985e-16 7.491663138510076993e-19
1.751572851562500000e+04 4.154116653411269984e-16 7.394994676224067413e-19
1.752589648437500000e+04 4.355869048837607629e-16 7.079323425922166764e-19
1.753606250000000000e+04 4.058782301104410430e-16 7.529059974003599374e-19
1.754623046875000000e+04 4.331026895983619085e-16 7.461988034034737125e-19
1.755639843750000000e+04 4.453461008646695911e-16 7.367287227630838060e-19
1.756656445312500000e+04 4.346776150148832715e-16 7.246062874885426163e-19
1.757673242187500000e+04 4.426648974794749085e-16 7.050663168660852892e-19
1.758690039062500000e+04 4.415156590585080348e-16 7.116038354398215743e-19
1.759706640625000000e+04 4.537548086902998441e-16 7.068405675812232490e-19
1.760723437500000000e+04 4.748422233077876850e-16 7.289047832404627092e-19
1.761740234375000000e+04 4.388276264701761143e-16 7.249830682575605204e-19
1.762756835937500000e+04 4.310872805794887077e-16 2.619457867985202467e-18
1.763773632812500000e+04 5.074538388100255024e-16 7.506668711809671760e-19
1.764790234375000000e+04 5.056980453894857445e-16 1.719782422764991463e-18
1.765807031250000000e+04 3.910661120222458896e-16 7.471741527432503012e-19
1.766823828125000000e+04 4.169243073662455687e-16 8.502760639421793378e-19
1.767840429687500000e+04 3.715781338371905830e-16 7.043223196038821254e-19
1.768857226562500000e+04 4.176892045873958036e-16 7.092647754626747503e-19
1.769874023437500000e+04 4.190993291561170018e-16 7.081308142404411185e-19
1.770890625000000000e+04 4.704550690970432398e-16 2.280655856021751797e-18
1.771907421875000000e+04 4.625716805173882631e-16 1.107979169000611507e-18
1.772924218750000000e+04 4.651919240001602378e-16 1.832701571967641255e-18
1.773940820312500000e+04 4.793118044122118143e-16 7.378335258687249436e-19
1.774957617187500000e+04 4.460311917003207099e-16 1.658101632438443572e-18
1.775974218750000000e+04 4.299788320888880489e-16 7.443547593241515910e-19
1.776991015625000000e+04 4.303685201841842304e-16 7.369294691579927689e-19
1.778007812500000000e+04 4.399951025692885572e-16 7.295476576727812654e-19
1.779024414062500000e+04 4.435051012235919710e-16 7.167156048302461471e-19
1.780041210937500000e+04 5.304314074493113144e-16 1.129592157635703291e-18
1.781058007812500000e+04 3.827717536444949671e-16 1.093151439532715640e-18
1.782074609375000000e+04 4.638157601586680168e-16 2.659014058467794527e-18
1.783091406250000000e+04 4.309269001848820262e-16 1.191560393225113359e-18
1.784108007812500000e+04 4.366885506410037856e-16 1.245873072245345156e-18
1.785124804687500000e+04 4.562796021478280999e-16 2.817187535200184479e-18
1.786141601562500000e+04 4.353062193408643692e-16 1.121496230787917101e-18
1.787158203125000000e+04 4.206573139136932787e-16 1.118090004423000303e-18
1.788175000000000000e+04 4.177417470999051719e-16 2.547439181158119974e-18
1.789191796875000000e+04 4.656032114356114041e-16 2.283527620313382771e-18
1.790208398437500000e+04 4.755960826308440123e-16 3.146611800559121474e-18
1.791225195312500000e+04 4.360300884036319739e-16 1.260102543335212046e-18
1.792241992187500000e+04 4.191174874249237658e-16 1.126964928612658306e-18
1.793258593750000000e+04 4.602047528254045276e-16 2.449600465100500999e-18
1.794275390625000000e+04 4.553390249994614027e-16 2.116815364912761053e-18
1.795291992187500000e+04 4.642409706981896755e-16 2.507935309849271893e-18
1.796308789062500000e+04 4.532097959283009053e-16 2.426396601352316605e-18
1.797325585937500000e+04 4.669993864304825080e-16 1.234435749313151012e-18
1.798342187500000000e+04 4.897764200195058645e-16 4.374299824025371162e-18
1.799358984375000000e+04 4.360852514243219102e-16 9.490811854492016720e-19
1.800375781250000000e+04 4.688545474036470359e-16 3.196006063657112969e-18
1.801392382812500000e+04 4.255722225901363565e-16 2.742279092903147984e-18
1.802409179687500000e+04 3.498446977787437280e-16 2.496545032814416702e-18
1.803425976562500000e+04 4.357969161151206260e-16 1.570312850630614175e-18
1.804442578125000000e+04 4.425840323027917245e-16 3.940892751813924441e-18
1.805459375000000000e+04 4.799628551112951509e-16 1.726915201187036221e-18
1.806475976562500000e+04 3.921042832480040432e-16 1.045516796392777574e-18
1.807492773437500000e+04 3.139837315419404060e-16 1.506901495065028781e-18
1.808509570312500000e+04 4.527207402803799536e-16 4.296222246006490880e-18
1.809526171875000000e+04 4.141909320454559415e-16 1.933504696545497143e-18
1.810542968750000000e+04 3.404819661567091158e-16 1.233957638919095362e-18
1.811559765625000000e+04 4.062512422445881555e-16 1.770491179253906288e-18
1.812576367187500000e+04 3.603026165317985488e-16 3.053247924820261240e-18
1.813593164062500000e+04 4.391212822050773396e-16 4.093671770181549823e-18
1.814609960937500000e+04 4.511079366092485624e-16 4.091910702657424427e-18
1.815626562500000000e+04 3.976102621029530123e-16 2.503290277119480366e-18
1.816643359375000000e+04 4.156064035096566824e-16 1.758787400766893499e-18
1.817659960937500000e+04 4.422253667891887317e-16 3.146130795032921888e-18
1.818676757812500000e+04 4.650210351030516828e-16 2.673705199737042575e-18
1.819693554687500000e+04 5.264244651527656433e-16 3.586026892354693974e-18
1.820710156250000000e+04 3.408674190872690258e-16 2.094307366854886893e-18
1.821726953125000000e+04 3.310023175181738084e-16 1.353827690206604814e-18
1.822743750000000000e+04 2.459217754938603905e-16 9.992572376236323469e-19
1.823760351562500000e+04 4.573704217652140285e-16 2.995084926843748238e-18
1.824777148437500000e+04 4.869303363771722119e-16 2.583629780523386903e-18
1.825793750000000000e+04 3.827905471880121719e-16 2.959098847884935045e-18
1.826810546875000000e+04 3.484239058888430459e-16 3.477006141981430032e-18
1.827827343750000000e+04 3.780384011863399283e-16 4.921446298414390572e-18
1.828843945312500000e+04 3.362429633023953680e-16 5.250729943069193552e-18
1.829860742187500000e+04 3.669683158404366636e-16 3.056378183053315035e-18
1.830877539062500000e+04 2.378194288973401772e-16 2.833493126229982899e-18
1.831894140625000000e+04 3.472217543784523802e-16 2.522760454377753532e-18
1.832910937500000000e+04 3.399665730780844757e-16 2.654808879028728073e-18
1.833927734375000000e+04 4.732804004321691620e-16 3.890703568147269487e-18
1.834944335937500000e+04 9.554272241188411195e-16 6.035956782134144216e-18
1.835961132812500000e+04 3.819410790210345154e-16 3.861581020321115041e-18
1.836977734375000000e+04 5.181840190986184769e-17 2.286604938987233172e-18
1.837994531250000000e+04 1.852088890543954983e-16 3.816127032071019894e-18
1.839011328125000000e+04 3.372350241720873656e-16 3.289146600630583885e-18
1.840027929687500000e+04 3.347652878561306394e-16 3.753061954989364511e-18
1.841044726562500000e+04 2.658159853864629392e-16 2.047456477345342820e-18
1.842061523437500000e+04 2.312707524843211643e-16 1.729129150096534399e-18
1.843078125000000000e+04 3.616822743841981939e-16 1.752804403396297450e-18
1.844094921875000000e+04 4.095717172769434197e-16 4.563414818750919668e-18
1.845111718750000000e+04 4.484985457361132834e-16 2.379390408682765701e-18
1.846128320312500000e+04 6.271521938721485480e-16 5.587727874116666068e-18
1.847145117187500000e+04 2.623872754253163365e-16 2.140000617097163004e-18
1.848161718750000000e+04 2.035368026786268372e-16 1.659468341605534312e-18
1.849178515625000000e+04 2.782986834603699616e-16 3.119815698205772419e-18
1.850195312500000000e+04 1.600403638179180316e-16 2.548983940952062754e-18
1.851211914062500000e+04 3.515257405416882938e-16 5.695616214231344915e-18
1.852228710937500000e+04 4.415020535917927626e-16 3.850218867427086653e-18
1.853245507812500000e+04 2.941785130483587623e-16 2.100304219500743206e-18
1.854262109375000000e+04 3.483015360977444012e-16 3.918524547279571743e-18
1.855278906250000000e+04 4.959781305615058346e-16 3.780786153989998063e-18
1.856295507812500000e+04 2.921957677375140554e-16 3.346177808733971207e-18
1.857312304687500000e+04 3.465914030470175706e-16 3.742764797133998146e-18
1.858329101562500000e+04 4.868155104732600508e-16 4.221524114380195992e-18
1.859345703125000000e+04 2.386627560754502400e-16 3.143421364936504446e-18
1.860362500000000000e+04 2.004274903130441100e-16 1.671544144573042825e-18
1.861379296875000000e+04 3.381065151956936339e-16 3.284321035732102660e-18
1.862395898437500000e+04 3.895590021810640740e-16 1.851939725064093296e-18
1.863412695312500000e+04 2.616390806350947723e-16 1.814023006555581337e-18
1.864429492187500000e+04 3.925389699686231094e-16 1.578809443087605738e-18
1.865446093750000000e+04 3.783482299565777904e-16 5.268256245887967102e-18
1.866462890625000000e+04 2.621097133164129430e-16 7.751546743361987227e-18
1.867479492187500000e+04 -2.787570076941733432e-16 1.592455689807076801e-17
1.868496289062500000e+04 3.599655821220860627e-15 8.446030214868645650e-18
1.869513085937500000e+04 6.618384259962726418e-15 2.017185802828964773e-17
1.870529687500000000e+04 -2.214590967089642232e-17 5.167723195780109778e-18
1.871546484375000000e+04 2.082456176510911030e-16 5.198866545842731270e-18
1.872563281250000000e+04 5.679185445959448846e-16 5.594435481703858570e-18
1.873579882812500000e+04 2.599198684499645596e-16 4.847449202357234375e-18
1.874596679687500000e+04 2.371028125541834375e-16 3.268062800792372901e-18
1.875613476562500000e+04 4.566122213983030229e-16 3.866307943931549318e-18
1.876630078125000000e+04 2.835641314280783112e-16 5.136464867612343415e-18
1.877646875000000000e+04 2.832257947052094216e-16 4.383878161928428946e-18
1.878663476562500000e+04 3.632438060922410982e-16 3.593581946479447052e-18
1.879680273437500000e+04 2.545446238364683714e-16 1.791917431865714225e-18
1.880697070312500000e+04 3.091236417790524426e-16 2.174139601748145285e-18
1.881713671875000000e+04 3.822416168986321819e-16 1.728510212203191596e-18
1.882730468750000000e+04 4.000820895314982726e-16 1.649333000957498633e-18
1.883747265625000000e+04 3.350604788382487631e-16 1.486259099481191407e-18
1.884763867187500000e+04 3.182758592439147594e-16 1.467633577025911452e-18
1.885780664062500000e+04 2.786601018310515309e-16 1.217118102803893962e-18
1.886797460937500000e+04 3.005718383248954162e-16 2.465650664116173672e-18
1.887814062500000000e+04 3.944626876709560323e-16 3.909243994397033049e-18
1.888830859375000000e+04 4.881498520629815908e-16 6.201793260061225417e-18
1.889847460937500000e+04 4.103648048133694617e-16 2.449346520652447220e-18
1.890864257812500000e+04 3.169752666231853830e-16 2.326740776284071766e-18
1.891881054687500000e+04 3.275629667056273236e-16 1.955667967083089828e-18
1.892897656250000000e+04 2.683160560698432100e-16 1.675326841514247820e-18
1.893914453125000000e+04 3.539095824228375136e-16 2.235914483869371083e-18
1.894931250000000000e+04 4.413793926331184992e-16 3.055236053422532442e-18
1.895947851562500000e+04 4.589664435960779439e-16 4.257604491928840230e-18
1.896964648437500000e+04 5.233054780827384959e-16 6.191394772580821306e-18
1.897981250000000000e+04 5.333533534799834303e-16 3.940431185032119851e-18
1.898998046875000000e+04 3.387387194117005623e-16 3.296375125208531655e-18
1.900014843750000000e+04 2.984651350361759627e-16 1.935377433452317197e-18
1.901031445312500000e+04 2.485991142912332254e-16 1.911486803000560652e-18
1.902048242187500000e+04 3.569363223109527474e-16 3.668855795812078847e-18
1.903065039062500000e+04 3.116836400434509552e-16 2.186673662775008175e-18
1.904081640625000000e+04 5.290748312447243491e-16 5.048325051032061828e-18
1.905098437500000000e+04 1.813724915478235602e-16 2.208479798083131091e-18
1.906115234375000000e+04 2.492923578190016668e-16 2.503225757031701230e-18
1.907131835937500000e+04 2.907045927036524613e-16 1.670469430162183303e-18
1.908148632812500000e+04 3.863877637661031770e-16 1.774011866736085112e-18
1.909165234375000000e+04 3.570923351919251488e-16 2.181334832306437797e-18
1.910182031250000000e+04 2.542016019626099814e-16 4.808397592048299662e-18
1.911198828125000000e+04 3.857901820218152681e-16 2.709175945174235231e-18
1.912215429687500000e+04 4.136036205756534910e-16 2.753943580311064504e-18
1.913232226562500000e+04 3.076993558782443365e-16 4.552977040191419288e-18
1.914249023437500000e+04 1.668885722569098465e-16 1.743609670502311132e-18
1.915265625000000000e+04 2.518522502042817727e-16 1.974513829774038596e-18
1.916282421875000000e+04 2.201156991458964526e-16 1.389226160737775650e-18
1.917299218750000000e+04 1.863289974829107046e-16 1.278642349199516193e-18
1.918315820312500000e+04 3.284723889234028235e-16 1.536489745576050581e-18
1.919332617187500000e+04 3.185793352670482142e-16 1.988582931222646767e-18
1.920349218750000000e+04 2.626736784406066968e-16 2.971474917414800307e-18
1.921366015625000000e+04 2.515106841683014760e-16 1.170788440477834866e-18
1.922382812500000000e+04 3.565460254107257268e-16 2.005764092930832567e-18
1.923399414062500000e+04 3.634436793980135114e-16 3.642814082177378153e-18
1.924416210937500000e+04 3.169022894408235046e-16 1.162172217024752823e-18
1.925433007812500000e+04 2.661443165326423874e-16 1.188722129748290783e-18
1.926449609375000000e+04 2.813970770418669888e-16 1.434424239985862204e-18
1.927466406250000000e+04 3.117374266356016032e-16 1.651957955233859097e-18
1.928483203125000000e+04 2.342183742012069261e-16 1.431341027650147362e-18
1.929499804687500000e+04 2.903644295659910547e-16 1.458666008607647509e-18
1.930516601562500000e+04 2.982529268131091588e-16 3.282228682372649776e-18
1.931533203125000000e+04 3.159855086243187330e-16 2.250523113872516967e-18
1.932550000000000000e+04 2.641496862907565185e-16 1.076295669997992888e-18
1.933566796875000000e+04 3.200443581586633317e-16 1.961753741644795591e-18
1.934583398437500000e+04 2.907583263562439060e-16 9.379380286223466980e-19
1.935600195312500000e+04 2.984398299268767405e-16 1.022419432148459382e-18
1.936616992187500000e+04 2.817637364289096941e-16 2.021860407265655070e-18
1.937633593750000000e+04 3.659435647929365704e-16 3.934000682950132614e-18
1.938650390625000000e+04 3.422962048506094203e-16 3.322898257959738211e-18
1.939666992187500000e+04 2.340134981070897922e-16 1.056830869413701317e-18
1.940683789062500000e+04 3.488844271143533684e-16 1.976510850567894743e-18
1.941700585937500000e+04 2.989638786234311355e-16 9.109026642768166797e-19
1.942717187500000000e+04 3.271140921831417478e-16 9.509848382314158961e-19
1.943733984375000000e+04 3.348522146123426120e-16 1.125546003669400156e-18
1.944750781250000000e+04 2.241311911812534719e-16 9.841145591375069149e-19
1.945767382812500000e+04 2.586746770779415347e-16 1.027331540818528968e-18
1.946784179687500000e+04 3.549762616012266947e-16 9.826465203453784290e-19
1.947800976562500000e+04 3.658743463192781330e-16 1.059432662632910297e-18
1.948817578125000000e+04 3.607156509727034270e-16 1.623963268172920705e-18
1.949834375000000000e+04 3.397613264070529181e-16 1.042090304102853226e-18
1.950850976562500000e+04 3.961294367529156818e-16 1.678870690053578129e-18
1.951867773437500000e+04 3.790669109425434625e-16 1.207960179447166255e-18
1.952884570312500000e+04 3.719479431280058902e-16 4.194255691897079159e-18
1.953901171875000000e+04 1.895000770791939915e-16 1.358971202653036109e-18
1.954917968750000000e+04 3.104478454431865327e-16 1.685664634617205853e-18
1.955934765625000000e+04 3.801164906433099474e-16 1.727029145316415400e-18
1.956951367187500000e+04 2.959829579238064390e-16 1.427994358289334381e-18
1.957968164062500000e+04 3.000698654245288364e-16 3.165877664206094042e-18
1.958984960937500000e+04 2.893208055656349515e-16 1.180070130733715821e-18
1.960001562500000000e+04 2.651158597159980566e-16 1.061826316530485621e-18
1.961018359375000000e+04 3.688717047520354833e-16 1.603930711495688050e-18
1.962034960937500000e+04 3.712879721131967818e-16 2.078098555956757178e-18
1.963051757812500000e+04 3.454102685416306521e-16 1.068324337229972499e-18
1.964068554687500000e+04 3.495643563429821563e-16 1.100816922269244548e-18
1.965085156250000000e+04 3.392475215152043798e-16 1.012586736207041542e-18
1.966101953125000000e+04 3.009368830553824179e-16 9.143709291876749556e-19
1.967118750000000000e+04 3.481615374334310264e-16 7.655064396713802079e-19
1.968135351562500000e+04 3.730892670848718565e-16 8.851093116210350325e-19
1.969152148437500000e+04 3.737462470145859732e-16 8.787131375344687460e-19
1.970168750000000000e+04 3.934405571316365070e-16 8.724621336454055158e-19
1.971185546875000000e+04 3.598122638646771140e-16 8.694468535174965917e-19
1.972202343750000000e+04 3.794897127321213669e-16 9.921437945484060163e-19
1.973218945312500000e+04 2.772653826740585203e-16 6.710627830404085658e-19
1.974235742187500000e+04 3.521448157470127805e-16 7.017087390609442653e-19
1.975252539062500000e+04 3.553025281045972105e-16 7.053874180401207176e-19
1.976269140625000000e+04 3.666216411369932395e-16 1.019242851801102618e-18
1.977285937500000000e+04 3.592751390969994808e-16 7.271909684088294050e-19
1.978302734375000000e+04 3.714819426581180166e-16 1.072925529387298715e-18
1.979319335937500000e+04 3.269148806218593771e-16 7.644363781514662975e-19
1.980336132812500000e+04 3.678759645829788498e-16 7.107536488664819155e-19
1.981352734375000000e+04 3.934151726129984797e-16 6.933466151522808548e-19
1.982369531250000000e+04 3.524040342986521981e-16 9.333451082711460118e-19
1.983386328125000000e+04 3.908769589772121637e-16 6.702990885398689830e-19
1.984402929687500000e+04 3.729822232961625943e-16 6.537316431474092454e-19
1.985419726562500000e+04 3.797679630552944045e-16 9.646288722427483802e-19
1.986436523437500000e+04 3.891634113249167141e-16 7.042201627982318264e-19
1.987453125000000000e+04 4.054240351622555262e-16 6.550764837270556147e-19
1.988469921875000000e+04 3.900688101361927560e-16 7.213133848675455823e-19
1.989486718750000000e+04 3.545976378738040224e-16 7.514348049821460931e-19
1.990503320312500000e+04 3.545150256916671265e-16 7.271779403141816948e-19
1.991520117187500000e+04 3.325977570138864865e-16 7.211970625939053127e-19
1.992536718750000000e+04 3.466436808617309219e-16 9.280231316075564009e-19
1.993553515625000000e+04 4.002697867386539052e-16 7.547843694751030095e-19
1.994570312500000000e+04 4.296984112437876721e-16 7.445090802071810152e-19
1.995586914062500000e+04 4.223829847250463055e-16 9.036551145447801895e-19
1.996603710937500000e+04 4.222804937384285352e-16 1.036925595153225259e-18
1.997620507812500000e+04 5.063171205948102313e-16 1.284322908658647542e-18
1.998637109375000000e+04 4.343006059440163028e-16 2.689028513789434274e-18
1.999653906250000000e+04 4.094224012502102475e-16 1.857404907371231150e-18
2.000670703125000000e+04 5.156025604604078886e-16 2.759801053023705631e-18
2.001687304687500000e+04 2.641226606457831860e-16 2.153834592456652977e-18
2.002704101562500000e+04 3.854998085395846532e-16 3.005194521495218204e-18
2.003720703125000000e+04 5.129427711269109787e-16 2.465919911405559682e-18
2.004737500000000000e+04 2.213957909223243149e-16 2.326265354227006914e-18
2.005754296875000000e+04 2.738422578364078756e-16 2.355453869707012463e-18
2.006770898437500000e+04 3.535613460023975894e-16 1.754232944314176529e-18
2.007787695312500000e+04 4.156585225056924236e-16 1.979982734393932938e-18
2.008804492187500000e+04 3.701432070849825949e-16 1.618451556956326743e-18
2.009821093750000000e+04 4.955391027970320900e-16 1.971703483642889684e-18
2.010837890625000000e+04 3.308579248704465519e-16 2.734413639253534382e-18
2.011854492187500000e+04 3.157322193033100955e-16 3.317581761367706764e-18
2.012871289062500000e+04 3.875801743976004183e-16 2.083042200887680348e-18
2.013888085937500000e+04 4.368810653480469271e-16 1.566163299087741912e-18
2.014904687500000000e+04 3.114060249949883582e-16 1.855375833328638573e-18
2.015921484375000000e+04 2.909492793462905473e-16 1.929887228931649614e-18
2.016938281250000000e+04 2.761372936069934024e-16 1.611237611436675220e-18
2.017954882812500000e+04 2.624431001904963152e-16 1.523577146021368112e-18
2.018971679687500000e+04 2.802376477557534619e-16 1.078627078554473597e-18
2.019988476562500000e+04 3.130445043523333954e-16 1.196218247254399458e-18
2.021005078125000000e+04 3.181166435196105527e-16 1.144299428926896123e-18
2.022021875000000000e+04 2.554995740751587899e-16 8.005772432824034753e-19
2.023038476562500000e+04 2.766925501736981980e-16 1.040395617822885211e-18
2.024055273437500000e+04 2.648025898744119739e-16 9.544397648548967544e-19
2.025072070312500000e+04 1.801496539046741683e-16 8.603237234452843958e-19
2.026088671875000000e+04 3.328735456475565664e-16 8.547743238120309868e-19
2.027105468750000000e+04 3.407504756009887290e-16 8.165921837244660750e-19
2.028122265625000000e+04 2.952049846315329658e-16 8.131700858315459149e-19
2.029138867187500000e+04 3.193760756330592905e-16 1.716019164568181463e-18
2.030155664062500000e+04 2.830336241053011022e-16 7.835759416586596747e-19
2.031172460937500000e+04 3.610413351409227055e-16 7.849412032596784469e-19
2.032189062500000000e+04 3.541611512081720408e-16 7.821822457240843922e-19
2.033205859375000000e+04 3.365272752050971943e-16 7.740680692040337518e-19
2.034222460937500000e+04 3.198106035350007465e-16 7.178314714765801814e-19
2.035239257812500000e+04 3.048378403544028947e-16 7.197002792754906092e-19
2.036256054687500000e+04 2.804116865566346189e-16 7.570634071590514545e-19
2.037272656250000000e+04 3.027001409537698542e-16 7.358034695491549600e-19
2.038289453125000000e+04 2.695709618509800577e-16 7.062181658690653802e-19
2.039306250000000000e+04 3.062965634384728084e-16 1.736950659776106121e-18
2.040322851562500000e+04 1.695416250314981245e-16 5.444759217813919595e-19
2.041339648437500000e+04 2.902959257763818631e-16 5.339586821842982045e-19
2.042356445312500000e+04 2.893737980643975487e-16 7.574471672644877747e-19
2.043373046875000000e+04 2.912911630196260643e-16 1.530416792313839390e-18
2.044389843750000000e+04 3.212707295173895502e-16 7.102813287367141367e-19
2.045406445312500000e+04 2.209476575536675866e-16 7.722143057525141322e-19
2.046423242187500000e+04 2.891598693056566345e-16 7.989872987474999870e-19
2.047440039062500000e+04 2.768821796747647545e-16 8.319917534895775066e-19
2.048456640625000000e+04 2.806798783635590117e-16 8.296216225406716595e-19
2.049473437500000000e+04 3.296001338833331193e-16 9.422706972733228878e-19
2.050490234375000000e+04 2.350449460088291148e-16 7.141641145320380486e-19
2.051506835937500000e+04 2.748521063979922135e-16 9.127168781552986076e-19
2.052523632812500000e+04 2.257445507177564988e-16 1.027331230625799261e-18
2.053540234375000000e+04 2.384655032778583948e-16 7.652110844939104925e-19
2.054557031250000000e+04 2.099626857840735782e-16 7.425874362466437628e-19
2.055573828125000000e+04 3.139168424088869180e-16 1.051755289175075940e-18
2.056590429687500000e+04 2.496293710528904716e-16 1.786369531497321069e-18
2.057607226562500000e+04 2.544980899639285882e-16 8.893510938022069584e-19
2.058624023437500000e+04 2.318386086661163676e-16 6.292371708484889899e-19
2.059640625000000000e+04 1.329314184481789713e-16 5.849824910890191636e-19
2.060657421875000000e+04 2.815013679734976746e-16 2.002715518783268383e-18
2.061674218750000000e+04 3.120273766013585909e-16 8.764208132619311680e-19
2.062690820312500000e+04 2.694682591061254738e-16 2.204948150457835939e-18
2.063707617187500000e+04 2.729869133783586425e-16 8.837967827840665158e-19
2.064724218750000000e+04 2.939172827934696157e-16 8.289902252393522766e-19
2.065741015625000000e+04 2.583799360820766399e-16 8.660644602939789770e-19
2.066757812500000000e+04 2.285603264624462084e-16 8.811656246531119039e-19
2.067774414062500000e+04 2.148779650374310797e-16 4.889098056392009026e-19
2.068791210937500000e+04 2.490032019466327301e-16 8.187713393494487418e-19
2.069808007812500000e+04 2.484763739232201570e-16 8.317804605418584926e-19
2.070824609375000000e+04 2.682900362764947420e-16 1.515263670672480476e-18
2.071841406250000000e+04 1.863253181835460687e-16 6.086630693639755245e-19
2.072858203125000000e+04 2.652614170340277877e-16 7.676015847654004579e-19
2.073874804687500000e+04 2.301964764791862962e-16 7.555265055809279290e-19
2.074891601562500000e+04 3.108442303927219435e-16 7.021943974780894617e-19
2.075908203125000000e+04 2.612648244213063801e-16 1.757117943495608351e-18
2.076925000000000000e+04 1.530499332531262994e-16 4.934608499718910917e-19
2.077941796875000000e+04 2.612707007123779568e-16 6.362536269968934780e-19
2.078958398437500000e+04 1.755703290940214037e-16 4.695994810343036098e-19
2.079975195312500000e+04 2.615986612816429812e-16 1.421458494076823202e-18
2.080991992187500000e+04 2.275595040957060491e-16 6.290853315072972247e-19
2.082008593750000000e+04 2.106137497180467157e-16 6.324282785553537169e-19
2.083025390625000000e+04 2.742636567276668901e-16 6.268181328458659450e-19
2.084041992187500000e+04 2.659046062085694204e-16 6.302770919748329993e-19
2.085058789062500000e+04 2.414619882078888891e-16 1.418303006835086540e-18
2.086075585937500000e+04 2.396386439098056008e-16 1.139687069831300440e-18
2.087092187500000000e+04 2.519419033477927200e-16 6.334217741698181877e-19
2.088108984375000000e+04 2.800934933360426206e-16 1.806640005998239288e-18
2.089125781250000000e+04 2.303739034118564705e-16 4.402414452275129743e-19
2.090142382812500000e+04 2.257148516250433948e-16 6.126467711940309057e-19
2.091159179687500000e+04 2.221968061577410652e-16 5.830688604406660187e-19
2.092175976562500000e+04 2.290517114509721093e-16 5.760594870262565158e-19
2.093192578125000000e+04 2.306018876235658857e-16 1.500522381578596401e-18
2.094209375000000000e+04 2.522806371173556350e-16 1.149086943517199909e-18
2.095225976562500000e+04 2.249344431130465656e-16 4.098156226474929493e-19
2.096242773437500000e+04 1.624896919338018495e-16 4.076183465972165427e-19
2.097259570312500000e+04 1.796476942391973895e-16 4.083852464226297685e-19
2.098276171875000000e+04 2.245597369130049445e-16 4.167715136654220705e-19
2.099292968750000000e+04 2.032502937842180701e-16 4.116555308237523057e-19
2.100309765625000000e+04 2.653252621424270806e-16 2.069272952411122649e-18
2.101326367187500000e+04 1.570808704048809088e-16 4.117789616807817028e-19
2.102343164062500000e+04 2.248846534576157737e-16 1.224032402146648152e-18
2.103359960937500000e+04 2.099849601036084062e-16 5.466962296418491394e-19
2.104376562500000000e+04 2.110515334028791805e-16 5.908227998039498155e-19
2.105393359375000000e+04 2.624903487470853442e-16 1.107454012709216904e-18
2.106409960937500000e+04 1.769359711981219503e-16 5.548285007377993773e-19
2.107426757812500000e+04 2.525528523307794858e-16 1.314265192471842037e-18
2.108443554687500000e+04 2.475382849341360193e-16 1.826786610202427692e-18
2.109460156250000000e+04 2.078644131201572653e-16 5.333648699020616998e-19
2.110476953125000000e+04 1.970133916702376440e-16 5.292048752039559545e-19
2.111493750000000000e+04 1.700466948960781027e-16 3.960784532690658228e-19
2.112510351562500000e+04 2.594509033647612959e-16 3.803294772433331638e-19
2.113527148437500000e+04 2.464880170190998903e-16 1.485793603591477190e-18
2.114543945312500000e+04 1.513479131898473888e-16 3.958250775076831735e-19
2.115560546875000000e+04 2.227790883694191933e-16 5.259287229903631192e-19
2.116577343750000000e+04 2.632698572865757158e-16 3.798398121700959137e-19
2.117593945312500000e+04 2.944005944992169992e-16 1.412517912426043803e-18
2.118610742187500000e+04 1.250494724715122872e-16 3.903133662910892118e-19
2.119627539062500000e+04 2.664974498623086255e-16 1.336081357344892158e-18
2.120644140625000000e+04 2.366854370694238810e-16 5.169021662546664893e-19
2.121660937500000000e+04 1.788198518821543194e-16 5.066211901200331929e-19
2.122677734375000000e+04 2.678544231135896164e-16 1.372095457046955585e-18
2.123694335937500000e+04 2.450051799658128308e-16 4.568611063961401218e-19
2.124711132812500000e+04 1.464023392737357453e-16 4.864950069372171920e-19
2.125727734375000000e+04 1.814675180565936520e-16 3.806073582303626965e-19
2.126744531250000000e+04 2.268817189192249987e-16 4.984462158249599049e-19
2.127761328125000000e+04 2.156967944345197720e-16 3.788176237281335097e-19
2.128777929687500000e+04 2.653884455063363311e-16 1.547342251815169735e-18
2.129794726562500000e+04 2.496983512985324937e-16 1.255336742235987777e-18
2.130811523437500000e+04 2.510527569811921199e-16 3.792579681573472855e-19
2.131828125000000000e+04 1.828474935463485175e-16 3.757329896757408427e-19
2.132844921875000000e+04 1.788586301092708053e-16 3.758303901928689617e-19
2.133861718750000000e+04 2.632629486740996729e-16 3.726583851882753811e-19
2.134878320312500000e+04 2.521071806516257154e-16 3.793618310230109751e-19
2.135895117187500000e+04 2.548991865342331012e-16 3.747671529130086137e-19
2.136911718750000000e+04 2.650714169560468075e-16 7.556603020450083813e-19
2.137928515625000000e+04 1.649092944871929619e-16 3.716382905472385020e-19
2.138945312500000000e+04 1.603094688322386830e-16 4.592567248476702591e-19
2.139961914062500000e+04 1.950732229998822665e-16 3.694951689776901764e-19
2.140978710937500000e+04 2.576405557284624408e-16 3.732774781779830377e-19
2.141995507812500000e+04 2.214951849447286867e-16 3.728912365307090584e-19
2.143012109375000000e+04 2.767533777272228974e-16 3.774476833867749845e-19
2.144028906250000000e+04 2.218826231087587240e-16 3.847723160121437600e-19
2.145045703125000000e+04 1.524596704028982597e-16 4.570362618908482254e-19
2.146062304687500000e+04 2.522603877359603369e-16 3.763517724727187919e-19
2.147079101562500000e+04 2.085734855761275214e-16 3.770577194267445165e-19
2.148095703125000000e+04 2.538884380001423056e-16 3.759491681589527480e-19
2.149112500000000000e+04 2.019556568638990754e-16 3.793010073985941853e-19
2.150129296875000000e+04 1.818345877252201836e-16 3.783335938228192771e-19
2.151145898437500000e+04 1.379408110029103061e-16 5.892278404865827245e-19
2.152162695312500000e+04 2.105846594302644508e-16 3.798319281048825176e-19
2.153179492187500000e+04 1.366795260048894495e-16 6.264216031397233374e-19
2.154196093750000000e+04 1.537462737451081394e-16 5.911722319139651851e-19
2.155212890625000000e+04 2.008552948909667350e-16 3.772203896640818978e-19
2.156229687500000000e+04 1.886766287055648031e-16 3.735242106450711205e-19
2.157246289062500000e+04 1.883770040353633952e-16 3.672358285320781504e-19
2.158263085937500000e+04 2.103941828962506400e-16 3.727355714791842355e-19
2.159279687500000000e+04 2.236316005610510449e-16 3.787338199923242311e-19
2.160296484375000000e+04 2.494123453299361588e-16 1.716547009196566864e-18
2.161313281250000000e+04 1.967268695409390760e-16 3.802782178947490183e-19
2.162329882812500000e+04 1.941481174376927612e-16 3.835839676646347666e-19
2.163346679687500000e+04 2.164722663326208848e-16 3.813671753217809370e-19
2.164363476562500000e+04 2.001287788502389606e-16 3.778129870247937153e-19
2.165380078125000000e+04 1.863910558811868829e-16 3.743080935224358256e-19
2.166396875000000000e+04 1.918383777045384918e-16 3.660989721777005830e-19
2.167413476562500000e+04 2.385950463792290994e-16 1.501244303458202056e-18
2.168430273437500000e+04 2.099202547273720581e-16 3.711335294278221591e-19
2.169447070312500000e+04 1.880448612409213027e-16 3.664060629801108945e-19
2.170463671875000000e+04 2.052373933738072562e-16 3.693047364910439841e-19
2.171480468750000000e+04 1.674573416461013083e-16 3.693151279474891815e-19
2.172497265625000000e+04 1.799538966496298190e-16 3.696747964175848948e-19
2.173513867187500000e+04 2.132573263115375862e-16 3.740919150392239203e-19
2.174530664062500000e+04 1.765475007126874468e-16 3.664366686627753566e-19
2.175547460937500000e+04 2.219242468371823923e-16 3.611072215242786261e-19
2.176564062500000000e+04 1.802036654899514308e-16 3.657832476776467493e-19
2.177580859375000000e+04 1.711533302067760453e-16 3.605285569870094987e-19
2.178597460937500000e+04 1.375815366843764743e-16 2.718758108787626073e-19
2.179614257812500000e+04 1.446076882167406964e-16 3.525645912963196596e-19
2.180631054687500000e+04 1.009702713098732533e-16 2.551703297215830832e-19
2.181647656250000000e+04 2.163196415834375006e-16 3.639158098966258625e-19
2.182664453125000000e+04 1.591275402334637137e-16 2.768066345101912053e-19
2.183681250000000000e+04 1.566431131898280457e-16 2.780908324111797807e-19
2.184697851562500000e+04 1.796139982097644293e-16 3.692811876929803651e-19
2.185714648437500000e+04 1.264389770819237635e-16 2.588724541012465854e-19
2.186731445312500000e+04 2.194437505558175763e-16 3.610306814682233288e-19
2.187748046875000000e+04 2.061987360642714845e-16 2.678302255991306026e-19
2.188764843750000000e+04 2.033846543854762835e-16 6.749633015201140832e-19
2.189781445312500000e+04 1.456589487485118891e-16 3.589776967360491409e-19
2.190798242187500000e+04 1.732924589755075774e-16 3.622720210737240005e-19
2.191815039062500000e+04 1.732217449593016442e-16 3.525442995219179682e-19
2.192831640625000000e+04 1.319779505171462478e-16 3.295871682408216569e-19
2.193848437500000000e+04 1.523653453432876129e-16 3.612350726277063534e-19
2.194865234375000000e+04 1.692265684797889273e-16 3.537786080922119392e-19
2.195881835937500000e+04 2.176184342591539617e-16 3.614585923388546669e-19
2.196898632812500000e+04 1.791109268135443792e-16 3.637514852980633750e-19
2.197915234375000000e+04 1.579765945117125306e-16 3.742297440087905686e-19
2.198932031250000000e+04 1.743920665597212694e-16 3.569181462577628134e-19
2.199948828125000000e+04 1.720211154612380760e-16 3.871314351191449949e-19
2.200965429687500000e+04 9.939563044348260850e-17 2.712386233131553532e-19
2.201982226562500000e+04 1.586806112397788626e-16 3.670013486778135094e-19
2.202999023437500000e+04 9.477793768729718426e-17 2.592424106302109270e-19
2.204015625000000000e+04 1.020237420682411876e-16 2.570385429844282385e-19
2.205032421875000000e+04 1.070805353807942611e-16 2.604082183060278504e-19
2.206049218750000000e+04 1.164331489295761246e-16 2.566117694871391608e-19
2.207065820312500000e+04 6.852419780926444822e-17 2.438304073065170577e-19
2.208082617187500000e+04 1.583067123680150933e-16 3.451746372519533372e-19
2.209099218750000000e+04 9.795941990696393803e-17 2.424948466593677676e-19
2.210116015625000000e+04 1.160260834239714291e-16 2.521003522756690901e-19
2.211132812500000000e+04 1.002281844212947806e-16 2.437046500040148552e-19
2.212149414062500000e+04 1.545343849629690625e-16 3.262416879521392210e-19
2.213166210937500000e+04 1.954448454706002899e-16 3.448892857900166850e-19
2.214183007812500000e+04 1.023827583064239029e-16 2.427838170364843394e-19
2.215199609375000000e+04 1.364038167805581747e-16 3.415596253305493258e-19
2.216216406250000000e+04 1.435409560987923119e-16 3.522147714453921558e-19
2.217233203125000000e+04 1.529743090928042514e-16 2.456982845272383633e-19
2.218249804687500000e+04 1.622852261212685420e-16 3.399652088504592226e-19
2.219266601562500000e+04 2.056845605955085225e-16 8.138820298450126489e-19
2.220283203125000000e+04 1.606214945941834859e-16 3.249158208277932868e-19
2.221300000000000000e+04 1.936177159940339590e-16 8.632990921086376363e-19
2.222316796875000000e+04 1.453668414957173631e-16 8.370015728695049188e-19
2.223333398437500000e+04 1.584233514518299706e-16 2.747383727860789287e-19
2.224350195312500000e+04 1.464259635520302597e-16 2.392260098243171983e-19
2.225366992187500000e+04 1.793626808873361182e-16 7.122820201445384878e-19
2.226383593750000000e+04 1.216078320230302556e-16 3.143463654545321220e-19
2.227400390625000000e+04 6.873500313401236222e-17 2.353069831784058068e-19
2.228417187500000000e+04 4.155982375826495589e-17 3.152485351594919101e-19
2.229433789062500000e+04 8.569775772762088547e-17 3.156364570173851378e-19
2.230450585937500000e+04 8.325970573784739043e-17 2.449670827151356291e-19
2.231467187500000000e+04 1.583694060410017123e-16 9.760130488205859927e-19
2.232483984375000000e+04 2.016756992399417283e-16 2.839342172040133642e-19
2.233500781250000000e+04 1.813198960957549885e-16 3.478559690569381187e-19
2.234517382812500000e+04 1.623677721289564337e-16 4.478320164198175482e-19
2.235534179687500000e+04 1.693169760120185230e-16 2.819861034638744149e-19
2.236550976562500000e+04 1.568596492218597271e-16 2.811884170100377311e-19
2.237567578125000000e+04 6.965026193819003628e-17 2.332181970353445583e-19
2.238584375000000000e+04 8.623000543840690603e-17 2.379607078304466310e-19
2.239600976562500000e+04 7.286591664332258073e-17 3.261074520483583500e-19
2.240617773437500000e+04 1.603907310556158925e-16 1.072335542815395268e-18
2.241634570312500000e+04 5.687608526875402820e-17 2.312239421266616354e-19
2.242651171875000000e+04 4.110846769394172102e-17 2.303793648718508518e-19
2.243667968750000000e+04 1.728510356959798793e-16 2.816137687906489833e-19
2.244684765625000000e+04 8.377382164960624862e-17 3.324353578849948694e-19
2.245701367187500000e+04 1.771352356989635245e-16 2.838512923476049232e-19
2.246718164062500000e+04 1.904689901266243051e-16 8.541082883225609458e-19
2.247734960937500000e+04 2.048322866318930862e-17 2.328272766477308258e-19
2.248751562500000000e+04 2.216611901675007287e-16 1.375932954703742218e-18
2.249768359375000000e+04 1.910572545084924167e-16 8.921173925657374212e-19
2.250784960937500000e+04 1.729528119985484038e-16 2.853634043567460001e-19
2.251801757812500000e+04 1.909788245515325888e-16 6.439730832683914705e-19
2.252818554687500000e+04 1.821898386372545575e-16 1.061908517603858078e-18
2.253835156250000000e+04 1.686070035835418091e-16 2.829935060523874335e-19
2.254851953125000000e+04 1.938402739009250264e-16 3.880037746232645894e-19
2.255868750000000000e+04 2.090826317867661610e-16 2.920028987903735881e-19
2.256885351562500000e+04 1.801096713025858052e-16 9.569281309326093999e-19
2.257902148437500000e+04 8.157379253545611240e-17 2.253629538964171578e-19
2.258918945312500000e+04 1.769274214593106022e-16 2.856114809923294815e-19
2.259935546875000000e+04 1.731150982172864074e-16 2.894452821857537688e-19
2.260952343750000000e+04 1.068277886902674583e-16 3.426343655908029893e-19
2.261968945312500000e+04 1.293876046504343898e-16 1.937340100401358252e-19
2.262985742187500000e+04 1.867714266140632672e-16 2.873645610536649123e-19
2.264002539062500000e+04 4.107755099136693906e-17 2.322534976459545897e-19
2.265019140625000000e+04 9.883004404528825072e-17 2.016706916953084854e-19
2.266035937500000000e+04 1.556652136522229560e-16 2.795367699713166154e-19
2.267052734375000000e+04 1.200004943613866147e-16 2.327814456719165596e-19
2.268069335937500000e+04 1.575937223846637860e-16 2.776772421049032669e-19
2.269086132812500000e+04 1.175541970352671911e-16 2.192287892688770428e-19
2.270102929687500000e+04 5.453032016556184935e-17 2.301767314711695023e-19
2.271119531250000000e+04 9.039736121678376072e-17 3.016408970951117592e-19
2.272136328125000000e+04 1.499175260048410917e-16 1.001411319336297000e-18
2.273152929687500000e+04 4.417911102024881930e-17 2.207007571689151555e-19
2.274169726562500000e+04 1.071662180573649539e-16 2.318559598134404331e-19
2.275186523437500000e+04 1.357949192054905404e-16 2.840614220725875345e-19
2.276203125000000000e+04 1.686755603127102041e-16 4.640079468885982809e-19
2.277219921875000000e+04 1.558013212589348813e-16 2.703406153606524725e-19
2.278236718750000000e+04 1.568715870924600924e-16 2.636558327884876062e-19
2.279253320312500000e+04 1.511694671706625493e-16 2.835358004920983700e-19
2.280270117187500000e+04 1.619412513353444909e-16 9.328593464564242463e-19
2.281286718750000000e+04 1.785171037779599112e-16 2.825243395487050131e-19
2.282303515625000000e+04 9.525418196189091463e-17 2.037374929286517231e-19
2.283320312500000000e+04 1.068165853560510401e-16 2.207068834753268764e-19
2.284336914062500000e+04 1.605689785514537193e-16 4.803727330309825268e-19
2.285353710937500000e+04 1.465217709192986016e-16 2.715507805968175520e-19
2.286370507812500000e+04 1.480583680949567075e-16 2.666058690455814103e-19
2.287387109375000000e+04 8.603647164484909925e-17 2.843524862506296311e-19
2.288403906250000000e+04 1.293624583598127777e-16 2.783015049734393800e-19
2.289420703125000000e+04 1.570754705698421626e-16 2.875363819765286615e-19
2.290437304687500000e+04 1.887838974874006797e-16 2.825151630137845029e-19
2.291454101562500000e+04 8.204150692357319594e-17 2.196415782439351459e-19
2.292470703125000000e+04 1.860218421604126139e-16 8.360090595320178547e-19
2.293487500000000000e+04 4.812287657033014040e-17 3.340977065728908900e-19
2.294504296875000000e+04 1.234652561623507286e-16 1.841272636529156731e-19
2.295520898437500000e+04 1.202968764835868148e-16 2.353188222009229720e-19
2.296537695312500000e+04 9.268869121822504993e-17 2.159177791472833401e-19
2.297554492187500000e+04 1.943808000352814777e-16 2.819870081926693948e-19
2.298571093750000000e+04 1.361362337785646209e-16 2.850486621336695730e-19
2.299587890625000000e+04 6.303296923899852464e-17 1.775232087386571539e-19
2.300604687500000000e+04 1.571379127799225656e-16 2.815502309798472539e-19
2.301621289062500000e+04 7.224400255413581198e-17 2.740513475885653546e-19
2.302638085937500000e+04 1.127118023200429620e-16 2.167643855795342928e-19
2.303654687500000000e+04 1.687928876107947255e-16 2.777988893537368465e-19
2.304671484375000000e+04 1.679672290105687954e-16 2.737415684491642458e-19
2.305688281250000000e+04 9.346204553395802699e-17 2.100234322738982475e-19
2.306704882812500000e+04 7.722288207043129064e-17 2.109379838386521887e-19
2.307721679687500000e+04 1.429034049873058407e-16 2.699958619909768559e-19
2.308738476562500000e+04 1.226960311322356162e-16 1.863317387594607053e-19
2.309755078125000000e+04 3.453120722767532571e-17 1.983404108503817114e-19
2.310771875000000000e+04 9.443628562453318213e-17 1.803101740928043712e-19
2.311788476562500000e+04 1.105912023970326177e-16 5.930424355801592962e-19
2.312805273437500000e+04 6.774674729513810857e-17 1.820983834807791634e-19
2.313822070312500000e+04 7.671720340092047334e-17 1.638630317806828146e-19
2.314838671875000000e+04 1.382796638864814288e-16 2.786310588993593347e-19
2.315855468750000000e+04 1.749252605651280506e-16 3.125746479800201058e-19
2.316872265625000000e+04 1.990357887109256928e-16 3.213881798585901889e-19
2.317888867187500000e+04 1.169406143092100565e-16 2.189633676898240900e-19
2.318905664062500000e+04 1.604249167759714840e-16 2.883643380709059576e-19
2.319922460937500000e+04 1.101444983964743811e-16 1.965852369881207558e-19
2.320939062500000000e+04 1.009601995587348076e-16 1.936056419488252522e-19
2.321955859375000000e+04 7.998739908692231422e-17 2.140556792661528346e-19
2.322972460937500000e+04 1.284527052697922566e-16 1.876245445086986607e-19
2.323989257812500000e+04 1.322347867886215127e-16 2.580039920062483332e-19
2.325006054687500000e+04 1.286064549846087130e-16 5.941963525346707698e-19
2.326022656250000000e+04 3.849950364600251940e-17 1.989363298582408122e-19
2.327039453125000000e+04 1.543385482985859081e-16 2.626529279945553447e-19
2.328056250000000000e+04 1.516622947621767427e-16 3.118484092515926898e-19
2.329072851562500000e+04 1.343290360460383677e-16 2.649540410611012986e-19
2.330089648437500000e+04 7.975774066165309162e-17 1.650964743962730191e-19
2.331106445312500000e+04 5.977023803084436228e-17 1.878632636636026361e-19
2.332123046875000000e+04 7.464937760099101221e-17 1.888254427370637321e-19
2.333139843750000000e+04 1.998696794126077507e-16 6.164059451865664246e-19
2.334156445312500000e+04 1.122587191026007164e-16 2.119696202341735968e-19
2.335173242187500000e+04 1.189886473314423487e-16 2.728332724377927368e-19
2.336190039062500000e+04 1.144612826981477151e-16 1.946247284634905823e-19
2.337206640625000000e+04 1.664154911209785189e-16 2.233719818607903047e-19
2.338223437500000000e+04 1.687347335050097975e-16 2.925096244637447444e-19
2.339240234375000000e+04 1.953864134321295441e-16 1.197798989404988294e-18
2.340256835937500000e+04 1.379002195958911039e-16 1.114835979290793261e-18
2.341273632812500000e+04 1.406578015301264829e-16 9.289651869276777303e-19
2.342290429687500000e+04 1.299997050688338294e-16 2.708508565516269792e-19
2.343307031250000000e+04 1.158100370828623791e-16 2.200992934660125353e-19
2.344323828125000000e+04 1.072843990058416300e-16 2.251311365297491718e-19
2.345340429687500000e+04 1.790246882716020507e-16 2.994183403373642007e-19
2.346357226562500000e+04 1.450081892170041712e-16 2.858682688737389120e-19
2.347374023437500000e+04 1.315741010897631584e-16 2.311137720088272290e-19
2.348390625000000000e+04 4.885399504398615987e-17 2.287809934344569795e-19
2.349407421875000000e+04 1.412384029107999033e-16 3.841686551107390457e-19
2.350424218750000000e+04 1.041818893736165389e-16 3.105209394648099341e-19
2.351440820312500000e+04 1.319358106280203464e-16 3.219880150496618453e-19
2.352457617187500000e+04 9.813657552439319486e-17 2.902711186298113978e-19
2.353474218750000000e+04 1.139530496949053341e-16 2.257478513751957385e-19
2.354491015625000000e+04 1.030446748500337361e-16 2.259469692582737376e-19
2.355507812500000000e+04 9.015852439543764973e-17 2.102460214068574388e-19
2.356524414062500000e+04 9.849387784434670027e-17 3.695013211334960395e-19
2.357541210937500000e+04 1.146577149325719077e-16 2.189885191503245305e-19
2.358558007812500000e+04 1.371986513224379288e-16 7.597958432162555277e-19
2.359574609375000000e+04 1.015104268673152807e-16 1.037551357286621625e-18
2.360591406250000000e+04 2.080537382187584022e-16 1.045213531300700320e-18
2.361608203125000000e+04 1.855618106258249229e-16 1.578887818450645137e-18
2.362624804687500000e+04 1.356929576144648040e-16 2.849482113880326647e-19
2.363641601562500000e+04 8.599450380929060883e-17 2.733427898457312596e-19
2.364658203125000000e+04 1.509966989192022737e-16 7.565937236674861884e-19
2.365675000000000000e+04 8.646732686487081988e-17 2.377555411891393379e-19
2.366691796875000000e+04 1.669587171728543432e-16 1.305970225289160276e-18
2.367708398437500000e+04 1.649238528659738951e-16 3.253886062466556267e-19
2.368725195312500000e+04 1.816567902156355856e-16 1.374799096879085156e-18
2.369741992187500000e+04 1.864671697324315623e-16 1.368277708327293655e-18
2.370758593750000000e+04 2.472618874955351004e-16 1.223294557040250851e-18
2.371775390625000000e+04 5.187570236525462103e-17 2.679363373620846707e-19
2.372792187500000000e+04 7.604035790161528313e-17 2.597327736370900188e-19
2.373808789062500000e+04 1.680171907195669983e-16 1.390983299153991419e-18
2.374825585937500000e+04 1.738887834052644057e-16 3.328401335478688651e-19
2.375842187500000000e+04 8.156810153284174757e-17 2.595713441706714669e-19
2.376858984375000000e+04 1.476293459071724044e-16 8.805582672883448433e-19
2.377875781250000000e+04 1.665381917843221848e-16 3.910136005290094920e-19
2.378892382812500000e+04 8.502334083059415095e-17 3.284911022304006107e-19
2.379909179687500000e+04 1.680309417700700798e-16 3.348504409303141451e-19
2.380925976562500000e+04 1.518121666542815505e-16 1.200265021606162007e-18
2.381942578125000000e+04 1.640404372066570624e-16 9.634870528046954946e-19
2.382959375000000000e+04 1.334917704474570936e-16 2.594025217775282225e-19
2.383976171875000000e+04 1.222188074757966231e-16 3.638066479051630051e-19
2.384992773437500000e+04 1.807247363363006349e-16 1.349995259031070068e-18
2.386009570312500000e+04 8.447803690101959341e-17 3.665909636964106385e-19
2.387026171875000000e+04 1.753965285211566620e-16 3.399524392497529353e-19
2.388042968750000000e+04 7.791865346215169413e-17 2.296814829287975193e-19
2.389059765625000000e+04 2.662407988792905725e-16 8.183720179087387677e-19
2.390076367187500000e+04 1.339061548471216583e-16 1.381401549130906853e-18
2.391093164062500000e+04 2.218773423877281855e-16 2.721845043436097403e-19
2.392109960937500000e+04 1.571185369012541235e-16 1.285847609322735910e-18
2.393126562500000000e+04 1.118956860753634436e-16 3.628481265209730420e-19
2.394143359375000000e+04 6.563360523253054237e-17 2.495738324922024362e-19
2.395159960937500000e+04 7.973528105366105181e-17 2.688164833832352344e-19
2.396176757812500000e+04 1.194571756652821845e-16 2.540512577503754059e-19
2.397193554687500000e+04 1.627614571609724715e-16 3.563333554140819651e-19
2.398210156250000000e+04 2.651110686858901494e-16 7.733042713059175998e-19
2.399226953125000000e+04 1.076369169131321287e-16 3.489489848388503757e-19
2.400243750000000000e+04 2.009338571968245714e-16 1.120818149480776757e-18
2.401260351562500000e+04 8.128246614115983647e-17 3.286901942640844675e-19
2.402277148437500000e+04 1.419486003324032315e-16 3.460104515621498871e-19
2.403293945312500000e+04 2.082216492656617664e-16 7.414583347105088800e-19
2.404310546875000000e+04 1.379628206246491171e-16 7.269448304778065947e-19
2.405327343750000000e+04 2.997298081659858365e-16 7.557228575788327040e-19
2.406343945312500000e+04 2.700833870055668575e-17 2.690929943523752262e-19
2.407360742187500000e+04 2.088270263600423750e-16 7.449533795936985602e-19
2.408377539062500000e+04 2.222546426261707729e-16 1.674838391362535257e-18
2.409394140625000000e+04 1.710458099620339525e-16 1.628136084170521022e-18
2.410410937500000000e+04 1.059985963744647017e-16 3.870857333903014401e-19
2.411427734375000000e+04 1.773838266340928608e-16 3.442754660767140539e-19
2.412444335937500000e+04 1.917527744373066041e-16 6.886982220012508312e-19
2.413461132812500000e+04 1.591985454172452656e-16 7.038766760488691817e-19
2.414477929687500000e+04 2.330229460148350914e-16 7.551438828488338692e-19
2.415494531250000000e+04 2.019814582815658295e-17 1.241392441662298543e-18
2.416511328125000000e+04 6.238184657520189593e-18 2.999069455854416172e-19
2.417527929687500000e+04 3.655895116384291733e-17 3.203100016289156019e-19
2.418544726562500000e+04 6.700773751843833322e-17 3.112315651591754117e-19
2.419561523437500000e+04 -1.362556141389294990e-17 2.784205672828587314e-19
2.420578125000000000e+04 1.618916204985913093e-16 9.443123858202568984e-19
2.421594921875000000e+04 6.536084738862485682e-17 2.668267779679213532e-19
2.422611718750000000e+04 8.722034577242479330e-17 3.362255253011069845e-19
2.423628320312500000e+04 1.185199072393656994e-16 3.900191226375676145e-19
2.424645117187500000e+04 2.337093868092458967e-16 6.365177561062393166e-19
2.425661718750000000e+04 1.565832385483690073e-16 1.025251698565840949e-18
2.426678515625000000e+04 2.060687429766475511e-16 6.038574601977721411e-19
2.427695312500000000e+04 1.008613415493673701e-16 3.494650162941127535e-19
2.428711914062500000e+04 6.044008227344490366e-17 2.953044868078024289e-19
2.429728710937500000e+04 8.182405106670035560e-17 2.878168479029724224e-19
2.430745507812500000e+04 1.948274378613907101e-16 7.866477285621636275e-19
2.431762109375000000e+04 2.070154478789920410e-16 1.482503079114741246e-18
2.432778906250000000e+04 1.796071557717373907e-16 8.414271442430284705e-19
2.433795703125000000e+04 2.019452013009564052e-16 7.281177725864067879e-19
2.434812304687500000e+04 1.676020916358531877e-16 5.416216316802011683e-19
2.435829101562500000e+04 1.437726196098663631e-16 4.943168268095186217e-19
2.436845703125000000e+04 5.356279347283817458e-17 2.653306925831484913e-19
2.437862500000000000e+04 2.197462604319955692e-16 6.062771702846428853e-19
2.438879296875000000e+04 1.540705550150085279e-16 5.123227909859963590e-19
2.439895898437500000e+04 1.006862902794164482e-16 2.966534891399057057e-19
2.440912695312500000e+04 8.055660522747720405e-17 1.530387427402093758e-18
2.441929492187500000e+04 6.293849859560006845e-17 4.817093535032916504e-19
2.442946093750000000e+04 1.470004768833952898e-16 5.391296983860968879e-19
2.443962890625000000e+04 1.712066932824530662e-16 3.759222330902564900e-19
2.444979687500000000e+04 2.363519972557813053e-16 6.729471521745926474e-19
2.445996289062500000e+04 8.745695251483946134e-17 3.103304294299813149e-19
2.447013085937500000e+04 1.843357171997845223e-16 6.838767413070440866e-19
2.448029687500000000e+04 5.520296358735527018e-17 4.259671512882033677e-19
2.449046484375000000e+04 7.266698301472602779e-17 3.248053922160174576e-19
2.450063281250000000e+04 1.499585012236645185e-16 2.312854895341144091e-18
2.451079882812500000e+04 1.253661436797771879e-16 6.766828032184586895e-19
2.452096679687500000e+04 1.610247352166357363e-16 6.022210901509891141e-19
2.453113476562500000e+04 8.931742729625902991e-17 5.573439569805731345e-19
2.454130078125000000e+04 7.073475527825115938e-17 2.571278009424015386e-19
2.455146875000000000e+04 1.516689254419669678e-16 1.271952422597917013e-18
2.456163671875000000e+04 3.299499717254389462e-17 2.838324739886693418e-19
2.457180273437500000e+04 8.065902342220106973e-17 2.790969942287739698e-19
2.458197070312500000e+04 6.904761784855330286e-17 4.528229657420210944e-19
2.459213671875000000e+04 1.102436872780868397e-16 2.294138900006366148e-19
2.460230468750000000e+04 2.751125690292729109e-16 5.137909331757014140e-19
2.461247265625000000e+04 9.219401074213873768e-17 3.665828469866499619e-19
2.462263867187500000e+04 7.482199365121857803e-17 3.903752497406658352e-19
2.463280664062500000e+04 2.396271824952380660e-16 2.119158560792970642e-18
2.464297460937500000e+04 1.569411496732533518e-16 1.291867933218473414e-18
2.465314062500000000e+04 1.466445774617606743e-16 4.892979601416414108e-19
2.466330859375000000e+04 1.055792356562350179e-16 2.805383305967534782e-19
2.467347460937500000e+04 9.517928572050791329e-17 2.462738212878162746e-19
2.468364257812500000e+04 1.671442570929724375e-16 4.997993282107318045e-19
2.469381054687500000e+04 4.378830457676446606e-17 2.388439557788942686e-19
2.470397656250000000e+04 2.103849846478390503e-16 5.851108074815414520e-19
2.471414453125000000e+04 3.110482065143326197e-16 5.466094273763193561e-19
2.472431250000000000e+04 2.556453960909845381e-16 7.326561507159672588e-19
2.473447851562500000e+04 1.646954186680112510e-16 1.513022011212461771e-18
2.474464648437500000e+04 1.025534420627405448e-16 3.639295359249154143e-19
2.475481445312500000e+04 1.567060186210514783e-16 1.282010421858678984e-18
2.476498046875000000e+04 1.006016333068053212e-16 1.513617374458346813e-18
2.477514843750000000e+04 1.592391235893746669e-16 4.964791803283088051e-19
2.478531445312500000e+04 1.350554065029783328e-16 1.854747176063098272e-18
2.479548242187500000e+04 1.845331023462743760e-16 3.411436051812234374e-19
2.480565039062500000e+04 2.350555074508901918e-16 4.365292654335281244e-19
2.481581640625000000e+04 3.536505226898757062e-16 2.127682657005329592e-18
2.482598437500000000e+04 -1.718044102707711275e-18 3.930399086864288447e-19
2.483615234375000000e+04 1.443466035456393592e-16 4.545299046348125516e-19
2.484631835937500000e+04 7.126040539647145698e-17 1.299472411384826536e-18
2.485648632812500000e+04 4.079704742820530695e-17 1.587855800459215356e-18
2.486665429687500000e+04 1.167636903023523145e-16 2.828959245895003185e-19
2.487682031250000000e+04 2.464576032423375406e-16 4.097560914927832736e-19
2.488698828125000000e+04 3.672356076748545988e-16 2.035048147771587991e-18
2.489715429687500000e+04 1.204739196044527644e-16 2.145521220505341910e-18
2.490732226562500000e+04 7.060852089933066693e-17 1.098997641909510733e-18
2.491749023437500000e+04 2.745476509930134959e-16 4.956681814364888461e-19
2.492765625000000000e+04 4.244317721359972461e-16 1.904246284303730863e-18
2.493782421875000000e+04 9.836637291600532637e-17 6.270447803337054746e-19
2.494799218750000000e+04 1.282277518478472356e-16 1.952627871536804313e-18
2.495815820312500000e+04 2.954378789873584959e-17 1.532321272276666167e-18
2.496832617187500000e+04 3.584723636212392177e-16 5.367042497337265571e-19
2.497849414062500000e+04 1.309931572563161412e-17 2.556367044906981371e-19
2.498866015625000000e+04 2.135786297312327838e-17 1.020363681531111970e-18
2.499882812500000000e+04 -1.467736044024291458e-17 1.907255153781892501e-19
2.500899414062500000e+04 1.287991814498886680e-16 6.247685860831126807e-19
2.501916210937500000e+04 2.017964411395948687e-16 1.815469538651783444e-18
2.502933007812500000e+04 -2.844293830283240919e-18 2.906941956637381292e-19
2.503949609375000000e+04 6.003312926440351532e-17 1.497223275103005219e-18
2.504966406250000000e+04 8.599636992875252847e-17 2.602567408563540772e-19
2.505983203125000000e+04 -1.882389608260180957e-17 2.070978366189659711e-19
2.506999804687500000e+04 1.644899999434122823e-16 8.511824470983843178e-19
2.508016601562500000e+04 1.298133975251072859e-16 1.402084993552642172e-18
2.509033203125000000e+04 5.578685383814420136e-17 2.827495394704725749e-19
2.510050000000000000e+04 1.070851874445592593e-16 3.239921961256954045e-19
2.511066796875000000e+04 7.529018614972971722e-18 1.369840355901982893e-18
2.512083398437500000e+04 1.758998249105033266e-17 1.625121114235341805e-18
2.513100195312500000e+04 4.431886814782332864e-16 1.044913161340767002e-18
2.514116992187500000e+04 1.360583332171968270e-16 6.826732969133560005e-19
2.515133593750000000e+04 5.574962822903747745e-18 3.922726211201034847e-18
2.516150390625000000e+04 3.188723821970186004e-16 1.194016809451666144e-18
2.517167187500000000e+04 -9.843689171758669709e-18 4.010947918661959184e-18
2.518183789062500000e+04 2.620959821182445627e-17 5.324744099726483655e-19
2.519200585937500000e+04 -3.137688796496358826e-18 3.743780678323789833e-19
2.520217187500000000e+04 -4.278133046780874994e-18 2.568767516264916947e-19
2.521233984375000000e+04 6.934026111438476320e-17 1.756911148342470094e-18
2.522250781250000000e+04 6.911184676875682035e-17 3.470655721322495585e-19
2.523267382812500000e+04 -1.789594005602144653e-17 3.984639904568804700e-19
2.524284179687500000e+04 2.131073617752041725e-16 6.068902145161212479e-19
2.525300976562500000e+04 1.854153003957295306e-16 5.706998736447957421e-19
2.526317578125000000e+04 -6.706742025399525927e-17 4.222060541007436631e-18
2.527334375000000000e+04 4.241872972515959737e-16 5.005325721249717790e-19
2.528351171875000000e+04 1.087453455513980862e-16 7.187190879726378647e-19
2.529367773437500000e+04 -3.686250328759272700e-17 2.772859753354080279e-18
2.530384570312500000e+04 -1.536838050652481347e-17 1.597240888291665438e-18
2.531401171875000000e+04 1.174450356641897932e-16 1.652745327779433010e-18
2.532417968750000000e+04 1.112231869138688520e-15 1.902674434344726972e-18
2.533434765625000000e+04 2.738779126295313613e-16 1.002157539646396400e-18
2.534451367187500000e+04 6.982508821501434378e-17 8.335542459679018914e-19
2.535468164062500000e+04 7.045163451563140949e-17 8.421240956078926809e-19
2.536484960937500000e+04 7.069007429028349504e-17 8.466428798966933020e-19
2.537501562500000000e+04 7.012100049862661369e-17 8.423276854361572948e-19
