1.496391503906250000e+04 3.219444912873711427e-16 3.898253659188347247e-18
1.497408300781250000e+04 3.234150993024822182e-16 3.840402301507613597e-18
1.498425000000000000e+04 3.198085124224122125e-16 3.837901734515865795e-18
1.499441699218750000e+04 3.307669482379555197e-16 3.991416116448050818e-18
1.500458496093750000e+04 3.412321726501804089e-16 3.949832919874397564e-18
1.501475195312500000e+04 3.256970060623853034e-16 3.800247232261533145e-18
1.502491894531250000e+04 3.238389334134645888e-16 3.655254878590175689e-18
1.503508593750000000e+04 3.274038568604415236e-16 4.017199336141328691e-18
1.504525390625000000e+04 3.380552167628255453e-16 3.530118995523153663e-18
1.505542089843750000e+04 3.349825518071013674e-16 3.478231196468621066e-18
1.506558789062500000e+04 3.297023337023752710e-16 3.561517944395054040e-18
1.507575488281250000e+04 3.438458516276111628e-16 3.552051275874690915e-18
1.508592285156250000e+04 3.654397654777774736e-16 3.624085472338258777e-18
1.509608984375000000e+04 3.746944209896983574e-16 3.664794339004443481e-18
1.510625683593750000e+04 3.702667150766041125e-16 3.699867624157304407e-18
1.511642382812500000e+04 3.794788865922642728e-16 3.649824437868765063e-18
1.512659179687500000e+04 3.763650081897002529e-16 3.589541169187125512e-18
1.513675878906250000e+04 3.854827884713007621e-16 3.654632425179229536e-18
1.514692578125000000e+04 4.038689885502150375e-16 3.727636904501322100e-18
1.515709375000000000e+04 4.237175380730046591e-16 3.871681722781000062e-18
1.516726074218750000e+04 4.160697305318047847e-16 3.885340129055475655e-18
1.517742773437500000e+04 4.276715937499061398e-16 3.864915798960622572e-18
1.518759472656250000e+04 4.302505973160586708e-16 3.877219283391736306e-18
1.519776269531250000e+04 4.540384588485116280e-16 3.995366317463297802e-18
1.520792968750000000e+04 4.680121201980434308e-16 4.010207592013724224e-18
1.521809667968750000e+04 4.712562034464681977e-16 4.032632044829730528e-18
1.522826367187500000e+04 4.809259845118824938e-16 4.057318009440456810e-18
1.523843164062500000e+04 5.060110770030554119e-16 4.036684402650627811e-18
1.524859863281250000e+04 4.960691866033356719e-16 4.083580166708402885e-18
1.525876562500000000e+04 5.309322156793754195e-16 4.159574076764262091e-18
1.526893261718750000e+04 5.303722739616811236e-16 4.603148025884598075e-18
1.527910058593750000e+04 5.181458827636573321e-16 4.463183689566644198e-18
1.528926757812500000e+04 5.480942678610500191e-16 4.609202574378179961e-18
1.529943457031250000e+04 5.773168516017641774e-16 4.335240355500617196e-18
1.530960253906250000e+04 6.247523377743403016e-16 4.443395047772538117e-18
1.531976953125000000e+04 5.901594063293562689e-16 4.365253363256184975e-18
1.532993652343750000e+04 5.828587234778530475e-16 4.662357614131143796e-18
1.534010351562500000e+04 6.098183528208589357e-16 4.884386952610789826e-18
1.535027148437500000e+04 6.239976314183367199e-16 4.496704356709743092e-18
1.536043847656250000e+04 6.302508521514415922e-16 4.821611802333834279e-18
1.537060546875000000e+04 6.298669874076577840e-16 4.854292467564885573e-18
1.538077246093750000e+04 6.442682415768753983e-16 4.838242268549212900e-18
1.539094042968750000e+04 6.458086768705757503e-16 4.800249863014652339e-18
1.540110742187500000e+04 6.651600445231066992e-16 4.897515963293231481e-18
1.541127441406250000e+04 6.726046170965247449e-16 4.885847339982252196e-18
1.542144238281250000e+04 7.088737738045658345e-16 5.035245257596067078e-18
1.543160937500000000e+04 7.046404619528664516e-16 5.020670335202882730e-18
1.544177636718750000e+04 7.184608103389452261e-16 5.067655021176507255e-18
1.545194335937500000e+04 7.101375469618692506e-16 5.034962775416880219e-18
1.546211132812500000e+04 7.380520471342267522e-16 5.088774596576211157e-18
1.547227832031250000e+04 7.265773447373319489e-16 5.022326350789213891e-18
1.548244531250000000e+04 7.300927432266741089e-16 5.029381787823984941e-18
1.549261230468750000e+04 7.439910186439002791e-16 5.043806990526297190e-18
1.550278027343750000e+04 7.544130179060355972e-16 5.112803779780570335e-18
1.551294726562500000e+04 7.609867876701170188e-16 5.157232064071099728e-18
1.552311425781250000e+04 7.649871654613214691e-16 5.132625508799178537e-18
1.553328125000000000e+04 7.689781200109877153e-16 5.150459109215515537e-18
1.554344921875000000e+04 7.722573551267235357e-16 5.121244330751061429e-18
1.555361621093750000e+04 7.709519714758862521e-16 5.182426331168239845e-18
1.556378320312500000e+04 7.743252272487672998e-16 5.166782277833330709e-18
1.557395117187500000e+04 7.752420874746108765e-16 5.136900378204852584e-18
1.558411816406250000e+04 7.726108855030837993e-16 5.151392582536781629e-18
1.559428515625000000e+04 7.744045836480131870e-16 5.161637214423250877e-18
1.560445214843750000e+04 7.724645605614456189e-16 5.286403761346767977e-18
1.561462011718750000e+04 7.680776710484971907e-16 5.149579816224371669e-18
1.562478710937500000e+04 7.512668728421371088e-16 5.128813860536534186e-18
1.563495410156250000e+04 7.551244197026108027e-16 5.072348443972133134e-18
1.564512109375000000e+04 7.580388483158760366e-16 5.031596150323789396e-18
1.565528906250000000e+04 7.469739510467747045e-16 5.027438326974791602e-18
1.566545605468750000e+04 7.184733570144764304e-16 4.992989976774714488e-18
1.567562304687500000e+04 7.357363649355519019e-16 4.982517456629486881e-18
1.568579003906250000e+04 6.655296155859055911e-16 5.323693476950964741e-18
1.569595800781250000e+04 6.178698774405438909e-16 5.591027497580140096e-18
1.570612500000000000e+04 6.788630788459907531e-16 5.149569476466714756e-18
1.571629199218750000e+04 6.996121567406097044e-16 4.943778107001790936e-18
1.572645996093750000e+04 6.814337179617891479e-16 4.909526212197195166e-18
1.573662695312500000e+04 6.933602594964849170e-16 4.961658856713043459e-18
1.574679394531250000e+04 6.702257250641610424e-16 5.355185070051471057e-18
1.575696093750000000e+04 6.409360139623769808e-16 5.213301674712394156e-18
1.576712890625000000e+04 6.241110279541503894e-16 5.252828086692934307e-18
1.577729589843750000e+04 6.215019017788111274e-16 4.526533316779017823e-18
1.578746289062500000e+04 6.289959728400843463e-16 4.683954886334597072e-18
1.579762988281250000e+04 6.177340874711871859e-16 4.588328258030098032e-18
1.580779785156250000e+04 5.982243775970788862e-16 4.526691721866321727e-18
1.581796484375000000e+04 6.038096069721553358e-16 4.583283283474137116e-18
1.582813183593750000e+04 5.864600958113415190e-16 4.433303857889697456e-18
1.583829882812500000e+04 5.727955485479983323e-16 4.456460779138119466e-18
1.584846679687500000e+04 5.899525185319894061e-16 4.033661471102052771e-18
1.585863378906250000e+04 5.871746210419097247e-16 4.105029787172515446e-18
1.586880078125000000e+04 5.713824858337413458e-16 4.485156915358502825e-18
1.587896875000000000e+04 5.417317269381901387e-16 4.161374021777177479e-18
1.588913574218750000e+04 5.081608466231868262e-16 4.000164792196717915e-18
1.589930273437500000e+04 5.098795294127250050e-16 3.703178000968741624e-18
1.590946972656250000e+04 4.878857366021158593e-16 3.930377218276844077e-18
1.591963769531250000e+04 4.835746035983874876e-16 3.922769224592887605e-18
1.592980468750000000e+04 4.891726972863503619e-16 3.968384099472124316e-18
1.593997167968750000e+04 4.824896073325139322e-16 3.694783358522247223e-18
1.595013867187500000e+04 4.779061532362433029e-16 3.695467850479134853e-18
1.596030664062500000e+04 4.593867307565936871e-16 3.874104534795167880e-18
1.597047363281250000e+04 4.455262541846387401e-16 4.152318875611559485e-18
1.598064062500000000e+04 4.447892825809682954e-16 3.893846440884664715e-18
1.599080859375000000e+04 4.490143888009911523e-16 3.636196637276953932e-18
1.600097558593750000e+04 4.310270353611152456e-16 3.575237562034858557e-18
1.601114257812500000e+04 4.094305274725479685e-16 3.876138571921435775e-18
1.602130957031250000e+04 4.006422165376497804e-16 3.805889431219757347e-18
1.603147753906250000e+04 4.224782229920532109e-16 3.555427827135132374e-18
1.604164453125000000e+04 4.017881197663868403e-16 3.388796015049081437e-18
1.605181152343750000e+04 4.109942561722978137e-16 3.464704518706694543e-18
1.606197851562500000e+04 4.123317476657919556e-16 3.450712965440513218e-18
1.607214648437500000e+04 3.945350295786074699e-16 3.785895648633738115e-18
1.608231347656250000e+04 3.987177312117084083e-16 3.457522729833356018e-18
1.609248046875000000e+04 3.833598592076854685e-16 3.382457950400547001e-18
1.610264746093750000e+04 3.914736142792140132e-16 3.479588186263514308e-18
1.611281542968750000e+04 3.860322481562727861e-16 3.557017254682153017e-18
1.612298242187500000e+04 3.927122676156754189e-16 3.334470928319661345e-18
1.613314941406250000e+04 3.753880350943812226e-16 3.241530155464121985e-18
1.614331738281250000e+04 3.723623010578908533e-16 3.327605949620930630e-18
1.615348437500000000e+04 3.722335785196878013e-16 3.237676941375696844e-18
1.616365136718750000e+04 3.744115384550950228e-16 3.211095905981611576e-18
1.617381835937500000e+04 3.742196060832031186e-16 3.285439797510580630e-18
1.618398632812500000e+04 3.752912351103778171e-16 3.315138890223684535e-18
1.619415332031250000e+04 3.661115949538481422e-16 3.157453243257547731e-18
1.620432031250000000e+04 3.681341243434341996e-16 3.161771126055074536e-18
1.621448730468750000e+04 3.591795567228577533e-16 3.262560808947976437e-18
1.622465527343750000e+04 3.518115876916070184e-16 3.153366557441229498e-18
1.623482226562500000e+04 3.579670555286428241e-16 3.189085663857341201e-18
1.624498925781250000e+04 3.462869211722592513e-16 3.320274647851873146e-18
1.625515625000000000e+04 3.478602319322249108e-16 3.211716498236179485e-18
1.626532421875000000e+04 3.681569942330100657e-16 3.186530296150011760e-18
1.627549121093750000e+04 3.695853829496564347e-16 3.181397433653967085e-18
1.628565820312500000e+04 3.656027928503443247e-16 3.202592489284566451e-18
1.629582617187500000e+04 3.620537248013488063e-16 3.180933385330324837e-18
1.630599316406250000e+04 3.641264408930596809e-16 3.171269227438714676e-18
1.631616015625000000e+04 3.572074257936333269e-16 3.142135512674290765e-18
1.632632714843750000e+04 3.469290515556168160e-16 3.082002584068982727e-18
1.633649511718750000e+04 3.517469484898196747e-16 3.084164213804736926e-18
1.634666210937500000e+04 3.551932608544014058e-16 3.106772714307036279e-18
1.635682910156250000e+04 3.524915433900154080e-16 3.246123902995935224e-18
1.636699609375000000e+04 3.564446461548512277e-16 3.106077469002185459e-18
1.637716406250000000e+04 3.470943553292294131e-16 3.146840102408186110e-18
1.638733007812500000e+04 3.298975483269377855e-16 3.022085549603551029e-18
1.639749804687500000e+04 3.398628644816050273e-16 3.043258478152764602e-18
1.640766601562500000e+04 3.262797117905370586e-16 2.999961570145054612e-18
1.641783203125000000e+04 3.286370309525253781e-16 3.000978381913035422e-18
1.642800000000000000e+04 3.237220428667434953e-16 2.947572706434468019e-18
1.643816796875000000e+04 3.237691061348753124e-16 2.988655251942373554e-18
1.644833398437500000e+04 3.273837398279442340e-16 3.008821501686110092e-18
1.645850195312500000e+04 3.183811030876111062e-16 2.981206490526333539e-18
1.646866992187500000e+04 3.125083060269418216e-16 2.978737149602709613e-18
1.647883593750000000e+04 3.130350281712359880e-16 2.945603602986285537e-18
1.648900390625000000e+04 3.073922270255258476e-16 3.027434306239472044e-18
1.649916992187500000e+04 3.161659001723042973e-16 2.910393005851740808e-18
1.650933789062500000e+04 3.074853212403850155e-16 2.941477419295717897e-18
1.651950585937500000e+04 3.054073641323130049e-16 2.899578032932916248e-18
1.652967187500000000e+04 3.020260880162126431e-16 2.908485320564040388e-18
1.653983984375000000e+04 3.007739086223747702e-16 2.892824930412033330e-18
1.655000781250000000e+04 3.045599076685850774e-16 2.910267687988939024e-18
1.656017382812500000e+04 2.972859063549203665e-16 2.853188296614870488e-18
1.657034179687500000e+04 2.963076097706212513e-16 2.892521768717532645e-18
1.658050976562500000e+04 3.071860539122082305e-16 2.912233069124365018e-18
1.659067578125000000e+04 2.956566384808767198e-16 2.826105369384118670e-18
1.660084375000000000e+04 3.011765933794553849e-16 2.874769852386685256e-18
1.661100976562500000e+04 2.886231680544526284e-16 2.795448401521678359e-18
1.662117773437500000e+04 2.957772877363012542e-16 2.859109255439525060e-18
1.663134570312500000e+04 3.020498578782949669e-16 2.908089721436086902e-18
1.664151171875000000e+04 2.997759449918315942e-16 2.905315357661584047e-18
1.665167968750000000e+04 2.989840221257080268e-16 2.913820842310160555e-18
1.666184765625000000e+04 2.874526479306859904e-16 2.897308869717530154e-18
1.667201367187500000e+04 2.940157503735879281e-16 2.861567429424879520e-18
1.668218164062500000e+04 3.065057805764446206e-16 3.189995769326302670e-18
1.669234765625000000e+04 2.850819085904396106e-16 2.812992281928468661e-18
1.670251562500000000e+04 2.910982777356684991e-16 2.752085732655270404e-18
1.671268359375000000e+04 2.941258646567309872e-16 2.895917551927215962e-18
1.672284960937500000e+04 2.936186242702236698e-16 2.960911200607038729e-18
1.673301757812500000e+04 3.053041849314255905e-16 2.871708456939626501e-18
1.674318554687500000e+04 2.987937308801514279e-16 2.818419207132275937e-18
1.675335156250000000e+04 3.017681664837737086e-16 2.810595939693902540e-18
1.676351953125000000e+04 3.010140424629213643e-16 2.844917938055412179e-18
1.677368750000000000e+04 3.092031305271963383e-16 2.904550008799819359e-18
1.678385351562500000e+04 2.991704752532223796e-16 2.819816315186878001e-18
1.679402148437500000e+04 2.928335041374577384e-16 2.767451853304361722e-18
1.680418750000000000e+04 2.962110744844138627e-16 2.772021819393564062e-18
1.681435546875000000e+04 2.968204882201837301e-16 2.781479802517495380e-18
1.682452343750000000e+04 3.078153993920181757e-16 2.833575430700931925e-18
1.683468945312500000e+04 3.096674898707489068e-16 2.819863464481793524e-18
1.684485742187500000e+04 3.230654599837234041e-16 2.874770679567297809e-18
1.685502539062500000e+04 3.335094026931485290e-16 2.928781437663947751e-18
1.686519140625000000e+04 3.384104676748599192e-16 2.964966246764926809e-18
1.687535937500000000e+04 3.498289217901011166e-16 3.064228540656749544e-18
1.688552734375000000e+04 3.463584160469634346e-16 3.104155928439224776e-18
1.689569335937500000e+04 3.423292391355523380e-16 3.021863658404233679e-18
1.690586132812500000e+04 3.546962378028203433e-16 3.016167279115887254e-18
1.691602734375000000e+04 3.614441522469013287e-16 3.051907271842465921e-18
1.692619531250000000e+04 3.674253695248191637e-16 3.093878622918559683e-18
1.693636328125000000e+04 3.580485295102568471e-16 3.029576497230831247e-18
1.694652929687500000e+04 3.649744002826000406e-16 3.074372049713334185e-18
1.695669726562500000e+04 3.585647696218287415e-16 3.132265593605308039e-18
1.696686523437500000e+04 3.651016140433657959e-16 3.031355969523585948e-18
1.697703125000000000e+04 3.614741160374104496e-16 3.094788314797214875e-18
1.698719921875000000e+04 3.575391186018221906e-16 3.070884242660504343e-18
1.699736718750000000e+04 3.661674726585873244e-16 3.071087315500886112e-18
1.700753320312500000e+04 3.614918507897435865e-16 3.088264341306009146e-18
1.701770117187500000e+04 3.566706716028701174e-16 3.074081709318328072e-18
1.702786718750000000e+04 3.593993617726702443e-16 2.999190431019002052e-18
1.703803515625000000e+04 3.558025157714936630e-16 3.127819704607988653e-18
1.704820312500000000e+04 3.830908997771526265e-16 3.118972801161580884e-18
1.705836914062500000e+04 3.943934956670771966e-16 3.225203264533550325e-18
1.706853710937500000e+04 3.956813298540385552e-16 3.165033319595830539e-18
1.707870507812500000e+04 3.991533973141727374e-16 3.157238176298283944e-18
1.708887109375000000e+04 4.193717031882184627e-16 3.266292013896050007e-18
1.709903906250000000e+04 4.229240270201049898e-16 3.252630505694277340e-18
1.710920507812500000e+04 4.195990785949970390e-16 3.265801909383112338e-18
1.711937304687500000e+04 4.265800329786913637e-16 3.265756207654268783e-18
1.712954101562500000e+04 4.404563120090685237e-16 3.293553612139113278e-18
1.713970703125000000e+04 4.466650899822221469e-16 3.287728813060667995e-18
1.714987500000000000e+04 4.570411906465281227e-16 3.340571178542086786e-18
1.716004296875000000e+04 4.655124200915775837e-16 3.352964825659968799e-18
1.717020898437500000e+04 4.777200177460841704e-16 3.394282290461839394e-18
1.718037695312500000e+04 4.871835462888420443e-16 3.440853799719493681e-18
1.719054492187500000e+04 4.974398447306707400e-16 3.483473867190982156e-18
1.720071093750000000e+04 5.077170013588255728e-16 3.509463468447092009e-18
1.721087890625000000e+04 5.168832742766563907e-16 3.547451324488283528e-18
1.722104492187500000e+04 5.109845368319774431e-16 3.602195378197961729e-18
1.723121289062500000e+04 5.274697038096774499e-16 3.583351790253697482e-18
1.724138085937500000e+04 5.297578044980073321e-16 3.537155407403835993e-18
1.725154687500000000e+04 5.509156287292356867e-16 3.573616288034254623e-18
1.726171484375000000e+04 5.663398869404996823e-16 3.795689880676672239e-18
1.727188281250000000e+04 5.669994609086147653e-16 3.684132994545320715e-18
1.728204882812500000e+04 5.857722521186118237e-16 3.711714504890288870e-18
1.729221679687500000e+04 5.888769984472132582e-16 3.764618908917649137e-18
1.730238476562500000e+04 5.983054280622192821e-16 3.800461472040184380e-18
1.731255078125000000e+04 6.017356997403623849e-16 3.828109984014769330e-18
1.732271875000000000e+04 6.086353654308998985e-16 3.842027297820974020e-18
1.733288476562500000e+04 6.149469255582469106e-16 3.818086209351851740e-18
1.734305273437500000e+04 6.085725261741254700e-16 3.750802097555869640e-18
1.735322070312500000e+04 6.136707116045306970e-16 3.769414488518925315e-18
1.736338671875000000e+04 6.189873256562091267e-16 3.820978032773337125e-18
1.737355468750000000e+04 6.247832015373558801e-16 3.967841882580595806e-18
1.738372265625000000e+04 6.493381572826660130e-16 3.906519675049589652e-18
1.739388867187500000e+04 6.505333737108010342e-16 3.902670803659380415e-18
1.740405664062500000e+04 6.531059186507307511e-16 3.933927477465921671e-18
1.741422265625000000e+04 6.616703217199781852e-16 3.942476389096657212e-18
1.742439062500000000e+04 6.629904225682740123e-16 3.941513550863645488e-18
1.743455859375000000e+04 6.771268201227970476e-16 3.994446492622138835e-18
1.744472460937500000e+04 6.818609931441197390e-16 4.032007937057559269e-18
1.745489257812500000e+04 6.655542324809351692e-16 4.003260515639197622e-18
1.746506054687500000e+04 6.690078505046869687e-16 3.946439411411398768e-18
1.747522656250000000e+04 6.727476068459331115e-16 3.935289843934796508e-18
1.748539453125000000e+04 6.741543168130856908e-16 3.945122953466520624e-18
1.749556250000000000e+04 6.890694552834906485e-16 3.964945096075435103e-18
1.750572851562500000e+04 6.869348793168506082e-16 4.024575719253770315e-18
1.751589648437500000e+04 6.910883053737120699e-16 4.015625211435640279e-18
1.752606250000000000e+04 6.965899961243655642e-16 4.039120035964290201e-18
1.753623046875000000e+04 7.024989509039707668e-16 4.078588958892257916e-18
1.754639843750000000e+04 7.043201776196859193e-16 4.075879115205534198e-18
1.755656445312500000e+04 6.999492229140577126e-16 4.052055899973700724e-18
1.756673242187500000e+04 6.988406156047794436e-16 4.021622270876649730e-18
1.757690039062500000e+04 7.082795272525077394e-16 4.047821976008348052e-18
1.758706640625000000e+04 7.199996574458694763e-16 4.109980049548339040e-18
1.759723437500000000e+04 7.180768397160430111e-16 4.114881508268022006e-18
1.760740234375000000e+04 7.019956545146241022e-16 4.048611933493336193e-18
1.761756835937500000e+04 7.051877511159111364e-16 4.050118642979101533e-18
1.762773632812500000e+04 7.150310680563941573e-16 4.152095950436476444e-18
1.763790234375000000e+04 6.930566511244534537e-16 4.157120659067429811e-18
1.764807031250000000e+04 6.927055559678165463e-16 4.112554649204910339e-18
1.765823828125000000e+04 7.085030380714644679e-16 4.121351715019411788e-18
1.766840429687500000e+04 7.093507062934292090e-16 4.041453098881996015e-18
1.767857226562500000e+04 6.996817722609621672e-16 4.059018279189559558e-18
1.768874023437500000e+04 6.879170140191919695e-16 4.001956051813201497e-18
1.769890625000000000e+04 6.883099314275995580e-16 4.004537682504979496e-18
1.770907421875000000e+04 6.884301042269912619e-16 3.979054729374058373e-18
1.771924218750000000e+04 6.987570769803564882e-16 4.205698908491137744e-18
1.772940820312500000e+04 6.869532493438941859e-16 4.104897438274506962e-18
1.773957617187500000e+04 6.856428364349325798e-16 4.110458573532700967e-18
1.774974218750000000e+04 6.841122478992440591e-16 4.102704168880322609e-18
1.775991015625000000e+04 6.813850665068812290e-16 4.101849277717249055e-18
1.777007812500000000e+04 6.582151684490094874e-16 4.038022780881738610e-18
1.778024414062500000e+04 6.664131768290102332e-16 4.068976706584085458e-18
1.779041210937500000e+04 6.384719951188142211e-16 3.965791715432383127e-18
1.780058007812500000e+04 6.388555951648020124e-16 4.013259474883738620e-18
1.781074609375000000e+04 6.597789500883185360e-16 4.048647502259675974e-18
1.782091406250000000e+04 6.553660672518012414e-16 4.099384279491841032e-18
1.783108007812500000e+04 6.101481133351368755e-16 4.148465868318287482e-18
1.784124804687500000e+04 6.210091933013051416e-16 4.153349542654800558e-18
1.785141601562500000e+04 6.341566798899087812e-16 4.117025974006065730e-18
1.786158203125000000e+04 6.260038289539085303e-16 3.950399125003690111e-18
1.787175000000000000e+04 6.273003187587996438e-16 3.961564822502237156e-18
1.788191796875000000e+04 6.195697666865648649e-16 3.958137813224429962e-18
1.789208398437500000e+04 6.348815283345216488e-16 4.209251235631746721e-18
1.790225195312500000e+04 6.114295683052142251e-16 4.061329421821032717e-18
1.791241992187500000e+04 6.023169761004156485e-16 4.056793990522404467e-18
1.792258593750000000e+04 6.138313831667129971e-16 4.124737365266591330e-18
1.793275390625000000e+04 6.111791641901821726e-16 4.139411135742975765e-18
1.794291992187500000e+04 5.971302227874631437e-16 4.089958142821493005e-18
1.795308789062500000e+04 5.739924061024686587e-16 4.021040349315718675e-18
1.796325585937500000e+04 5.994859272928957598e-16 4.169003108566754053e-18
1.797342187500000000e+04 6.257877296732402769e-16 4.368092247118466966e-18
1.798358984375000000e+04 6.242711701207406556e-16 4.823620196861113030e-18
1.799375781250000000e+04 5.529602603847891609e-16 4.557060417285287309e-18
1.800392382812500000e+04 5.584799505855718091e-16 4.487748058627325184e-18
1.801409179687500000e+04 5.422408466790491766e-16 4.366530530121966850e-18
1.802425976562500000e+04 5.719452862876326250e-16 4.426681449905597916e-18
1.803442578125000000e+04 5.846008055525591263e-16 4.599089464209106645e-18
1.804459375000000000e+04 5.398192853619675387e-16 4.531895515099892825e-18
1.805475976562500000e+04 5.260323947773053090e-16 4.432411330008752739e-18
1.806492773437500000e+04 5.453157350962598970e-16 4.421440847134768210e-18
1.807509570312500000e+04 5.594471563322178133e-16 4.548272864047830219e-18
1.808526171875000000e+04 5.505459517873183880e-16 4.675876640472404204e-18
1.809542968750000000e+04 5.370304293831327548e-16 4.926400283102970654e-18
1.810559765625000000e+04 5.012200998347074790e-16 4.798060315933224475e-18
1.811576367187500000e+04 5.165126444226734309e-16 5.032678929745621309e-18
1.812593164062500000e+04 5.633644190154729354e-16 5.027807663118296529e-18
1.813609960937500000e+04 5.277015261394291112e-16 4.864845637819837100e-18
1.814626562500000000e+04 4.806531869633074057e-16 4.780991857583499026e-18
1.815643359375000000e+04 5.078704202013970079e-16 4.835486516338492489e-18
1.816659960937500000e+04 5.191185412849012859e-16 5.024901777626397743e-18
1.817676757812500000e+04 5.309565678766089807e-16 5.419146397326827646e-18
1.818693554687500000e+04 4.968314103767461354e-16 5.857789109225428756e-18
1.819710156250000000e+04 3.838595292372267006e-16 5.110711426421117451e-18
1.820726953125000000e+04 3.628406713489072547e-16 4.355598511146466036e-18
1.821743750000000000e+04 4.324491507399960124e-16 4.544360299750454399e-18
1.822760351562500000e+04 5.321836539193844449e-16 5.235849377439670861e-18
1.823777148437500000e+04 4.831383286909923195e-16 5.256298936543206811e-18
1.824793750000000000e+04 4.475084171603322097e-16 5.160038687889492151e-18
1.825810546875000000e+04 5.072996788136252197e-16 5.898836292762147648e-18
1.826827343750000000e+04 4.819070604230397872e-16 6.168496758864128394e-18
1.827843945312500000e+04 4.456152985232188484e-16 6.606887180675900830e-18
1.828860742187500000e+04 4.342454429233263665e-16 6.593861153979722027e-18
1.829877539062500000e+04 4.383334092152328318e-16 6.631756779382613884e-18
1.830894140625000000e+04 4.674425964201333206e-16 6.660487657188724471e-18
1.831910937500000000e+04 5.251501570231807518e-16 7.465748397099403189e-18
1.832927734375000000e+04 4.759845531162785158e-16 7.848647821108362040e-18
1.833944335937500000e+04 4.814305514506500398e-16 9.329056272116965882e-18
1.834961132812500000e+04 4.399893586271149890e-16 1.240499438152501609e-17
1.835977734375000000e+04 3.400344680627628282e-16 9.195909971997980335e-18
1.836994531250000000e+04 4.263522605252187620e-16 1.108162782417082965e-17
1.838011328125000000e+04 4.565077716479947270e-16 1.128335153297352396e-17
1.839027929687500000e+04 4.242110935834578992e-16 1.038105464899455584e-17
1.840044726562500000e+04 3.233178758020051856e-16 9.560484863897051965e-18
1.841061523437500000e+04 4.348872556693287109e-16 9.612239073282657247e-18
1.842078125000000000e+04 3.702124520284206339e-16 6.151316631131708285e-18
1.843094921875000000e+04 4.767266069176324863e-16 6.784612311956900421e-18
1.844111718750000000e+04 5.411966138737622344e-16 7.903398078672634389e-18
1.845128320312500000e+04 5.078120278675956646e-16 8.660363464929098310e-18
1.846145117187500000e+04 3.983506483081920759e-16 9.116328579625478649e-18
1.847161718750000000e+04 3.040161654560070200e-16 8.363506541057292844e-18
1.848178515625000000e+04 2.956221218882761070e-16 6.391277590930278849e-18
1.849195312500000000e+04 3.860495064525730925e-16 7.595064850982268217e-18
1.850211914062500000e+04 5.090713541019259956e-16 7.815811232331844501e-18
1.851228710937500000e+04 4.513554290485244282e-16 7.161152371416551596e-18
1.852245507812500000e+04 3.440465719663308303e-16 6.882561663421448363e-18
1.853262109375000000e+04 4.239187878073163605e-16 7.837337780592924493e-18
1.854278906250000000e+04 4.042831082520835853e-16 7.591800796285133970e-18
1.855295507812500000e+04 3.478941132501150828e-16 6.809447996258498800e-18
1.856312304687500000e+04 4.187858475562941055e-16 7.482594757454658150e-18
1.857329101562500000e+04 4.587230804424199428e-16 8.259576260173680235e-18
1.858345703125000000e+04 2.998793094811762205e-16 6.378811979099104722e-18
1.859362500000000000e+04 3.297959043732672695e-16 5.768061105869045355e-18
1.860379296875000000e+04 4.135496222252660293e-16 6.339956410595345076e-18
1.861395898437500000e+04 4.208666898703427011e-16 6.017279043902696851e-18
1.862412695312500000e+04 3.833012815854269133e-16 5.754068105036792063e-18
1.863429492187500000e+04 3.820335379611832427e-16 5.791194866060315880e-18
1.864446093750000000e+04 4.714331274533259397e-16 6.582510581614269381e-18
1.865462890625000000e+04 4.610976843704881704e-16 7.670923103417668726e-18
1.866479492187500000e+04 4.159738569900874386e-16 9.030023036053533400e-18
1.867496289062500000e+04 4.218054935434760845e-16 1.206852212375682102e-17
1.868513085937500000e+04 3.674392926288896563e-16 1.142576804621739129e-17
1.869529687500000000e+04 3.139301302382469698e-16 1.553286040824730771e-17
1.870546484375000000e+04 4.240070645222880196e-16 1.485310985063083126e-17
1.871563281250000000e+04 4.387837395755965009e-16 1.395522845676167121e-17
1.872579882812500000e+04 3.777173756993305485e-16 1.306331268947024359e-17
1.873596679687500000e+04 4.091316571910652089e-16 1.219543396359899440e-17
1.874613476562500000e+04 3.500911843663947294e-16 9.232811326304583453e-18
1.875630078125000000e+04 2.884010071942555865e-16 6.931857905616852324e-18
1.876646875000000000e+04 3.479958366131244039e-16 5.826421593216805393e-18
1.877663476562500000e+04 4.210087796472446100e-16 5.541283750673344947e-18
1.878680273437500000e+04 3.864993074173447276e-16 5.146427430909932080e-18
1.879697070312500000e+04 3.838032015462342897e-16 4.973237317337254464e-18
1.880713671875000000e+04 4.344109849249553788e-16 5.285308987806054044e-18
1.881730468750000000e+04 4.233933097426634739e-16 5.481325563972438736e-18
1.882747265625000000e+04 3.698910559644968303e-16 4.960131881302270570e-18
1.883763867187500000e+04 3.793239854420351427e-16 5.228853497409003629e-18
1.884780664062500000e+04 3.552613940670961735e-16 4.344814557500612214e-18
1.885797460937500000e+04 3.734737406335865038e-16 4.260814366295852254e-18
1.886814062500000000e+04 4.501957880041740877e-16 4.728643318927774393e-18
1.887830859375000000e+04 4.343304903251866186e-16 4.882513802113663495e-18
1.888847460937500000e+04 4.014447802551732300e-16 5.291244835881734571e-18
1.889864257812500000e+04 4.244243341279291693e-16 6.339056024498581105e-18
1.890881054687500000e+04 3.539438872572013128e-16 5.697093145215058346e-18
1.891897656250000000e+04 2.960763433062412256e-16 4.968042209500115174e-18
1.892914453125000000e+04 3.793065153874980227e-16 5.660684790553536833e-18
1.893931250000000000e+04 4.190197345288546992e-16 4.907500446877052802e-18
1.894947851562500000e+04 4.464483554268434528e-16 5.368037802409320001e-18
1.895964648437500000e+04 4.669084892073302809e-16 6.065190172162380767e-18
1.896981250000000000e+04 4.794877755070038952e-16 8.059638434313487915e-18
1.897998046875000000e+04 3.232503249244616551e-16 6.722671786918010879e-18
1.899014843750000000e+04 2.982769878427671013e-16 6.794074430983894504e-18
1.900031445312500000e+04 4.263198085754270816e-16 7.762632617931422904e-18
1.901048242187500000e+04 4.136346166875670780e-16 7.328221348456336807e-18
1.902065039062500000e+04 4.743958369445846687e-16 8.637422437820552640e-18
1.903081640625000000e+04 4.404071311585685709e-16 8.116777589486813408e-18
1.904098437500000000e+04 3.062202245941015146e-16 6.918227209892897258e-18
1.905115234375000000e+04 2.663045645783510603e-16 5.248189671408043204e-18
1.906131835937500000e+04 3.431924186483636735e-16 5.114030902219292751e-18
1.907148632812500000e+04 4.476439424318928977e-16 5.736778789463514955e-18
1.908165234375000000e+04 4.367092500086523126e-16 5.820608581462088991e-18
1.909182031250000000e+04 4.176155656605438828e-16 6.023796399949002156e-18
1.910198828125000000e+04 3.986768354022237866e-16 6.736023309185229299e-18
1.911215429687500000e+04 3.449184070970719206e-16 7.767138270727999246e-18
1.912232226562500000e+04 3.219273653399688448e-16 6.315004921007989273e-18
1.913249023437500000e+04 3.420849495396082775e-16 6.167392059156063825e-18
1.914265625000000000e+04 3.390668387996431969e-16 5.190275034410449248e-18
1.915282421875000000e+04 3.359977207943856464e-16 4.494636405178360522e-18
1.916299218750000000e+04 4.225992163546125674e-16 4.800570395502016638e-18
1.917315820312500000e+04 4.831597162729104906e-16 5.520435904104864714e-18
1.918332617187500000e+04 3.634825635042484042e-16 4.846887133131004593e-18
1.919349218750000000e+04 2.724586559868475777e-16 4.189379875776385337e-18
1.920366015625000000e+04 3.526443534276560042e-16 4.362187831906063455e-18
1.921382812500000000e+04 3.684167421802415172e-16 5.725024139368830155e-18
1.922399414062500000e+04 3.446149575437180675e-16 3.975681900426373402e-18
1.923416210937500000e+04 3.947597315376462747e-16 4.319718724896365908e-18
1.924433007812500000e+04 4.249427977009876062e-16 4.458157326574465725e-18
1.925449609375000000e+04 3.640891714433804917e-16 4.714157732040745772e-18
1.926466406250000000e+04 3.750982968868610485e-16 4.510500074965902487e-18
1.927483203125000000e+04 3.929831328703395832e-16 4.572188309917963356e-18
1.928499804687500000e+04 3.623004496170162229e-16 4.436344987411748662e-18
1.929516601562500000e+04 3.408018534431956226e-16 4.101302511332351503e-18
1.930533203125000000e+04 3.703260867922507187e-16 4.233325913769796315e-18
1.931550000000000000e+04 3.721202878629925387e-16 3.955203390001398096e-18
1.932566796875000000e+04 3.803271371493802512e-16 3.780475134079678125e-18
1.933583398437500000e+04 4.100174418956563935e-16 3.892327737280017357e-18
1.934600195312500000e+04 3.901274142282309130e-16 3.827504901396686790e-18
1.935616992187500000e+04 4.071116159607617111e-16 3.972689160970156548e-18
1.936633593750000000e+04 4.103153857348530937e-16 4.109516001224696792e-18
1.937650390625000000e+04 3.947811985289032509e-16 4.099553437927108126e-18
1.938666992187500000e+04 3.837245068914784448e-16 4.097712547473871363e-18
1.939683789062500000e+04 3.898355319685630014e-16 3.788960766393553359e-18
1.940700585937500000e+04 4.127443850600028084e-16 3.825470450680112618e-18
1.941717187500000000e+04 4.310254471743391437e-16 3.888573578069945440e-18
1.942733984375000000e+04 4.295408366458187705e-16 3.814168268380494325e-18
1.943750781250000000e+04 4.099866046024204166e-16 3.707633609338258508e-18
1.944767382812500000e+04 4.180419408703680163e-16 3.789035212648683132e-18
1.945784179687500000e+04 4.376062578997946166e-16 3.813889094923757678e-18
1.946800976562500000e+04 4.295769149554158834e-16 3.799075944514158058e-18
1.947817578125000000e+04 4.348464657389624960e-16 3.861317976886323179e-18
1.948834375000000000e+04 4.582714001232965871e-16 3.952804979815300592e-18
1.949850976562500000e+04 4.687098106487849573e-16 4.067369494653894925e-18
1.950867773437500000e+04 4.633168048131760305e-16 4.214306549945364549e-18
1.951884570312500000e+04 4.135307757421896211e-16 4.090753063390156465e-18
1.952901171875000000e+04 4.447025146434339330e-16 4.445469203158514834e-18
1.953917968750000000e+04 4.500567157821467722e-16 4.660836015394352502e-18
1.954934765625000000e+04 4.676882889143962711e-16 4.766239504948922053e-18
1.955951367187500000e+04 4.617374589434611841e-16 4.728012593710702709e-18
1.956968164062500000e+04 4.158786451928601349e-16 4.313366804972571208e-18
1.957984960937500000e+04 4.255338414097138960e-16 4.037568658725446997e-18
1.959001562500000000e+04 4.688030901521013372e-16 4.103767509557759526e-18
1.960018359375000000e+04 4.903555258576317889e-16 4.084526461329163549e-18
1.961034960937500000e+04 4.720445793621251378e-16 3.965483177063900848e-18
1.962051757812500000e+04 4.502799089637482804e-16 3.966458009415794591e-18
1.963068554687500000e+04 4.776252029955508922e-16 4.017443768012338111e-18
1.964085156250000000e+04 4.737870320137456404e-16 3.901501170273230434e-18
1.965101953125000000e+04 4.579348104058814095e-16 3.723487352958449836e-18
1.966118750000000000e+04 4.663444711435773236e-16 3.669527052879165629e-18
1.967135351562500000e+04 4.813460599141614234e-16 3.647838790808331520e-18
1.968152148437500000e+04 4.929883160159349680e-16 3.640625775866869118e-18
1.969168750000000000e+04 4.914556098978783115e-16 3.573772625170027145e-18
1.970185546875000000e+04 4.858820272258266085e-16 3.518935513641436729e-18
1.971202343750000000e+04 4.868136046491287287e-16 3.502958933700281276e-18
1.972218945312500000e+04 4.815548005961004050e-16 3.410199520194044167e-18
1.973235742187500000e+04 4.793024341102328136e-16 3.307619198070118099e-18
1.974252539062500000e+04 4.880893421468121118e-16 3.241065693550173460e-18
1.975269140625000000e+04 5.017445720477355011e-16 3.218372200239934284e-18
1.976285937500000000e+04 5.199544569247228736e-16 3.313768458743837307e-18
1.977302734375000000e+04 5.004520527097846422e-16 3.249619154674278043e-18
1.978319335937500000e+04 5.293075535469824681e-16 3.368392157674389042e-18
1.979336132812500000e+04 4.972280864938571649e-16 3.194781629555381349e-18
1.980352734375000000e+04 5.076744379532260442e-16 3.182874778227986793e-18
1.981369531250000000e+04 4.928029746191638864e-16 3.090246679643992477e-18
1.982386328125000000e+04 5.074242455964308052e-16 3.134561846985755243e-18
1.983402929687500000e+04 5.192774129020706706e-16 3.154846383557086865e-18
1.984419726562500000e+04 5.133615230402098235e-16 3.176639283975408932e-18
1.985436523437500000e+04 5.036141855205625555e-16 3.128954389613258269e-18
1.986453125000000000e+04 5.062560283434895149e-16 3.134800075002170515e-18
1.987469921875000000e+04 5.207905313832220714e-16 3.205935746525352651e-18
1.988486718750000000e+04 5.241632577605110851e-16 3.210939982436145330e-18
1.989503320312500000e+04 5.236070747515202302e-16 3.205818700468676398e-18
1.990520117187500000e+04 5.304345838228635181e-16 3.235212770330901374e-18
1.991536718750000000e+04 5.289828222908288507e-16 3.229310836660335522e-18
1.992553515625000000e+04 5.260017427725265440e-16 3.195140212350923087e-18
1.993570312500000000e+04 5.360295540768333922e-16 3.319311396028555145e-18
1.994586914062500000e+04 5.423876480767201875e-16 3.454547154374849640e-18
1.995603710937500000e+04 5.370005714717420407e-16 3.619691902514683371e-18
1.996620507812500000e+04 5.275819886147478481e-16 3.797601495072282286e-18
1.997637109375000000e+04 5.554559900243147535e-16 4.398948565508532558e-18
1.998653906250000000e+04 5.217895008653901118e-16 4.490998051254046030e-18
1.999670703125000000e+04 5.364030426670133352e-16 5.182461486344273348e-18
2.000687304687500000e+04 4.992069672168800241e-16 5.510650771048668673e-18
2.001704101562500000e+04 4.796648583325392474e-16 5.384473054000136108e-18
2.002720703125000000e+04 4.795292271818601525e-16 5.608899975485267088e-18
2.003737500000000000e+04 4.718576497785779544e-16 5.322258732178491514e-18
2.004754296875000000e+04 4.568970362268172814e-16 4.998305852981286521e-18
2.005770898437500000e+04 4.673466699388567711e-16 4.716598742028389757e-18
2.006787695312500000e+04 5.180918314737106671e-16 4.843072176145910029e-18
2.007804492187500000e+04 5.055155627289116462e-16 4.473769119865485293e-18
2.008821093750000000e+04 5.025894874126216657e-16 4.630210893985495482e-18
2.009837890625000000e+04 4.887936500424540625e-16 4.718279573033097509e-18
2.010854492187500000e+04 4.711283544109920018e-16 4.933438762935184367e-18
2.011871289062500000e+04 4.764653501929637380e-16 4.629856033502710233e-18
2.012888085937500000e+04 4.792769172426967778e-16 4.616236091126718356e-18
2.013904687500000000e+04 4.703685129177456910e-16 4.628461406989945828e-18
2.014921484375000000e+04 4.583858025107351210e-16 4.410037335210112170e-18
2.015938281250000000e+04 4.492999447833342583e-16 4.228079520734678737e-18
2.016954882812500000e+04 4.482107133527244314e-16 4.030129823476757620e-18
2.017971679687500000e+04 4.340686247955870313e-16 3.772493668349153961e-18
2.018988476562500000e+04 4.557907053185847584e-16 3.864009622599570731e-18
2.020005078125000000e+04 4.540836692320713262e-16 3.550242231875037443e-18
2.021021875000000000e+04 4.295930085814137151e-16 3.413794653931352763e-18
2.022038476562500000e+04 4.272941876323451457e-16 3.246957080667929261e-18
2.023055273437500000e+04 4.328794434772011970e-16 3.155433474996846376e-18
2.024072070312500000e+04 4.305768373496495849e-16 3.054390054451043833e-18
2.025088671875000000e+04 4.421095350336517061e-16 3.057648939269349624e-18
2.026105468750000000e+04 4.317199083119692632e-16 2.905859435709490801e-18
2.027122265625000000e+04 4.460554380184358642e-16 2.949049844213334588e-18
2.028138867187500000e+04 4.305286623507744966e-16 2.949723996412565306e-18
2.029155664062500000e+04 4.257826838077494484e-16 2.812359075169559318e-18
2.030172460937500000e+04 4.220443303648221955e-16 2.745070207085055038e-18
2.031189062500000000e+04 4.178940012721741324e-16 2.729964027943458508e-18
2.032205859375000000e+04 4.156055564767094281e-16 2.768158265547482008e-18
2.033222460937500000e+04 4.179448761885685938e-16 2.717459952213800665e-18
2.034239257812500000e+04 4.086015998545412288e-16 2.816894092877881292e-18
2.035256054687500000e+04 4.091613562837783128e-16 2.663571410052655433e-18
2.036272656250000000e+04 3.986579095098085734e-16 2.624623610910596125e-18
2.037289453125000000e+04 3.885371098697609641e-16 2.648008006827470217e-18
2.038306250000000000e+04 3.792316323810048222e-16 2.586054867284239242e-18
2.039322851562500000e+04 3.749320666709623920e-16 2.595193765486878230e-18
2.040339648437500000e+04 3.848994209986589645e-16 2.643502767621200152e-18
2.041356445312500000e+04 3.842963335402139026e-16 2.622921686800268270e-18
2.042373046875000000e+04 3.569531306209998249e-16 2.508210347402945775e-18
2.043389843750000000e+04 3.616473872146831574e-16 2.539624392321025245e-18
2.044406445312500000e+04 3.696779212991439670e-16 2.611287598279863075e-18
2.045423242187500000e+04 3.626849231657308702e-16 2.594212936075543477e-18
2.046440039062500000e+04 3.633213625464740701e-16 2.648146973170379126e-18
2.047456640625000000e+04 3.573830792510701874e-16 2.691060276169017649e-18
2.048473437500000000e+04 3.435083089981303241e-16 2.851094909279651913e-18
2.049490234375000000e+04 3.479343737848892637e-16 2.804480386630144868e-18
2.050506835937500000e+04 3.453980924430138716e-16 2.852575562576121832e-18
2.051523632812500000e+04 3.315192193742357452e-16 2.815237043315784440e-18
2.052540234375000000e+04 3.330589929234460548e-16 2.915414819350550239e-18
2.053557031250000000e+04 3.321216186184111629e-16 2.947533828945678027e-18
2.054573828125000000e+04 3.228513194667456763e-16 2.914208583222294786e-18
2.055590429687500000e+04 3.147405290105325217e-16 2.837003473954504810e-18
2.056607226562500000e+04 3.078170669881330826e-16 2.857975190819714859e-18
2.057624023437500000e+04 2.992536697705105130e-16 2.634940621100663763e-18
2.058640625000000000e+04 3.066109979503613657e-16 2.499812189438848023e-18
2.059657421875000000e+04 3.114923958858286952e-16 2.535474427187846706e-18
2.060674218750000000e+04 3.033596355125461322e-16 2.539469709546477829e-18
2.061690820312500000e+04 2.897194933859957100e-16 2.549293926886617001e-18
2.062707617187500000e+04 3.011345858392274919e-16 2.595703722334517171e-18
2.063724218750000000e+04 2.975925058120468215e-16 2.728284024119363309e-18
2.064741015625000000e+04 2.946339256064059572e-16 2.604339694724723919e-18
2.065757812500000000e+04 3.030245016330090479e-16 2.612964293381508062e-18
2.066774414062500000e+04 2.958190570485127319e-16 2.547228250101918952e-18
2.067791210937500000e+04 2.769729180792393714e-16 2.642656561854558405e-18
2.068808007812500000e+04 2.922980734356746138e-16 2.522489552727142415e-18
2.069824609375000000e+04 2.955455977554476013e-16 2.496818622802018616e-18
2.070841406250000000e+04 2.909589672856247684e-16 2.428333651551762658e-18
2.071858203125000000e+04 2.933646996745045915e-16 2.471929171760604290e-18
2.072874804687500000e+04 2.784934480986792473e-16 2.398363863983200774e-18
2.073891601562500000e+04 2.874725796747260682e-16 2.304921819676454279e-18
2.074908203125000000e+04 2.922161759375869637e-16 2.288716937886234190e-18
2.075925000000000000e+04 2.874871909930662049e-16 2.273898410802652976e-18
2.076941796875000000e+04 2.933883901272481103e-16 2.313451912948254239e-18
2.077958398437500000e+04 2.965891423464648994e-16 2.316045951349220533e-18
2.078975195312500000e+04 2.878443741990115027e-16 2.210362667952454920e-18
2.079991992187500000e+04 2.908155540197427747e-16 2.230700764468449350e-18
2.081008593750000000e+04 2.948601892824412622e-16 2.214641673261191732e-18
2.082025390625000000e+04 2.940396790543478621e-16 2.422715234036149355e-18
2.083041992187500000e+04 2.998015942082656385e-16 2.234149280442182922e-18
2.084058789062500000e+04 2.995014798471415992e-16 2.262630763293608771e-18
2.085075585937500000e+04 2.942870126749461178e-16 2.228859460424906310e-18
2.086092187500000000e+04 2.995955534438460299e-16 2.205073675115790861e-18
2.087108984375000000e+04 2.937904131398386826e-16 2.256086937467701769e-18
2.088125781250000000e+04 2.947794035150968833e-16 2.222234984489275388e-18
2.089142382812500000e+04 2.900719120316127024e-16 2.207959087887528960e-18
2.090159179687500000e+04 2.870755065109210132e-16 2.193398641155064290e-18
2.091175976562500000e+04 2.950432013386073945e-16 2.308852788742459405e-18
2.092192578125000000e+04 2.918591780200988778e-16 2.135583059035823559e-18
2.093209375000000000e+04 2.827698527515701927e-16 2.106115576894234502e-18
2.094225976562500000e+04 2.958933841896342967e-16 2.123234493261325686e-18
2.095242773437500000e+04 3.049175673305632057e-16 2.151539373051971463e-18
2.096259570312500000e+04 3.001780738835405733e-16 2.199934401969998900e-18
2.097276171875000000e+04 2.956359126434485911e-16 2.155674448934124049e-18
2.098292968750000000e+04 2.932097455847162580e-16 2.123144123779404267e-18
2.099309765625000000e+04 2.973819122455357211e-16 2.171763111848280437e-18
2.100326367187500000e+04 2.917080091087935869e-16 2.170009695744821156e-18
2.101343164062500000e+04 2.959134218127927813e-16 2.238460752589962441e-18
2.102359960937500000e+04 2.973056263407236307e-16 2.135975763031633109e-18
2.103376562500000000e+04 2.910378207590582234e-16 2.127193379673004476e-18
2.104393359375000000e+04 2.995194792972707531e-16 2.345561409966337667e-18
2.105409960937500000e+04 2.996296729897526172e-16 2.224374900733950071e-18
2.106426757812500000e+04 3.027281195108088479e-16 2.231524636358552166e-18
2.107443554687500000e+04 2.903540269426075878e-16 2.249791886211020090e-18
2.108460156250000000e+04 2.914873834958134433e-16 2.154871463354488197e-18
2.109476953125000000e+04 2.944337876028375271e-16 2.214590181268060306e-18
2.110493750000000000e+04 2.930898110133409694e-16 2.134151622985800545e-18
2.111510351562500000e+04 2.805881076376799286e-16 2.231526083924624133e-18
2.112527148437500000e+04 2.834036980939124263e-16 2.177002473848191314e-18
2.113543945312500000e+04 2.826527239768326840e-16 2.147387133172108403e-18
2.114560546875000000e+04 2.818747242147796091e-16 2.154853058585858892e-18
2.115577343750000000e+04 2.814490372192251198e-16 2.101069154772201618e-18
2.116593945312500000e+04 2.818300696965915465e-16 2.062576511762199613e-18
2.117610742187500000e+04 2.732321029468091607e-16 2.376666916515934858e-18
2.118627539062500000e+04 2.710733336016131695e-16 2.049475211630278485e-18
2.119644140625000000e+04 2.733774485066020783e-16 2.197373037203228450e-18
2.120660937500000000e+04 2.752068808539937569e-16 2.085598602570775480e-18
2.121677734375000000e+04 2.637809357911252792e-16 2.174716146635094746e-18
2.122694335937500000e+04 2.604591372697899303e-16 2.160780634855413888e-18
2.123711132812500000e+04 2.569489268572497029e-16 1.979620636080787850e-18
2.124727734375000000e+04 2.558492663334768075e-16 2.017704031482729245e-18
2.125744531250000000e+04 2.634678777077760102e-16 1.981510536985318380e-18
2.126761328125000000e+04 2.582728393538081743e-16 2.182963137342248432e-18
2.127777929687500000e+04 2.542607619200197740e-16 1.968942354758187678e-18
2.128794726562500000e+04 2.510260225037944061e-16 1.977057823747945432e-18
2.129811523437500000e+04 2.500556139138165965e-16 2.184712417542644947e-18
2.130828125000000000e+04 2.586020175329348768e-16 2.006357181430033087e-18
2.131844921875000000e+04 2.534256933131454406e-16 2.058372779889205127e-18
2.132861718750000000e+04 2.590901996781289724e-16 1.999751730648490885e-18
2.133878320312500000e+04 2.590490127010687321e-16 1.954752898530453041e-18
2.134895117187500000e+04 2.412524004930026531e-16 2.026693830379955549e-18
2.135911718750000000e+04 2.529565164697053633e-16 1.957046049983603172e-18
2.136928515625000000e+04 2.458721711268868106e-16 1.914077119088770458e-18
2.137945312500000000e+04 2.440476356887214459e-16 1.970610364463400858e-18
2.138961914062500000e+04 2.430884767550743576e-16 1.945394590670334363e-18
2.139978710937500000e+04 2.372369613972048373e-16 1.883631909463143722e-18
2.140995507812500000e+04 2.345531110340499849e-16 1.869456101715516210e-18
2.142012109375000000e+04 2.286426210072278840e-16 1.931715298085391806e-18
2.143028906250000000e+04 2.321030417643373195e-16 1.896504907746000215e-18
2.144045703125000000e+04 2.235453090795495130e-16 1.855989601343152919e-18
2.145062304687500000e+04 2.208786640731357637e-16 1.812033637182391305e-18
2.146079101562500000e+04 2.225676213001812368e-16 1.832405234513194133e-18
2.147095703125000000e+04 2.269451934507098678e-16 1.885671943648852626e-18
2.148112500000000000e+04 2.260989810666232201e-16 1.906335122145580396e-18
2.149129296875000000e+04 2.164809484203302414e-16 1.832745826130412842e-18
2.150145898437500000e+04 2.188542553291979859e-16 1.836773988918392948e-18
2.151162695312500000e+04 2.157284125862539989e-16 2.009921916279830360e-18
2.152179492187500000e+04 2.273313345955394220e-16 1.838702767311713470e-18
2.153196093750000000e+04 2.243501756678983102e-16 1.835860781522134406e-18
2.154212890625000000e+04 2.324779861923953559e-16 1.855153942129321223e-18
2.155229687500000000e+04 2.186955557655960122e-16 1.860594309018082486e-18
2.156246289062500000e+04 2.136925821324180889e-16 1.868214296820920977e-18
2.157263085937500000e+04 2.139548711784913034e-16 1.805596724450656782e-18
2.158279687500000000e+04 2.227378484527997495e-16 1.857680358515211308e-18
2.159296484375000000e+04 2.201778634232910378e-16 1.872794189077473953e-18
2.160313281250000000e+04 2.151012243934815921e-16 1.848596054233000820e-18
2.161329882812500000e+04 2.150582374714084363e-16 1.861060632088409256e-18
2.162346679687500000e+04 2.134947072950056039e-16 1.858772650514087581e-18
2.163363476562500000e+04 2.182061295407606368e-16 1.822540692118193001e-18
2.164380078125000000e+04 2.144005163878654721e-16 1.803874948005627655e-18
2.165396875000000000e+04 2.102140163413916902e-16 1.762663155527010710e-18
2.166413476562500000e+04 1.968491334529193140e-16 1.703703272427879434e-18
2.167430273437500000e+04 1.916553788832621604e-16 1.737411399377298158e-18
2.168447070312500000e+04 2.051190205194284677e-16 1.830657401878869585e-18
2.169463671875000000e+04 2.034054861020228189e-16 1.750998461323941052e-18
2.170480468750000000e+04 1.990701067801792928e-16 1.736818310878097637e-18
2.171497265625000000e+04 2.023629605975201863e-16 1.745590974864528772e-18
2.172513867187500000e+04 1.961146500085314288e-16 1.729681086360260407e-18
2.173530664062500000e+04 1.994249606455196413e-16 1.829311372227092671e-18
2.174547460937500000e+04 2.040915563195192005e-16 1.740946562520196660e-18
2.175564062500000000e+04 1.942481732045871754e-16 1.878189681418004214e-18
2.176580859375000000e+04 1.934419169528092891e-16 1.743183879281999461e-18
2.177597460937500000e+04 1.898686687601476206e-16 1.725787030229090460e-18
2.178614257812500000e+04 1.920964712905448373e-16 1.758121520373788312e-18
2.179631054687500000e+04 1.962541854517017739e-16 1.836323795870010963e-18
2.180647656250000000e+04 1.920091342527490384e-16 1.690402828563486164e-18
2.181664453125000000e+04 1.880357556367383189e-16 1.868869010275756699e-18
2.182681250000000000e+04 1.913830048511606994e-16 1.758021224724516257e-18
2.183697851562500000e+04 1.790967522465676705e-16 1.717982891342382351e-18
2.184714648437500000e+04 1.916123522565196021e-16 1.758273928401651207e-18
2.185731445312500000e+04 1.990893900146191290e-16 2.015986390940762883e-18
2.186748046875000000e+04 1.802205135046679109e-16 1.699849334556418309e-18
2.187764843750000000e+04 1.810847253388837125e-16 1.676532664052196996e-18
2.188781445312500000e+04 1.767909035710148505e-16 1.681476308983120166e-18
2.189798242187500000e+04 1.838138125553778648e-16 1.660732583774245045e-18
2.190815039062500000e+04 1.822381459850276543e-16 2.002418354148208708e-18
2.191831640625000000e+04 1.905174165884056096e-16 1.824432867769408052e-18
2.192848437500000000e+04 1.776865085638382647e-16 1.718103246121508817e-18
2.193865234375000000e+04 1.840844395820256138e-16 1.852206077221335371e-18
2.194881835937500000e+04 1.724236546345308814e-16 1.998035744467749629e-18
2.195898632812500000e+04 1.917506436200486675e-16 1.764660176320866857e-18
2.196915234375000000e+04 1.819044017689196591e-16 1.688235098370714386e-18
2.197932031250000000e+04 1.731644511213537713e-16 1.713389867593605096e-18
2.198948828125000000e+04 1.752227014785123185e-16 1.971232817874347012e-18
2.199965429687500000e+04 1.746969851858430167e-16 1.734075069774142090e-18
2.200982226562500000e+04 1.829614724173134243e-16 1.724040748558414449e-18
2.201999023437500000e+04 1.798921691235986619e-16 1.769687366493657883e-18
2.203015625000000000e+04 1.766831715680359442e-16 1.747280284470515193e-18
2.204032421875000000e+04 1.728427903596339507e-16 1.628495390749098743e-18
2.205049218750000000e+04 1.667751360164267745e-16 1.616848997917081821e-18
2.206065820312500000e+04 1.753959064813360221e-16 1.780980243011384955e-18
2.207082617187500000e+04 1.634006493987942479e-16 1.540322797137044742e-18
2.208099218750000000e+04 1.642613804569924263e-16 1.553430094328406881e-18
2.209116015625000000e+04 1.730580161375753481e-16 1.650805796038149299e-18
2.210132812500000000e+04 1.654610438081005326e-16 1.618422605634887387e-18
2.211149414062500000e+04 1.565301666402676051e-16 1.592040196985391415e-18
2.212166210937500000e+04 1.702247703383485185e-16 1.601350011382099173e-18
2.213183007812500000e+04 1.762927026142415126e-16 1.633343496319272039e-18
2.214199609375000000e+04 1.722937541911355539e-16 1.687796796043637851e-18
2.215216406250000000e+04 1.644126684823059249e-16 1.818553061180227993e-18
2.216233203125000000e+04 1.701153177996955019e-16 1.655674891316366127e-18
2.217249804687500000e+04 1.616563835672710290e-16 1.595257205785186709e-18
2.218266601562500000e+04 1.612928740840009257e-16 1.653600942725542548e-18
2.219283203125000000e+04 1.670954468193869085e-16 1.649654981010934899e-18
2.220300000000000000e+04 1.572126237328483550e-16 1.583493353306187257e-18
2.221316796875000000e+04 1.512676568180950439e-16 1.682688955761122905e-18
2.222333398437500000e+04 1.669743608125989461e-16 1.619815370991273548e-18
2.223350195312500000e+04 1.568870586786372842e-16 1.905009565213964169e-18
2.224366992187500000e+04 1.727698661168312758e-16 1.592963537344153732e-18
2.225383593750000000e+04 1.680151393116478668e-16 1.547857068348907426e-18
2.226400390625000000e+04 1.694477499581407065e-16 1.715079487392321224e-18
2.227417187500000000e+04 1.596060609091031900e-16 1.715447272572177614e-18
2.228433789062500000e+04 1.588977693116311839e-16 1.649522425317773276e-18
2.229450585937500000e+04 1.627094043393857345e-16 1.689436785005600797e-18
2.230467187500000000e+04 1.565150788658946379e-16 1.634295787999473712e-18
2.231483984375000000e+04 1.590278418085939224e-16 1.560325471914648919e-18
2.232500781250000000e+04 1.555249899947829667e-16 1.798948467072414960e-18
2.233517382812500000e+04 1.536792125584872403e-16 1.529091028587070025e-18
2.234534179687500000e+04 1.539986101540511158e-16 1.684644824319504539e-18
2.235550976562500000e+04 1.607328794267474264e-16 1.772487372867149882e-18
2.236567578125000000e+04 1.438974378555781647e-16 2.161508967384766829e-18
2.237584375000000000e+04 1.469093943717858508e-16 1.538270665434877250e-18
2.238600976562500000e+04 1.568680269071036641e-16 1.743832182087087897e-18
2.239617773437500000e+04 1.519980771513140686e-16 1.611561556044066299e-18
2.240634570312500000e+04 1.382345858518197390e-16 1.808236257785313493e-18
2.241651171875000000e+04 1.547236041824517926e-16 1.554304837826181707e-18
2.242667968750000000e+04 1.654282477511740302e-16 1.604109692700729211e-18
2.243684765625000000e+04 1.460757683678998099e-16 1.893075623721508500e-18
2.244701367187500000e+04 1.535613293950310832e-16 1.754712088683997870e-18
2.245718164062500000e+04 1.544610769083621629e-16 1.750904369529263145e-18
2.246734960937500000e+04 1.478397012456670895e-16 1.732332613813799137e-18
2.247751562500000000e+04 1.587807861206814845e-16 1.554753066320608879e-18
2.248768359375000000e+04 1.520523004948281446e-16 1.710314203280979801e-18
2.249784960937500000e+04 1.621845086098840853e-16 1.603271345149906718e-18
2.250801757812500000e+04 1.613053016455239224e-16 1.652131042777035818e-18
2.251818554687500000e+04 1.529666460916095602e-16 1.719105168638463671e-18
2.252835156250000000e+04 1.616913898507942732e-16 1.751522066651687119e-18
2.253851953125000000e+04 1.609720471203385586e-16 1.908298228534321869e-18
2.254868750000000000e+04 1.360740430313904341e-16 1.510530543207452052e-18
2.255885351562500000e+04 1.450416999579799194e-16 1.663255381244955211e-18
2.256902148437500000e+04 1.574647351486647170e-16 1.571555586103398530e-18
2.257918945312500000e+04 1.460843048718213572e-16 1.554560540033037162e-18
2.258935546875000000e+04 1.504027038300503947e-16 1.632472888724559977e-18
2.259952343750000000e+04 1.437748960109121090e-16 1.500816547683935571e-18
2.260968945312500000e+04 1.509849066323897177e-16 1.769804619345487275e-18
2.261985742187500000e+04 1.480075196483418478e-16 1.631868012901630576e-18
2.263002539062500000e+04 1.470855242852555419e-16 1.665938651754500663e-18
2.264019140625000000e+04 1.457067267006929520e-16 1.511930753189351190e-18
2.265035937500000000e+04 1.403663163171525968e-16 1.889337801328534507e-18
2.266052734375000000e+04 1.515112184951000578e-16 1.733109646601716137e-18
2.267069335937500000e+04 1.466212443510417785e-16 1.532012320317877612e-18
2.268086132812500000e+04 1.486744389802964017e-16 1.551887092293265777e-18
2.269102929687500000e+04 1.498521324143350995e-16 1.567412135017543846e-18
2.270119531250000000e+04 1.461070688822788165e-16 1.700742482822822441e-18
2.271136328125000000e+04 1.541394558513117449e-16 1.777545995903217922e-18
2.272152929687500000e+04 1.530617387748286562e-16 1.591599826706783497e-18
2.273169726562500000e+04 1.447504132683530460e-16 1.661500310780270824e-18
2.274186523437500000e+04 1.522933343078811965e-16 2.001384998767976838e-18
2.275203125000000000e+04 1.441868054861839151e-16 1.615438965165408616e-18
2.276219921875000000e+04 1.422943882982299988e-16 1.579654718276058363e-18
2.277236718750000000e+04 1.569091477097149002e-16 1.790747178094104829e-18
2.278253320312500000e+04 1.595298411787401038e-16 1.881021327449926366e-18
2.279270117187500000e+04 1.640122468913812553e-16 1.631595146697064646e-18
2.280286718750000000e+04 1.502430248846031583e-16 1.630955736083561155e-18
2.281303515625000000e+04 1.387490524881583196e-16 1.522509876236021568e-18
2.282320312500000000e+04 1.433084587896608073e-16 1.760590240911952823e-18
2.283336914062500000e+04 1.424554966117757269e-16 1.620716584268650071e-18
2.284353710937500000e+04 1.532320188670063723e-16 1.531081638731178886e-18
2.285370507812500000e+04 1.388216458587159734e-16 1.503987027574274757e-18
2.286387109375000000e+04 1.531896275149742547e-16 1.582025314514058771e-18
2.287403906250000000e+04 1.496288862931743880e-16 1.868233942360469112e-18
2.288420703125000000e+04 1.509434417226436596e-16 1.743170230801892337e-18
2.289437304687500000e+04 1.491918834668401733e-16 1.647280559062601433e-18
2.290454101562500000e+04 1.480807350587201414e-16 1.542403776763075022e-18
2.291470703125000000e+04 1.405814229810857865e-16 1.542301413162271585e-18
2.292487500000000000e+04 1.330639526346446676e-16 1.593535532737734151e-18
2.293504296875000000e+04 1.494520152258758494e-16 1.537531889750290827e-18
2.294520898437500000e+04 1.500050880357635050e-16 1.723587970570618236e-18
2.295537695312500000e+04 1.493923523426536246e-16 1.531929188666316032e-18
2.296554492187500000e+04 1.450917543112067282e-16 1.619153833296384264e-18
2.297571093750000000e+04 1.313710778802181433e-16 1.593322326934848608e-18
2.298587890625000000e+04 1.383066365918955579e-16 1.510610159341410281e-18
2.299604687500000000e+04 1.403766130614176569e-16 1.705477264649075971e-18
2.300621289062500000e+04 1.423034674326333808e-16 1.637701083786201388e-18
2.301638085937500000e+04 1.336874218233830361e-16 1.499298154272017920e-18
2.302654687500000000e+04 1.366722732852785845e-16 1.849088226697469871e-18
2.303671484375000000e+04 1.367541443135866330e-16 1.508777850887028755e-18
2.304688281250000000e+04 1.371622289057059939e-16 1.638488973319658147e-18
2.305704882812500000e+04 1.329460297665191080e-16 1.734780758234226392e-18
2.306721679687500000e+04 1.351719529425646042e-16 1.483559285359394893e-18
2.307738476562500000e+04 1.315835772708605659e-16 1.471420926858062058e-18
2.308755078125000000e+04 1.327146971276900781e-16 1.520555972231594747e-18
2.309771875000000000e+04 1.223078253445971297e-16 1.642216869545281505e-18
2.310788476562500000e+04 1.230726960959677629e-16 1.374856172341351315e-18
2.311805273437500000e+04 1.206749840503072539e-16 1.530550795573072981e-18
2.312822070312500000e+04 1.248287939189729402e-16 1.430199828597553892e-18
2.313838671875000000e+04 1.378024666998220373e-16 1.925559626761925312e-18
2.314855468750000000e+04 1.319224036846520869e-16 1.961327536834177643e-18
2.315872265625000000e+04 1.271988582798394768e-16 1.598275484442816138e-18
2.316888867187500000e+04 1.135678746970312418e-16 1.875327636498570739e-18
2.317905664062500000e+04 1.297415850130478822e-16 1.582906365264004314e-18
2.318922460937500000e+04 1.029758666579591250e-16 1.707935852224736708e-18
2.319939062500000000e+04 1.218887425590532638e-16 1.940801670319133676e-18
2.320955859375000000e+04 1.268680786790468717e-16 1.534314984348072102e-18
2.321972460937500000e+04 1.180882910131804300e-16 1.371748351382413020e-18
2.322989257812500000e+04 1.348060479442405473e-16 1.562916511785894709e-18
2.324006054687500000e+04 1.227849828265871186e-16 1.362479896016332914e-18
2.325022656250000000e+04 1.170083372403209979e-16 1.763679140114378966e-18
2.326039453125000000e+04 1.151288240699229089e-16 1.440421506222024793e-18
2.327056250000000000e+04 1.222997255920390105e-16 1.649280268193448377e-18
2.328072851562500000e+04 1.062484049194557161e-16 1.495685339549116003e-18
2.329089648437500000e+04 1.234965169720603326e-16 1.507124937227994668e-18
2.330106445312500000e+04 1.110078565802980280e-16 1.482760125490092100e-18
2.331123046875000000e+04 1.235949448475092425e-16 1.461199145836014588e-18
2.332139843750000000e+04 1.164118672267763603e-16 1.499097976563780087e-18
2.333156445312500000e+04 1.127309399706949889e-16 1.391188646741057708e-18
2.334173242187500000e+04 1.035089018446882960e-16 1.861225654620613585e-18
2.335190039062500000e+04 1.001050800938121889e-16 1.502212208172465667e-18
2.336206640625000000e+04 1.070410557045183301e-16 1.542258606565571965e-18
2.337223437500000000e+04 1.064239988198884728e-16 1.552190357385343030e-18
2.338240234375000000e+04 1.091917385320460029e-16 1.515605916650924292e-18
2.339256835937500000e+04 1.116638505107219815e-16 1.378684674408976434e-18
2.340273632812500000e+04 1.148163880263942797e-16 1.634990826509171393e-18
2.341290429687500000e+04 1.134407668153838934e-16 1.388803161252031345e-18
2.342307031250000000e+04 1.050381404216171302e-16 1.588375373281475226e-18
2.343323828125000000e+04 1.044677828456495666e-16 1.616895423428961360e-18
2.344340429687500000e+04 1.055584039396884825e-16 1.440639158120702808e-18
2.345357226562500000e+04 1.045545110785145264e-16 1.359872519327989202e-18
2.346374023437500000e+04 1.366323039180800222e-16 2.059841232271639889e-18
2.347390625000000000e+04 1.198743658615845291e-16 2.706804211562892563e-18
2.348407421875000000e+04 1.080699625074158898e-16 1.875538567554771761e-18
2.349424218750000000e+04 1.035598760227562638e-16 1.487234965808850841e-18
2.350440820312500000e+04 1.157370201958310982e-16 1.490687721083223748e-18
2.351457617187500000e+04 1.212498282539173052e-16 1.872090051581038188e-18
2.352474218750000000e+04 1.138716021830709127e-16 1.665263362181927685e-18
2.353491015625000000e+04 1.130048227802337465e-16 1.514709149469340240e-18
2.354507812500000000e+04 1.103556412109122167e-16 1.530079923009377170e-18
2.355524414062500000e+04 9.711616552074777992e-17 1.594445845001848758e-18
2.356541210937500000e+04 1.087902449150474646e-16 1.558036559762138123e-18
2.357558007812500000e+04 1.037872249597552384e-16 1.384681733849985885e-18
2.358574609375000000e+04 9.450857459262541633e-17 1.463296255483989651e-18
2.359591406250000000e+04 1.128410807236176496e-16 1.434657608316178727e-18
2.360608203125000000e+04 1.016603715513139932e-16 1.297008860725490481e-18
2.361624804687500000e+04 1.030379581434598055e-16 1.587179373513300117e-18
2.362641601562500000e+04 1.019793125431797394e-16 1.427290220792898617e-18
2.363658203125000000e+04 1.177437074223255400e-16 1.950767128748866277e-18
2.364675000000000000e+04 1.154075640840185779e-16 1.356905629265914630e-18
2.365691796875000000e+04 1.520511490594154708e-16 2.652640631848073449e-18
2.366708398437500000e+04 1.135716069359550811e-16 1.491149494660181475e-18
2.367725195312500000e+04 1.222390303874123195e-16 1.470762801283199555e-18
2.368741992187500000e+04 1.192732371668299928e-16 1.769832743486314078e-18
2.369758593750000000e+04 8.929212880440470811e-17 1.836350886035072075e-18
2.370775390625000000e+04 1.125203066995144859e-16 1.665396951850854999e-18
2.371792187500000000e+04 1.004973886972889384e-16 1.495878382824570565e-18
2.372808789062500000e+04 8.326122113272958758e-17 1.457324735244392775e-18
2.373825585937500000e+04 1.081193551161526562e-16 1.366009992677979529e-18
2.374842187500000000e+04 1.124571498053848371e-16 1.380923748929580911e-18
2.375858984375000000e+04 9.889345240232411561e-17 1.568564397610830213e-18
2.376875781250000000e+04 1.058855505632307547e-16 1.508537141328775824e-18
2.377892382812500000e+04 1.158369303789377031e-16 1.710119195451570424e-18
2.378909179687500000e+04 1.159399904658169099e-16 1.425001722230694096e-18
2.379925976562500000e+04 8.966906508337777219e-17 1.544910857802146680e-18
2.380942578125000000e+04 7.844576603569498549e-17 1.875313160837851061e-18
2.381959375000000000e+04 1.064505413913840743e-16 1.687974536477760182e-18
2.382976171875000000e+04 1.000246185812679307e-16 1.650092145964669174e-18
2.383992773437500000e+04 1.013877725260859178e-16 1.519761878843543841e-18
2.385009570312500000e+04 1.150349092918960883e-16 1.536176037328739846e-18
2.386026171875000000e+04 1.267278814913864841e-16 1.665262741796468271e-18
2.387042968750000000e+04 1.097604218944537593e-16 1.970321058044160437e-18
2.388059765625000000e+04 1.345580393442624484e-16 1.974247477616796521e-18
2.389076367187500000e+04 1.382076131464056098e-16 2.147920251076898829e-18
2.390093164062500000e+04 1.202668597535184905e-16 1.454853119574084328e-18
2.391109960937500000e+04 1.261641281254295439e-16 1.869760917771242001e-18
2.392126562500000000e+04 1.115396940095002222e-16 1.969135915021525086e-18
2.393143359375000000e+04 1.300891067494385606e-16 2.082575671022200440e-18
2.394159960937500000e+04 1.286791939389541760e-16 1.733933932082125229e-18
2.395176757812500000e+04 1.473675994915810247e-16 2.086974824314910579e-18
2.396193554687500000e+04 1.232787500952771723e-16 1.458964620808779152e-18
2.397210156250000000e+04 1.372607891300529123e-16 1.936573123027762599e-18
2.398226953125000000e+04 1.139183213440679078e-16 1.981735116521626527e-18
2.399243750000000000e+04 1.073843158063931354e-16 1.788905046869949237e-18
2.400260351562500000e+04 1.196502991772561649e-16 1.856931139675391403e-18
2.401277148437500000e+04 1.230729343239841782e-16 1.670554836560429403e-18
2.402293945312500000e+04 1.342463576894524675e-16 1.506989589800265679e-18
2.403310546875000000e+04 1.518552726903629139e-16 1.829060116116029689e-18
2.404327343750000000e+04 1.340875257769524854e-16 1.798268317813743233e-18
2.405343945312500000e+04 1.367179733597609142e-16 1.791839263297827964e-18
2.406360742187500000e+04 1.468119723479618054e-16 1.952141282541469995e-18
2.407377539062500000e+04 1.079182906702981666e-16 1.505603131696050235e-18
2.408394140625000000e+04 1.225804905442742093e-16 1.455761984272126967e-18
2.409410937500000000e+04 1.163145907867401243e-16 1.917964867967769688e-18
2.410427734375000000e+04 1.379992695111606537e-16 1.807618353867736382e-18
2.411444335937500000e+04 1.485464443610323964e-16 1.691654146035125757e-18
2.412461132812500000e+04 1.318880988502882877e-16 1.803083749749720684e-18
2.413477929687500000e+04 1.488530702879384531e-16 2.056194606541199867e-18
2.414494531250000000e+04 1.216282137533235622e-16 1.899150851730404212e-18
2.415511328125000000e+04 1.353384875609286802e-16 1.997857280250591313e-18
2.416527929687500000e+04 1.194744604313620925e-16 1.846711736797605023e-18
2.417544726562500000e+04 1.217947351367978373e-16 1.823942142871010968e-18
2.418561523437500000e+04 1.176091085930509113e-16 1.841036450614878700e-18
2.419578125000000000e+04 1.247124195329540799e-16 1.902501967187009666e-18
2.420594921875000000e+04 1.294325900408674736e-16 1.682366355322227224e-18
2.421611718750000000e+04 1.429778247726560115e-16 1.576248388513564995e-18
2.422628320312500000e+04 1.229806871420722645e-16 1.617917715268500333e-18
2.423645117187500000e+04 1.437018923587706290e-16 2.360834059206210493e-18
2.424661718750000000e+04 1.373694740450974797e-16 1.710748266307417002e-18
2.425678515625000000e+04 1.150526308093394244e-16 1.694982203832156295e-18
2.426695312500000000e+04 1.194539198823911757e-16 1.604518319923330407e-18
2.427711914062500000e+04 1.141280281729623513e-16 1.635991404857630849e-18
2.428728710937500000e+04 1.331097321184658024e-16 1.750759612922066365e-18
2.429745507812500000e+04 1.380812067139177064e-16 1.568661384537652056e-18
2.430762109375000000e+04 1.448282476552718357e-16 2.323972616364163059e-18
2.431778906250000000e+04 1.624692043243901362e-16 2.000983609375735481e-18
2.432795703125000000e+04 1.378597473028801094e-16 1.638332015798426210e-18
2.433812304687500000e+04 1.826260473702007213e-16 3.415096222625204952e-18
2.434829101562500000e+04 1.414492876448866223e-16 2.088802066288040218e-18
2.435845703125000000e+04 1.476537378090753681e-16 1.866072933010174327e-18
2.436862500000000000e+04 1.215763197504144354e-16 2.232987712067005333e-18
2.437879296875000000e+04 1.249191617465331334e-16 1.965147250107794387e-18
2.438895898437500000e+04 1.489918248726105482e-16 1.707749219599029431e-18
2.439912695312500000e+04 1.549371491293884823e-16 2.267781410172823336e-18
2.440929492187500000e+04 1.461550585926966930e-16 2.152843216492508173e-18
2.441946093750000000e+04 1.701414831768317793e-16 1.993278628764957167e-18
2.442962890625000000e+04 1.638670336804863461e-16 1.802963394970594219e-18
2.443979687500000000e+04 1.539025248540969561e-16 2.333444247968201503e-18
2.444996289062500000e+04 1.343429856198884620e-16 1.900369081977541684e-18
2.446013085937500000e+04 1.147768686454489462e-16 1.881083572791020982e-18
2.447029687500000000e+04 1.657843854008250609e-16 2.340032534752033230e-18
2.448046484375000000e+04 1.586671513568513998e-16 1.809275817020139511e-18
2.449063281250000000e+04 1.444313200752545901e-16 2.018959484857431602e-18
2.450079882812500000e+04 1.430120237279014039e-16 2.074726967779991037e-18
2.451096679687500000e+04 1.449301960114077713e-16 1.970189949917070782e-18
2.452113476562500000e+04 1.582055713401570095e-16 2.073956242244244753e-18
2.453130078125000000e+04 1.652324375565704774e-16 1.924972328527012662e-18
2.454146875000000000e+04 1.448803401815279752e-16 1.892387202656711243e-18
2.455163671875000000e+04 1.800822883155878498e-16 2.032621820239816822e-18
2.456180273437500000e+04 1.710244620847851840e-16 1.757073482537683626e-18
2.457197070312500000e+04 1.588244612570242843e-16 1.824815232007560689e-18
2.458213671875000000e+04 1.690398506544785575e-16 1.681359469721597051e-18
2.459230468750000000e+04 1.299568637305484830e-16 2.227779989725524609e-18
2.460247265625000000e+04 1.775542920147277887e-16 2.196925739286990401e-18
2.461263867187500000e+04 1.640145762319862046e-16 1.787080286438657258e-18
2.462280664062500000e+04 1.757371284101814967e-16 2.017861609389420596e-18
2.463297460937500000e+04 1.505934053571908200e-16 1.763624752989103605e-18
2.464314062500000000e+04 1.605362486689762211e-16 1.788781590163525697e-18
2.465330859375000000e+04 1.650779202181455719e-16 1.974027654369010554e-18
2.466347460937500000e+04 1.569162813153175576e-16 2.002831944454485222e-18
2.467364257812500000e+04 1.702598957358799703e-16 2.246788393406840047e-18
2.468381054687500000e+04 1.678825654205127679e-16 1.943059253005944027e-18
2.469397656250000000e+04 1.829767454801436034e-16 2.091054479096022112e-18
2.470414453125000000e+04 1.818209690236151106e-16 2.126717544025633347e-18
2.471431250000000000e+04 1.497327140036620440e-16 1.914082495762752053e-18
2.472447851562500000e+04 1.281947705024635213e-16 2.147426424251204671e-18
2.473464648437500000e+04 1.930110551153426681e-16 2.371501173590541200e-18
2.474481445312500000e+04 1.607625652845707295e-16 2.212936440428413666e-18
2.475498046875000000e+04 1.564718404809152660e-16 1.807562519176389052e-18
2.476514843750000000e+04 1.607299677509912397e-16 1.912802226969673104e-18
2.477531445312500000e+04 1.704374285476685513e-16 1.928912810170062148e-18
2.478548242187500000e+04 1.642545909585245911e-16 2.249816908424549820e-18
2.479565039062500000e+04 1.669092319198889709e-16 2.150889829475964198e-18
2.480581640625000000e+04 1.541119934549749844e-16 2.475508589066274379e-18
2.481598437500000000e+04 1.671386057950274753e-16 2.357816297536463910e-18
2.482615234375000000e+04 1.699897186954854502e-16 2.290496203383835753e-18
2.483631835937500000e+04 1.542902806554822138e-16 2.428294567267819527e-18
2.484648632812500000e+04 1.784136334094968781e-16 2.400855538783363631e-18
2.485665429687500000e+04 1.869042254983249805e-16 3.198077944296405165e-18
2.486682031250000000e+04 1.519723485255412192e-16 2.208517434801002254e-18
2.487698828125000000e+04 1.612233909125464714e-16 2.341745419005477412e-18
2.488715429687500000e+04 1.795315316114153427e-16 2.480573829547242844e-18
2.489732226562500000e+04 1.924050295113618179e-16 3.229229979755458463e-18
2.490749023437500000e+04 1.964413003237061692e-16 2.900729881935896339e-18
2.491765625000000000e+04 1.588142968616572327e-16 2.637276785945666651e-18
2.492782421875000000e+04 1.367867550820559236e-16 3.118615045546651699e-18
2.493799218750000000e+04 1.268263623063945974e-16 2.676685738279224272e-18
2.494815820312500000e+04 1.427754500727112380e-16 2.915116413944571734e-18
2.495832617187500000e+04 1.784495793701959825e-16 2.329183233837787719e-18
2.496849414062500000e+04 1.455967580013377023e-16 2.423592872666068118e-18
2.497866015625000000e+04 1.899100277907752720e-16 2.444127838167850168e-18
2.498882812500000000e+04 1.711591403233986178e-16 2.098893256170880879e-18
2.499899414062500000e+04 1.295852941993896629e-16 1.792439796422541462e-18
2.500916210937500000e+04 1.055853832625475120e-16 1.832447627519587475e-18
2.501933007812500000e+04 1.153757606438271391e-16 1.714129987446686917e-18
2.502949609375000000e+04 1.178270342885116818e-16 1.638691425774580501e-18
2.503966406250000000e+04 1.110890195420017310e-16 2.042697914076478391e-18
2.504983203125000000e+04 7.332612023147768278e-17 1.505231314010707649e-18
2.505999804687500000e+04 1.086965021905880551e-16 1.623329647823705086e-18
2.507016601562500000e+04 1.101997739137276246e-16 2.005798007335947241e-18
2.508033203125000000e+04 9.630215362354659645e-17 1.784034400628083871e-18
2.509050000000000000e+04 7.255052260192346191e-17 1.894416897084763235e-18
2.510066796875000000e+04 1.035486528362051443e-16 1.880269213477962526e-18
2.511083398437500000e+04 6.401433631773143667e-17 1.571006648369393027e-18
2.512100195312500000e+04 4.839509509247644139e-17 1.663827583433688768e-18
2.513116992187500000e+04 1.427921922083093113e-16 2.833159358852817752e-18
2.514133593750000000e+04 9.486276009603082193e-17 2.456690643720999276e-18
2.515150390625000000e+04 6.592131850191118667e-17 2.537203648258388810e-18
2.516167187500000000e+04 1.111313976591440478e-16 2.995698074472803169e-18
2.517183789062500000e+04 6.495198458498520604e-16 5.149912011958372965e-17
2.518200585937500000e+04 8.371839393112029534e-17 1.899659567807124324e-18
2.519217187500000000e+04 1.125759461762372527e-16 2.477517190388706268e-18
2.520233984375000000e+04 1.174287832195143513e-16 1.784889705381463702e-18
2.521250781250000000e+04 4.813748127122537666e-17 1.571862987098538549e-18
2.522267382812500000e+04 7.498927604085640192e-17 1.908593738808156438e-18
2.523284179687500000e+04 8.576016023303188588e-17 2.065387271483654801e-18
2.524300976562500000e+04 1.312586607262497367e-16 2.366408429354205347e-18
2.525317578125000000e+04 1.195856599754688211e-16 2.821940308204761038e-18
2.526334375000000000e+04 6.186183369285614721e-17 2.418162225149504353e-18
2.527351171875000000e+04 1.002383554341067327e-16 2.827780410124538551e-18
2.528367773437500000e+04 4.915968129371635635e-17 3.512339575436938886e-18
2.529384570312500000e+04 8.076716570676380235e-17 2.814562477526247446e-18
2.530401171875000000e+04 4.768246575987220720e-17 3.074540380967988726e-18
2.531417968750000000e+04 1.437403000089726912e-16 4.233900390705214393e-18
2.532434765625000000e+04 -2.368761716837888083e-17 2.368433987879194573e-18
2.533451367187500000e+04 -2.293813859384663436e-17 3.056229290543055490e-18
2.534468164062500000e+04 -2.261668131855750185e-17 3.013661955835617271e-18
2.535484960937500000e+04 -2.229988437883949310e-17 2.971778079109300992e-18
2.536501562500000000e+04 -2.165700787856940552e-17 2.886501755014524848e-18
