1.496308984375000000e+04 6.440858118558605034e-16 6.627912871076079964e-18
1.497326171875000000e+04 6.260702151611495861e-16 6.320133027215511768e-18
1.498343457031250000e+04 6.636846719476673182e-16 6.465092293662367103e-18
1.499360742187500000e+04 7.018611880342474820e-16 6.501850132132692270e-18
1.500378027343750000e+04 6.958768473223366467e-16 6.408884130268470043e-18
1.501395312500000000e+04 7.225885077700338385e-16 6.608994836876685945e-18
1.502412500000000000e+04 6.834166750308706684e-16 6.149389713894766007e-18
1.503429785156250000e+04 7.178621698034732494e-16 6.336374718542990466e-18
1.504447070312500000e+04 7.547831713039857265e-16 6.179165320814531068e-18
1.505464355468750000e+04 7.277728788028221905e-16 6.088792116580356306e-18
1.506481640625000000e+04 7.548099587209426437e-16 6.570726980198145225e-18
1.507498828125000000e+04 7.785910969293767699e-16 6.267018932902869308e-18
1.508516113281250000e+04 7.958572282844452415e-16 6.768325125695731306e-18
1.509533398437500000e+04 8.309640440306166175e-16 6.873678984413547676e-18
1.510550683593750000e+04 8.731977420554264731e-16 7.093264004183099508e-18
1.511567968750000000e+04 8.608215848444162807e-16 6.959800066708893599e-18
1.512585156250000000e+04 8.487005433692072429e-16 6.822248202647450627e-18
1.513602441406250000e+04 8.810873245635082469e-16 6.970852854053827155e-18
1.514619726562500000e+04 9.000692799719179141e-16 7.105119156722209501e-18
1.515637011718750000e+04 8.874703001562206373e-16 6.957357402360024508e-18
1.516654199218750000e+04 9.112842079518016641e-16 6.991272634655311196e-18
1.517671484375000000e+04 9.026883058448282107e-16 6.899532928049198832e-18
1.518688769531250000e+04 9.011229889583022637e-16 6.863048059181016164e-18
1.519706054687500000e+04 8.914393906679358819e-16 6.886145837015640632e-18
1.520723339843750000e+04 8.957988574892169521e-16 6.816544378733591225e-18
1.521740527343750000e+04 8.933258389205896155e-16 6.769641583640609449e-18
1.522757812500000000e+04 9.109690058163046576e-16 6.737416281336768597e-18
1.523775097656250000e+04 8.724180482274788897e-16 6.673684083091089198e-18
1.524792382812500000e+04 8.831272975378518224e-16 6.631729482422399634e-18
1.525809667968750000e+04 8.715553981102595882e-16 6.684862188298824537e-18
1.526826855468750000e+04 8.643857406677847664e-16 6.772952787632659219e-18
1.527844140625000000e+04 8.544005457086366502e-16 6.527515478588681336e-18
1.528861425781250000e+04 8.530574161520873468e-16 6.440270671431182125e-18
1.529878710937500000e+04 8.115939357741276672e-16 6.221461960666511309e-18
1.530895898437500000e+04 8.218014768819300372e-16 6.508877858616942793e-18
1.531913183593750000e+04 8.151560798942464239e-16 6.352340545136182730e-18
1.532930468750000000e+04 8.094591480492508134e-16 6.335588483370758813e-18
1.533947753906250000e+04 8.113578253400805310e-16 6.233537556838866683e-18
1.534965039062500000e+04 7.930566197234673043e-16 6.146552070803402846e-18
1.535982226562500000e+04 7.848820106286344585e-16 6.094226693204829698e-18
1.536999511718750000e+04 7.706096642860771079e-16 6.045694352305118458e-18
1.538016796875000000e+04 7.567937098834122151e-16 5.940915797703332719e-18
1.539034082031250000e+04 7.254693197632049173e-16 5.845843793999550483e-18
1.540051367187500000e+04 7.188219110722715750e-16 5.858213866469974735e-18
1.541068554687500000e+04 6.980776506775401326e-16 5.823333314399838664e-18
1.542085839843750000e+04 6.729826584887961798e-16 5.576868647035069921e-18
1.543103125000000000e+04 6.633263240714195458e-16 5.533536790646479566e-18
1.544120410156250000e+04 6.666068826761354510e-16 5.632953974108002856e-18
1.545137695312500000e+04 6.408913859139685198e-16 5.442482816768173662e-18
1.546154882812500000e+04 6.371804286929290233e-16 5.394717685886605356e-18
1.547172167968750000e+04 5.924308310565370821e-16 5.227890245585685628e-18
1.548189453125000000e+04 5.846909616218825059e-16 5.130212209362055079e-18
1.549206738281250000e+04 5.809517346762283971e-16 5.129562872581200952e-18
1.550223925781250000e+04 5.807911160536053004e-16 5.133781493705221393e-18
1.551241210937500000e+04 5.407854852569886784e-16 4.999540833635828191e-18
1.552258496093750000e+04 5.421238502532096763e-16 5.002433070647619852e-18
1.553275781250000000e+04 5.250667772174354066e-16 4.880079823161226211e-18
1.554293066406250000e+04 5.147606626503963174e-16 4.810180579858657713e-18
1.555310253906250000e+04 5.166215410959548119e-16 4.805501632723751512e-18
1.556327539062500000e+04 5.058866160993682332e-16 4.786492608656976660e-18
1.557344824218750000e+04 5.206038135579117015e-16 4.875431481708984472e-18
1.558362109375000000e+04 5.078527383886230744e-16 4.448067791052850170e-18
1.559379394531250000e+04 5.348589545437279491e-16 4.868049308332254976e-18
1.560396582031250000e+04 5.431363722625337856e-16 5.308123042690572824e-18
1.561413867187500000e+04 5.346611723505440700e-16 4.916080791371065358e-18
1.562431152343750000e+04 5.409610857748663355e-16 5.000597970458670960e-18
1.563448437500000000e+04 5.553291468404634220e-16 5.121555764251687644e-18
1.564465625000000000e+04 5.497478879323272269e-16 4.951049024586132050e-18
1.565482910156250000e+04 5.477617544896935028e-16 5.021683631453260189e-18
1.566500195312500000e+04 5.693264721729591419e-16 5.066073451845305866e-18
1.567517480468750000e+04 5.847066317314067105e-16 5.223327517326843128e-18
1.568534765625000000e+04 5.891081325626952754e-16 5.205120858454244712e-18
1.569551953125000000e+04 5.791608952674959926e-16 5.190007027891982067e-18
1.570569238281250000e+04 5.946496338618697218e-16 5.286209373902818015e-18
1.571586523437500000e+04 5.994496107552822316e-16 5.320402125293616243e-18
1.572603808593750000e+04 6.041777486668557361e-16 5.346296187188976222e-18
1.573621093750000000e+04 6.219661287734656874e-16 5.361371140262448875e-18
1.574638281250000000e+04 6.323625052889465629e-16 5.428059682017392795e-18
1.575655566406250000e+04 6.300640284470128156e-16 5.416547809432492309e-18
1.576672851562500000e+04 6.142833811231915731e-16 5.292503804774040279e-18
1.577690136718750000e+04 5.947055909759477090e-16 5.153827802260137742e-18
1.578707421875000000e+04 6.058594267045107427e-16 5.261029996056703853e-18
1.579724609375000000e+04 6.346297477909503080e-16 5.460802799384691843e-18
1.580741894531250000e+04 6.516600334097676604e-16 5.482951387466411712e-18
1.581759179687500000e+04 6.303136384686568172e-16 5.308884462444427886e-18
1.582776464843750000e+04 6.052197050710969323e-16 5.266007555392741697e-18
1.583793652343750000e+04 6.417353483667890233e-16 5.444795613760871928e-18
1.584810937500000000e+04 6.186697412405479674e-16 5.469532036388963944e-18
1.585828222656250000e+04 6.634793193975173538e-16 5.556315690354964842e-18
1.586845507812500000e+04 6.422560618711136045e-16 5.560021459499202406e-18
1.587862792968750000e+04 6.657633437397885746e-16 5.507879302406309754e-18
1.588879980468750000e+04 6.266434447082039338e-16 5.264607965796301974e-18
1.589897265625000000e+04 6.249717193076791653e-16 5.196655078475070750e-18
1.590914550781250000e+04 6.266183513571415252e-16 5.223309319353366961e-18
1.591931835937500000e+04 6.643985089639658798e-16 5.432688584725239538e-18
1.592949121093750000e+04 6.664731044100284749e-16 5.533607514588852850e-18
1.593966308593750000e+04 6.985424600073459299e-16 5.624820720735075212e-18
1.594983593750000000e+04 6.893009070363278860e-16 5.611056848932499108e-18
1.596000878906250000e+04 7.008372840196946431e-16 5.626158271785573458e-18
1.597018164062500000e+04 7.154302323327877463e-16 5.756988052599104250e-18
1.598035351562500000e+04 7.079158854203396276e-16 5.772244985407338569e-18
1.599052636718750000e+04 7.158269084498987758e-16 5.856584734253551547e-18
1.600069921875000000e+04 7.060328252994749112e-16 5.864226642342622694e-18
1.601087207031250000e+04 7.155009066443242770e-16 6.483355200816619124e-18
1.602104492187500000e+04 6.936116165235826306e-16 5.780265328626652726e-18
1.603121679687500000e+04 7.146769024053234529e-16 5.893191198671779511e-18
1.604138964843750000e+04 7.378294362877764814e-16 5.960609727317301478e-18
1.605156250000000000e+04 7.540145418439116523e-16 5.973299505094477476e-18
1.606173535156250000e+04 7.424998171402590833e-16 6.216472407211591446e-18
1.607190820312500000e+04 7.592381410900697191e-16 6.287663293040661496e-18
1.608208007812500000e+04 7.528860821999321107e-16 6.094833430184137344e-18
1.609225292968750000e+04 7.586992163773791705e-16 6.383890868060180311e-18
1.610242578125000000e+04 7.754575514805686891e-16 6.130398474211161045e-18
1.611259863281250000e+04 7.812686210152068166e-16 6.055639958400149786e-18
1.612277148437500000e+04 7.710940612527881610e-16 6.008610604673447398e-18
1.613294335937500000e+04 7.416918535876968876e-16 6.483156677469606398e-18
1.614311621093750000e+04 7.648845156560260886e-16 5.981345077322474500e-18
1.615328906250000000e+04 7.592687401552892807e-16 5.884971091334533798e-18
1.616346191406250000e+04 7.714696674253362398e-16 6.024322486818585882e-18
1.617363378906250000e+04 7.792116544423589516e-16 6.095005070161242097e-18
1.618380664062500000e+04 7.712819437484010054e-16 6.047266409059275487e-18
1.619397949218750000e+04 7.757559188362390164e-16 6.111286052567817064e-18
1.620415234375000000e+04 7.668153272592922662e-16 6.022087444803467601e-18
1.621432519531250000e+04 7.636193660701833842e-16 6.119712127877588480e-18
1.622449707031250000e+04 7.744531292238026991e-16 6.058141766162816418e-18
1.623466992187500000e+04 7.678210200654791377e-16 6.061978643434143637e-18
1.624484277343750000e+04 7.887905912241802240e-16 6.141066208980951166e-18
1.625501562500000000e+04 8.144691361740231863e-16 6.240637248036409320e-18
1.626518847656250000e+04 8.048264072233618244e-16 6.264672221505056368e-18
1.627536035156250000e+04 8.291184651176679039e-16 6.326787695243500875e-18
1.628553320312500000e+04 8.229084960044322043e-16 6.320497813865647653e-18
1.629570605468750000e+04 9.307186377727227379e-16 7.778444175340374028e-18
1.630587890625000000e+04 8.460664826614831824e-16 6.465953388680034805e-18
1.631605078125000000e+04 8.653363763324001083e-16 6.587749943614180258e-18
1.632622363281250000e+04 8.548738783074741939e-16 6.453977467771492070e-18
1.633639648437500000e+04 8.567362920002495868e-16 6.522164033615769524e-18
1.634656933593750000e+04 8.976475068965994626e-16 6.761370604695691726e-18
1.635674218750000000e+04 9.078585949548684600e-16 6.775430607157561814e-18
1.636691406250000000e+04 9.323886691073529978e-16 6.880449457727294207e-18
1.637708691406250000e+04 9.458423051668298637e-16 6.945576696076044288e-18
1.638725976562500000e+04 9.534288616380314114e-16 7.320779204485197217e-18
1.639743164062500000e+04 9.420779848701133462e-16 7.017576978134497476e-18
1.640760546875000000e+04 9.472535679360739348e-16 6.968219938164070868e-18
1.641777734375000000e+04 9.455103741306245847e-16 6.890581179460149967e-18
1.642795117187500000e+04 9.359691832545153321e-16 6.947577645977810062e-18
1.643812304687500000e+04 9.697986203766680198e-16 6.742300369263587949e-18
1.644829492187500000e+04 9.719949768088984206e-16 7.097072343723293648e-18
1.645846875000000000e+04 1.008020135088571068e-15 6.877622154393587959e-18
1.646864062500000000e+04 9.902609246790821870e-16 6.742728848820890418e-18
1.647881445312500000e+04 9.844186208045140572e-16 7.078229996549948230e-18
1.648898632812500000e+04 9.788017335730339781e-16 6.749461685416765786e-18
1.649915820312500000e+04 9.533995331222327313e-16 6.961279065644138413e-18
1.650933203125000000e+04 9.667911240183232197e-16 6.972319445279883673e-18
1.651950390625000000e+04 9.894487259617837198e-16 6.769800402318219631e-18
1.652967773437500000e+04 9.786286212144388805e-16 6.933799298514514280e-18
1.653984960937500000e+04 9.583061832274400796e-16 6.678444507516331872e-18
1.655002148437500000e+04 9.727931994825671919e-16 6.693612518408716740e-18
1.656019531250000000e+04 9.569748591925931330e-16 6.603087526532138498e-18
1.657036718750000000e+04 9.520694796368066662e-16 6.557559092026913578e-18
1.658053906250000000e+04 9.390115138428159654e-16 6.481234723316339438e-18
1.659071289062500000e+04 9.470267748644465959e-16 6.468259154637526369e-18
1.660088476562500000e+04 9.152432399472682639e-16 6.490253059944698822e-18
1.661105859375000000e+04 9.290079488566242716e-16 6.608669754895952605e-18
1.662123046875000000e+04 9.082114900565182829e-16 6.466449697047566621e-18
1.663140234375000000e+04 9.252608868562080605e-16 6.552521148506159363e-18
1.664157617187500000e+04 9.074148555696256134e-16 6.521254548532267470e-18
1.665174804687500000e+04 8.793716593288446615e-16 6.419503888562732088e-18
1.666192187500000000e+04 8.976553419513615649e-16 6.574411656236762687e-18
1.667209375000000000e+04 9.221324765446427089e-16 6.704964331545088216e-18
1.668226562500000000e+04 9.072101912337452931e-16 6.462796040281919898e-18
1.669243945312500000e+04 9.107467655467688106e-16 6.726265059498941231e-18
1.670261132812500000e+04 8.971345225679185770e-16 6.698686030695810736e-18
1.671278515625000000e+04 8.864170146863099148e-16 6.554938997436651863e-18
1.672295703125000000e+04 9.142245769490765610e-16 6.393815381049591538e-18
1.673312890625000000e+04 9.391472508726134670e-16 7.122022592539730622e-18
1.674330273437500000e+04 9.717044445079901956e-16 7.165813534168287907e-18
1.675347460937500000e+04 9.847425050277204203e-16 7.300481019433758471e-18
1.676364843750000000e+04 9.582631963053669238e-16 6.710599499468105717e-18
1.677382031250000000e+04 1.003224552178572440e-15 6.862760613918153987e-18
1.678399218750000000e+04 1.010105741962947969e-15 6.937102230700438520e-18
1.679416601562500000e+04 1.005533563992787663e-15 7.375679181740341664e-18
1.680433789062500000e+04 1.007627429438400293e-15 7.261298300997734103e-18
1.681451171875000000e+04 9.318054869231684120e-16 7.101104022028877105e-18
1.682468359375000000e+04 9.241732965519335388e-16 6.530227390226936437e-18
1.683485546875000000e+04 9.648342661519289723e-16 7.059092345897921382e-18
1.684502929687500000e+04 9.459141970882280724e-16 7.023327537752966125e-18
1.685520117187500000e+04 9.233976261304854133e-16 7.092147310356152921e-18
1.686537500000000000e+04 8.996738214646685626e-16 7.124613322218246704e-18
1.687554687500000000e+04 9.290537945148944106e-16 6.810127938722017389e-18
1.688571875000000000e+04 9.070964770605764033e-16 7.274748257757846333e-18
1.689589257812500000e+04 8.605377229279676833e-16 6.849412813963692056e-18
1.690606445312500000e+04 8.395305117426729840e-16 6.602096977748606247e-18
1.691623632812500000e+04 8.310956517747962544e-16 6.731092899144106977e-18
1.692641015625000000e+04 8.322772097966568000e-16 6.597659980942871807e-18
1.693658203125000000e+04 8.380545038925231623e-16 6.726571943506198405e-18
1.694675585937500000e+04 8.075851405930098773e-16 6.527197427643154697e-18
1.695692773437500000e+04 7.809177376168067227e-16 6.411826825297627439e-18
1.696709960937500000e+04 7.940488129420573103e-16 6.801579440681588125e-18
1.697727343750000000e+04 8.026387328788407802e-16 6.749952203520009732e-18
1.698744531250000000e+04 7.843977724806010157e-16 6.507334339593918844e-18
1.699761914062500000e+04 7.725979153110789678e-16 6.546471976686559071e-18
1.700779101562500000e+04 7.773844455564538156e-16 6.420891484040289792e-18
1.701796289062500000e+04 7.756195994712902775e-16 6.511358573273989323e-18
1.702813671875000000e+04 7.404198218591577420e-16 6.199642590468587545e-18
1.703830859375000000e+04 7.398358455815851054e-16 5.947835163527338795e-18
1.704848242187500000e+04 7.055348758056077894e-16 6.223377710965184121e-18
1.705865429687500000e+04 7.303625232203746036e-16 6.457663798171334638e-18
1.706882617187500000e+04 6.797391226716885133e-16 6.052625712248006553e-18
1.707900000000000000e+04 6.710317827925919160e-16 6.003982115555906931e-18
1.708917187500000000e+04 6.818297058646305333e-16 6.080096793981198879e-18
1.709934570312500000e+04 6.603123161472927282e-16 5.967985283249130550e-18
1.710951757812500000e+04 6.606658994632121952e-16 5.919575778670383434e-18
1.711968945312500000e+04 6.214705086202035149e-16 5.854252498516458286e-18
1.712986328125000000e+04 6.269204774215152935e-16 5.524535824810983796e-18
1.714003515625000000e+04 6.155847943070886022e-16 5.659890697165485926e-18
1.715020898437500000e+04 5.909778519146407366e-16 5.568544314940642527e-18
1.716038085937500000e+04 5.863216588640246443e-16 5.607051226816211071e-18
1.717055273437500000e+04 6.028149785338419737e-16 5.531554452308496235e-18
1.718072656250000000e+04 5.993013270499535257e-16 5.514306495765846779e-18
1.719089843750000000e+04 5.803924811728037453e-16 5.399634861037926829e-18
1.720107226562500000e+04 5.943503665336929368e-16 5.569737522974250269e-18
1.721124414062500000e+04 5.790338932649670509e-16 5.849111157419134942e-18
1.722141601562500000e+04 5.704517025038272765e-16 5.167484554173388229e-18
1.723158984375000000e+04 5.473408320544673189e-16 5.433543475888313092e-18
1.724176171875000000e+04 5.594353508105154565e-16 5.176937987803950506e-18
1.725193359375000000e+04 5.901959346252066106e-16 5.907028275958566558e-18
1.726210742187500000e+04 6.102748506398698002e-16 5.734133465864570372e-18
1.727227929687500000e+04 6.252470579550960163e-16 5.765294186720055478e-18
1.728245312500000000e+04 6.393913435039403573e-16 5.826312405375948394e-18
1.729262500000000000e+04 6.625201604638702654e-16 5.966896713563010765e-18
1.730279687500000000e+04 6.886438212274953626e-16 6.122607260021524077e-18
1.731297070312500000e+04 6.449272861493984474e-16 5.607901154895609307e-18
1.732314257812500000e+04 6.973592608591500791e-16 6.116370731793180525e-18
1.733331640625000000e+04 6.990579324953093750e-16 5.900647404713332502e-18
1.734348828125000000e+04 6.772912503936827887e-16 5.670904193431323213e-18
1.735366015625000000e+04 6.581940985044465366e-16 5.851110039369369334e-18
1.736383398437500000e+04 6.806401010297710719e-16 5.959750286660858883e-18
1.737400585937500000e+04 6.747149467450496308e-16 5.940821499113501674e-18
1.738417968750000000e+04 7.038617739765437326e-16 6.391291239410385974e-18
1.739435156250000000e+04 7.003997385628785936e-16 5.953921972064810250e-18
1.740452343750000000e+04 7.004103794142784757e-16 6.010115246207681355e-18
1.741469726562500000e+04 7.232528992380364303e-16 6.462091282400024718e-18
1.742486914062500000e+04 7.016362478471922619e-16 5.774867975129744220e-18
1.743504296875000000e+04 7.166291545300670050e-16 6.389460688714806123e-18
1.744521484375000000e+04 7.139968408277966565e-16 6.141659711070457964e-18
1.745538671875000000e+04 6.665940183632490263e-16 6.078505298482646854e-18
1.746556054687500000e+04 6.446534827491984948e-16 5.582698202402037384e-18
1.747573242187500000e+04 6.889954987192835074e-16 5.776829633952413725e-18
1.748590625000000000e+04 6.832149753103057381e-16 5.777944673418135206e-18
1.749607812500000000e+04 6.891297534414233140e-16 5.899208110447490234e-18
1.750625000000000000e+04 6.824526456577768678e-16 5.780011797768905223e-18
1.751642382812500000e+04 6.880393573405110125e-16 5.596036903369761231e-18
1.752659570312500000e+04 7.078633164380506576e-16 5.850270451047628011e-18
1.753676953125000000e+04 6.851145525736419134e-16 5.754418416026208270e-18
1.754694140625000000e+04 6.839576643863701493e-16 5.698416634195143190e-18
1.755711328125000000e+04 6.528150157729081023e-16 5.683921121140763933e-18
1.756728710937500000e+04 6.678654148170777311e-16 5.592059818984606274e-18
1.757745898437500000e+04 6.968017014216199359e-16 5.653972633472975290e-18
1.758763085937500000e+04 7.414904715044871777e-16 5.856358913946324571e-18
1.759780468750000000e+04 7.139561303067692467e-16 5.900869916298109267e-18
1.760797656250000000e+04 7.071737786794264537e-16 5.876054911511824713e-18
1.761815039062500000e+04 7.012638180481963867e-16 5.959867746307841413e-18
1.762832226562500000e+04 7.553900174711342293e-16 6.228915685166226641e-18
1.763849414062500000e+04 7.210653837121929963e-16 6.480295459730785475e-18
1.764866796875000000e+04 6.585432878369521219e-16 5.967612638383175411e-18
1.765883984375000000e+04 7.594633989144801596e-16 7.009586413417235229e-18
1.766901367187500000e+04 7.921710467771129333e-16 6.141416106380061097e-18
1.767918554687500000e+04 7.851835543578569894e-16 6.416289878292657299e-18
1.768935742187500000e+04 7.550698919566313071e-16 6.021716040708431292e-18
1.769953125000000000e+04 7.966271812334994006e-16 6.113704315088615840e-18
1.770970312500000000e+04 8.684954915883034282e-16 6.584091323764858217e-18
1.771987695312500000e+04 8.800736908234408663e-16 6.763063843409587773e-18
1.773004882812500000e+04 8.698452385897531558e-16 6.843451323289022385e-18
1.774022070312500000e+04 8.481648479696281013e-16 6.745370863697384788e-18
1.775039453125000000e+04 8.407704620983348729e-16 6.817941073197887012e-18
1.776056640625000000e+04 8.957944105662438671e-16 7.333707210278788487e-18
1.777074023437500000e+04 8.756405850753078753e-16 7.037344113232677178e-18
1.778091210937500000e+04 8.692279103898823810e-16 7.234938536417506770e-18
1.779108398437500000e+04 9.266923725370678280e-16 7.241084488368775766e-18
1.780125781250000000e+04 8.925567330044827108e-16 7.020462184111082437e-18
1.781142968750000000e+04 9.580942132323896909e-16 7.402169640857352375e-18
1.782160351562500000e+04 1.048176908326713379e-15 7.987963234235768067e-18
1.783177539062500000e+04 9.570400807295317142e-16 8.230603432038397887e-18
1.784194726562500000e+04 8.787487195356983270e-16 7.987754784721404704e-18
1.785212109375000000e+04 8.500688192163781583e-16 7.576014054294559437e-18
1.786229296875000000e+04 9.168017805702161765e-16 7.404845570138961420e-18
1.787246679687500000e+04 1.011665976651790391e-15 8.082658043580226122e-18
1.788263867187500000e+04 1.054750201634761970e-15 7.892761363175815006e-18
1.789281054687500000e+04 9.958590713066042648e-16 8.638238865085142478e-18
1.790298437500000000e+04 9.959006818001381323e-16 8.334541157547523474e-18
1.791315625000000000e+04 9.626428860382636905e-16 8.284676228680989306e-18
1.792332812500000000e+04 9.159028668549425503e-16 8.138539057041858460e-18
1.793350195312500000e+04 9.313490420437167509e-16 8.473051723938915405e-18
1.794367382812500000e+04 9.320109982919959866e-16 8.765460897657023241e-18
1.795384765625000000e+04 9.223317410454842831e-16 8.575798309365964631e-18
1.796401953125000000e+04 1.002698650597445926e-15 8.651934494487182958e-18
1.797419140625000000e+04 1.171380497482811534e-15 1.049172479750925052e-17
1.798436523437500000e+04 1.233495011691745479e-15 1.205897066922367121e-17
1.799453710937500000e+04 8.528791157166903166e-16 1.274153281374221540e-17
1.800471093750000000e+04 6.754069197233971908e-16 9.872087936548840255e-18
1.801488281250000000e+04 7.122424767753553904e-16 8.991155473430891736e-18
1.802505468750000000e+04 8.877487092980712851e-16 1.003541143977498536e-17
1.803522851562500000e+04 1.119786767753486439e-15 1.136054402773697250e-17
1.804540039062500000e+04 9.831067785274539596e-16 1.345495293101205028e-17
1.805557421875000000e+04 6.972150534998800345e-16 9.613481498562711895e-18
1.806574609375000000e+04 8.004864750994268065e-16 9.911618070842136895e-18
1.807591796875000000e+04 1.026765821244255989e-15 1.131278510070999834e-17
1.808609179687500000e+04 1.120244694940595795e-15 1.305835456887860074e-17
1.809626367187500000e+04 9.055459832506274065e-16 1.438246393442285979e-17
1.810643750000000000e+04 7.658262045351360570e-16 1.287901105872914115e-17
1.811660937500000000e+04 6.289385863579078674e-16 9.738405623392920347e-18
1.812678125000000000e+04 1.138377658638060636e-15 1.751853393846045234e-17
1.813695507812500000e+04 1.022253570855113924e-15 1.403994664073812719e-17
1.814712695312500000e+04 6.268906195101245794e-16 1.154174869426467640e-17
1.815730078125000000e+04 7.670921482143668122e-16 1.227706510952940249e-17
1.816747265625000000e+04 9.402915923843540268e-16 1.579226424834393719e-17
1.817764453125000000e+04 9.976123236283022597e-16 1.602442406778552015e-17
1.818781835937500000e+04 8.967480637857338024e-16 2.113010375454047753e-17
1.819799023437500000e+04 4.689655616592965526e-16 1.528941122780560103e-17
1.820816406250000000e+04 3.471529064817083666e-16 8.513887149238820722e-18
1.821833593750000000e+04 6.612443170870684755e-16 1.113321411589208667e-17
1.822850781250000000e+04 1.112669361655945367e-15 1.427865938499235524e-17
1.823868164062500000e+04 1.142811346721344865e-15 1.763315304721947517e-17
1.824885351562500000e+04 7.662557031789531906e-16 1.830064478815791575e-17
1.825902539062500000e+04 8.067727301174745964e-16 2.058707622601166592e-17
1.826919921875000000e+04 8.010477403061011872e-16 2.395702823952617684e-17
1.827937109375000000e+04 7.157913860056732986e-16 3.050877680134021167e-17
1.828954492187500000e+04 4.815812703757021019e-16 2.107358250328472915e-17
1.829971679687500000e+04 5.550305677265562811e-16 2.032869147242970177e-17
1.830988867187500000e+04 2.982787877877800167e-16 1.641674590615207054e-17
1.832006250000000000e+04 5.257440329983244232e-16 2.369419490860990251e-17
1.833023437500000000e+04 1.285544021630219760e-15 4.030143058366558468e-17
1.834040820312500000e+04 6.303187206663403430e-16 3.570205491496453469e-17
1.835058007812500000e+04 -1.117940685914725293e-16 1.715417742224309471e-17
1.836075195312500000e+04 1.794685070661837024e-16 2.072860021137458853e-17
1.837092578125000000e+04 -7.432152952828929501e-17 1.729109401159409696e-17
1.838109765625000000e+04 5.561105876738647175e-16 5.287886730748953045e-17
1.839127148437500000e+04 7.866228221539196559e-16 5.354596200173394557e-17
1.840144335937500000e+04 1.516328603672596558e-16 2.639188400341276698e-17
1.841161523437500000e+04 3.826667744985946373e-16 2.028546632234013076e-17
1.842178906250000000e+04 3.786405092629397274e-16 1.737906466973911145e-17
1.843196093750000000e+04 6.306419696148362654e-16 2.253103503793376137e-17
1.844213476562500000e+04 1.026161463236390046e-15 2.591220031183204113e-17
1.845230664062500000e+04 7.220819291280165635e-16 3.422343979152394581e-17
1.846247851562500000e+04 6.387765034633521421e-16 3.072990203141033724e-17
1.847265234375000000e+04 3.956813298540385552e-16 2.203475148582032135e-17
1.848282421875000000e+04 4.194965081990404635e-16 2.460956951807333399e-17
1.849299804687500000e+04 3.417604035719118720e-16 1.855234095930677612e-17
1.850316992187500000e+04 5.478321641034340165e-16 2.195249002826314786e-17
1.851334179687500000e+04 7.953288914835953717e-16 2.859684145965249414e-17
1.852351562500000000e+04 2.434135521183627970e-16 2.068177020817551143e-17
1.853368750000000000e+04 3.482074360312603688e-16 2.326716126301817686e-17
1.854386132812500000e+04 4.589633731016441471e-16 2.744061501687077248e-17
1.855403320312500000e+04 7.368412664756859333e-16 3.300372889109000438e-17
1.856420507812500000e+04 4.466208325107281097e-16 2.432764154989688557e-17
1.857437890625000000e+04 -1.864540374130266705e-17 8.601744483639915450e-18
1.858455078125000000e+04 2.510952939170120468e-16 1.112880937913024180e-17
1.859472265625000000e+04 1.149392078037461532e-16 1.042116546407786471e-17
1.860489648437500000e+04 4.003034298285276620e-16 1.492829064214455084e-17
1.861506835937500000e+04 7.490470641851796046e-16 1.853992001522867985e-17
1.862524218750000000e+04 5.229163193830343483e-16 1.655153333260636129e-17
1.863541406250000000e+04 2.676934868536112993e-16 1.294636920318994674e-17
1.864558593750000000e+04 4.985081120958360229e-16 1.669602027892344885e-17
1.865575976562500000e+04 6.875403490554598228e-16 2.576499690438332943e-17
1.866593164062500000e+04 1.076188287892413092e-15 5.552108401605336378e-17
1.867610546875000000e+04 1.292459251551163072e-16 1.712256423359254310e-17
1.868627734375000000e+04 6.576034518424142723e-16 5.756799207265258394e-17
1.869644921875000000e+04 9.384272066929983075e-17 4.038607763010936111e-17
1.870662304687500000e+04 2.167685425757026781e-16 2.000735331114877690e-17
1.871679492187500000e+04 -8.124292690787980175e-16 5.600023996640328080e-17
1.872696875000000000e+04 1.271598153549269739e-16 3.285392317343420086e-17
1.873714062500000000e+04 -9.328937654417125778e-17 5.883238726977663992e-17
1.874731250000000000e+04 3.733256422167150097e-16 2.798168378170905852e-17
1.875748632812500000e+04 2.869289168714868159e-16 2.223582420348093643e-17
1.876765820312500000e+04 1.613958812313209291e-16 9.870771892194268388e-18
1.877783203125000000e+04 3.035124455501867283e-16 1.252300079489244357e-17
1.878800390625000000e+04 4.031522133883806876e-16 1.604941981153564754e-17
1.879817578125000000e+04 3.468657358428095571e-16 1.254223191695368891e-17
1.880834960937500000e+04 5.247670863727849945e-16 1.355877154251296823e-17
1.881852148437500000e+04 4.855221970419211410e-16 1.948635856541592774e-17
1.882869531250000000e+04 5.368578464201296911e-16 1.700969378464845737e-17
1.883886718750000000e+04 2.518386447375665005e-16 1.120443105791045214e-17
1.884903906250000000e+04 3.547656945044951960e-16 1.139967049789134327e-17
1.885921289062500000e+04 3.456699635493029003e-16 9.736731409833113019e-18
1.886938476562500000e+04 5.730568582122262840e-16 1.421626184266503015e-17
1.887955859375000000e+04 6.613337849421222110e-16 1.563481207310569348e-17
1.888973046875000000e+04 6.955384047203493503e-16 2.202658225009074765e-17
1.889990234375000000e+04 6.293528384086744237e-16 1.944100921551332055e-17
1.891007617187500000e+04 6.135159692729791770e-16 2.220639973473120013e-17
1.892024804687500000e+04 2.908967633035607807e-16 1.101593893018615607e-17
1.893041992187500000e+04 3.753811264819051797e-16 1.294893925335314900e-17
1.894059375000000000e+04 4.605651124049020290e-16 1.140400078839805837e-17
1.895076562500000000e+04 6.638993947997962834e-16 1.588398699774749221e-17
1.896093945312500000e+04 4.349295014375730191e-16 1.654866632460325250e-17
1.897111132812500000e+04 7.176216124464530281e-16 3.127056713210969740e-17
1.898128320312500000e+04 9.396721995416743196e-16 3.459494976567866202e-17
1.899145703125000000e+04 1.882987461319709783e-16 1.148779170290784241e-17
1.900162890625000000e+04 7.143071195842877474e-16 3.390385029005795804e-17
1.901180273437500000e+04 2.680810573665393451e-16 1.800262815706731094e-17
1.902197460937500000e+04 4.981465878460360468e-16 2.936046813138184759e-17
1.903214648437500000e+04 5.860271560961761647e-17 1.747572899612205826e-17
1.904232031250000000e+04 4.688008666906147946e-16 3.320891600511745821e-17
1.905249218750000000e+04 1.406919343109228710e-16 9.552274269136850612e-18
1.906266601562500000e+04 2.505823889976699663e-16 1.290763316228470101e-17
1.907283789062500000e+04 5.454425782801112284e-16 1.648032797111657156e-17
1.908300976562500000e+04 8.219423490489702680e-16 2.537586467445878351e-17
1.909318359375000000e+04 1.033836534650579668e-15 3.174096158541145276e-17
1.910335546875000000e+04 4.435332650690881765e-16 2.691094976395714248e-17
1.911352929687500000e+04 7.811859823632903189e-16 3.805953951307536483e-17
1.912370117187500000e+04 4.876919248758722347e-16 2.499468495894332240e-17
1.913387304687500000e+04 -2.664930922748416962e-17 5.357471397264567626e-18
1.914404687500000000e+04 2.251189374768703929e-16 1.520442007422700254e-17
1.915421875000000000e+04 5.667592741285089677e-16 1.365989933548125118e-17
1.916439257812500000e+04 4.825055421398341537e-16 1.412712485985631589e-17
1.917456445312500000e+04 9.567922177133414245e-16 1.933116293888872869e-17
1.918473632812500000e+04 6.031938140195014595e-16 1.725197333170401406e-17
1.919491015625000000e+04 1.695071613784567151e-16 1.347803623318595507e-17
1.920508203125000000e+04 4.254273799561558711e-16 1.088473319578421992e-17
1.921525585937500000e+04 6.563135265428643797e-16 1.263942729328989477e-17
1.922542773437500000e+04 4.077720899013832518e-16 1.136101800222796539e-17
1.923559960937500000e+04 4.520018210663978662e-16 1.180197723343202125e-17
1.924577343750000000e+04 7.004799949346309385e-16 1.516084916264138436e-17
1.925594531250000000e+04 6.658962749729482964e-16 1.534286033026632746e-17
1.926611718750000000e+04 4.850484409266099702e-16 1.366110122891129073e-17
1.927629101562500000e+04 3.283988294058897079e-16 1.454432829104846135e-17
1.928646289062500000e+04 5.433731709108505659e-16 1.683686763054530308e-17
1.929663671875000000e+04 4.453311719089742340e-16 1.200125662352462136e-17
1.930680859375000000e+04 4.711440245205162063e-16 1.381909107154769391e-17
1.931698046875000000e+04 4.209304820391827906e-16 1.038586884015961446e-17
1.932715429687500000e+04 5.339391297025689823e-16 1.066489588592783942e-17
1.933732617187500000e+04 5.079292360516719784e-16 1.057438412894106202e-17
1.934750000000000000e+04 5.333468948537606162e-16 1.264622092766079278e-17
1.935767187500000000e+04 5.074992609518220142e-16 1.306900369208460842e-17
1.936784375000000000e+04 5.664109318289506367e-16 1.258507987268393574e-17
1.937801757812500000e+04 4.556321513387705940e-16 1.229798947030454387e-17
1.938818945312500000e+04 3.678493359846995428e-16 9.504365622419004355e-18
1.939836328125000000e+04 3.425776580171142633e-16 7.776113180374199596e-18
1.940853515625000000e+04 5.555780157082785761e-16 8.988801317407565819e-18
1.941870703125000000e+04 6.263019845513420440e-16 1.149256867094533614e-17
1.942888085937500000e+04 5.170389165807143684e-16 9.996374305126770322e-18
1.943905273437500000e+04 3.825653952427201382e-16 8.227692583462823783e-18
1.944922656250000000e+04 4.624232379933819470e-16 8.701288225735159354e-18
1.945939843750000000e+04 5.109099979326190647e-16 8.632662013395309966e-18
1.946957031250000000e+04 4.200510236119164116e-16 9.794943418260919788e-18
1.947974414062500000e+04 4.482515297528702480e-16 7.789865885238506235e-18
1.948991601562500000e+04 4.683241459599882337e-16 7.814783874011053640e-18
1.950008984375000000e+04 5.562306016545788111e-16 8.527958318638960276e-18
1.951026171875000000e+04 5.772956757780828198e-16 9.644967301398930340e-18
1.952043359375000000e+04 5.874941642212614095e-16 9.958764057035209260e-18
1.953060742187500000e+04 4.855863068481164509e-16 1.180478303006980112e-17
1.954077929687500000e+04 5.356357896354785493e-16 1.067270116218788979e-17
1.955095312500000000e+04 5.835790191203744232e-16 1.099539341813156397e-17
1.956112500000000000e+04 4.589394444208842131e-16 8.804750322392066949e-18
1.957129687500000000e+04 4.422191463909823329e-16 1.042078744253792797e-17
1.958147070312500000e+04 4.640002545224918441e-16 8.223033075072312578e-18
1.959164257812500000e+04 5.865640691056169843e-16 9.209715616421490367e-18
1.960181445312500000e+04 6.141273153026599683e-16 9.660101397886200535e-18
1.961198828125000000e+04 5.671605559872706925e-16 8.963972664141174140e-18
1.962216015625000000e+04 5.627801251005450783e-16 9.908195197467392466e-18
1.963233398437500000e+04 4.893805379957828858e-16 8.114899062315705482e-18
1.964250585937500000e+04 5.603605225471539660e-16 7.750064435704292202e-18
1.965267773437500000e+04 5.593602825155650441e-16 7.907681219884433966e-18
1.966285156250000000e+04 6.173493756944561234e-16 7.826085642720365657e-18
1.967302343750000000e+04 6.055502596787629230e-16 8.516287627376449608e-18
1.968319726562500000e+04 6.553467972522512060e-16 7.633456784752691891e-18
1.969336914062500000e+04 6.202548575222159837e-16 7.735061860934417939e-18
1.970354101562500000e+04 5.852887551244072284e-16 7.645509633458202057e-18
1.971371484375000000e+04 6.135710793541099099e-16 7.253697338348984332e-18
1.972388671875000000e+04 6.274051920255815668e-16 6.940645045264003137e-18
1.973406054687500000e+04 6.402590228792839813e-16 7.653783093944957440e-18
1.974423242187500000e+04 6.178485957377441266e-16 6.695246613708815246e-18
1.975440429687500000e+04 6.572677091579463490e-16 7.149504841211192413e-18
1.976457812500000000e+04 7.165985025252882400e-16 8.539558699549403936e-18
1.977475000000000000e+04 7.285081563405981266e-16 1.028679162792985047e-17
1.978492382812500000e+04 6.797748039345916007e-16 7.055801821421185438e-18
1.979509570312500000e+04 6.124799950389279643e-16 8.167260422270924687e-18
1.980526757812500000e+04 6.598225722851021324e-16 6.983782514208643530e-18
1.981544140625000000e+04 6.628239805941385423e-16 6.798700852149903588e-18
1.982561328125000000e+04 7.013526506285396814e-16 6.692429650132765911e-18
1.983578710937500000e+04 7.104778953879878692e-16 6.839353470534434686e-18
1.984595898437500000e+04 7.052556725703690906e-16 7.094950625452095132e-18
1.985613085937500000e+04 6.468727620105639651e-16 6.707378044572517950e-18
1.986630468750000000e+04 6.402015834575482990e-16 6.883915758084197670e-18
1.987647656250000000e+04 6.970400353171536147e-16 7.147684216682963199e-18
1.988665039062500000e+04 6.450101894991109620e-16 7.122434528484782029e-18
1.989682226562500000e+04 6.151801243165378602e-16 6.592306054428122335e-18
1.990699414062500000e+04 6.889906282798367951e-16 6.826834919144057166e-18
1.991716796875000000e+04 7.180285058984903126e-16 7.588512753350235685e-18
1.992733984375000000e+04 7.163050056090646250e-16 7.057367674320748319e-18
1.993751171875000000e+04 7.305192243156166491e-16 7.363943970390051860e-18
1.994768554687500000e+04 7.152866602482281424e-16 8.198953020260281389e-18
1.995785742187500000e+04 6.987233015415847230e-16 1.000286601857408648e-17
1.996803125000000000e+04 6.573901583583837988e-16 1.153080178603814964e-17
1.997820312500000000e+04 7.163956381344208351e-16 8.734201742308644325e-18
1.998837500000000000e+04 6.706622117297930240e-16 1.042657274374212385e-17
1.999854882812500000e+04 7.354717730186533398e-16 1.298985326081124686e-17
2.000872070312500000e+04 8.123082492464590593e-16 1.886439153666995559e-17
2.001889453125000000e+04 7.471994735689811620e-16 1.430191639509489617e-17
2.002906640625000000e+04 5.949985584965792901e-16 1.432617263937740115e-17
2.003923828125000000e+04 7.556675795800376228e-16 1.420412379435642702e-17
2.004941210937500000e+04 6.498403419412694063e-16 1.190510266757961977e-17
2.005958398437500000e+04 6.766777867816338617e-16 1.106610247125382188e-17
2.006975781250000000e+04 7.479459742933082175e-16 1.334467652046893084e-17
2.007992968750000000e+04 8.088204852070210709e-16 1.171061513477553935e-17
2.009010156250000000e+04 9.057231190157219620e-16 1.425895263407889191e-17
2.010027539062500000e+04 6.915887430268617513e-16 1.159212482074976834e-17
2.011044726562500000e+04 7.011799617864182110e-16 1.182799619959987674e-17
2.012062109375000000e+04 7.951024689888824565e-16 1.268929387651765404e-17
2.013079296875000000e+04 6.563020915980764466e-16 1.150413761899250279e-17
2.014096484375000000e+04 7.188326048632306606e-16 1.113592644112064805e-17
2.015113867187500000e+04 6.508158062591511400e-16 1.068778066475473148e-17
2.016131054687500000e+04 6.507441260959897448e-16 1.077592089492531935e-17
2.017148437500000000e+04 5.645132603897457836e-16 1.129138262954080131e-17
2.018165625000000000e+04 6.848696012332078104e-16 9.825980062024521940e-18
2.019182812500000000e+04 6.585671106385936491e-16 8.987553101863223300e-18
2.020200195312500000e+04 6.587159766790735924e-16 8.931275041707565509e-18
2.021217382812500000e+04 6.628181043030669656e-16 8.447586968781470448e-18
2.022234765625000000e+04 6.561034623719453132e-16 8.106526340155443736e-18
2.023251953125000000e+04 5.914118504209901588e-16 7.668700469111738741e-18
2.024269140625000000e+04 7.085992821900962378e-16 8.815205885334737219e-18
2.025286523437500000e+04 7.218293015514979684e-16 9.064776202309336305e-18
2.026303710937500000e+04 6.982804091892891307e-16 7.933018589227545757e-18
2.027320898437500000e+04 6.375639228597984078e-16 8.367993168699780466e-18
2.028338281250000000e+04 6.652352186971755184e-16 7.676174873126767899e-18
2.029355468750000000e+04 6.225796453250738178e-16 7.021401861286942676e-18
2.030372851562500000e+04 6.108697854061975394e-16 7.386227388911617873e-18
2.031390039062500000e+04 6.972298236368977813e-16 7.945254244848430142e-18
2.032407226562500000e+04 6.755501212310423709e-16 7.295901747562664910e-18
2.033424609375000000e+04 5.812585194218120640e-16 7.646586622615746099e-18
2.034441796875000000e+04 6.326609255841760936e-16 6.855770524151774627e-18
2.035459179687500000e+04 6.108670854886781663e-16 7.227990219272061338e-18
2.036476367187500000e+04 5.726999926436362066e-16 7.459987911313583904e-18
2.037493554687500000e+04 6.250584343056543243e-16 7.122095384433635288e-18
2.038510937500000000e+04 5.657620516517946393e-16 7.718504186612943984e-18
2.039528125000000000e+04 5.862495551843896219e-16 7.307089365347444609e-18
2.040545507812500000e+04 6.445392921199967744e-16 8.357049569195703910e-18
2.041562695312500000e+04 5.838808804869521744e-16 8.848564425077775719e-18
2.042579882812500000e+04 6.223378174186327150e-16 7.642598784882627952e-18
2.043597265625000000e+04 5.888724985846809697e-16 6.980080880967468732e-18
2.044614453125000000e+04 5.853426475956762833e-16 7.061947773372454434e-18
2.045631835937500000e+04 6.136525003961647295e-16 7.332036305441431371e-18
2.046649023437500000e+04 6.351153623675230390e-16 7.498015885614484245e-18
2.047666210937500000e+04 6.031091636643352329e-16 7.565254916067082206e-18
2.048683593750000000e+04 6.039153802114437166e-16 8.313062585761971557e-18
2.049700781250000000e+04 6.068829072025899544e-16 7.764156284619745581e-18
2.050718164062500000e+04 6.022770596727762896e-16 8.183113338710503462e-18
2.051735351562500000e+04 5.637569658469661002e-16 7.965210804306884488e-18
2.052752539062500000e+04 5.465209571010843596e-16 8.272119626982434346e-18
2.053769921875000000e+04 5.397808512419858748e-16 8.142929731733289931e-18
2.054787109375000000e+04 5.283356361795673618e-16 9.225017630573108826e-18
2.055804492187500000e+04 5.385643001714918859e-16 8.082859048469076508e-18
2.056821679687500000e+04 4.723583521295236527e-16 1.003773333575442171e-17
2.057838867187500000e+04 5.312500647928325957e-16 7.369275976618568677e-18
2.058856250000000000e+04 5.501726220158160551e-16 7.204810964147100396e-18
2.059873437500000000e+04 5.433859293446185838e-16 7.484376504494097372e-18
2.060890625000000000e+04 4.618759488303372622e-16 8.111658168675722720e-18
2.061908007812500000e+04 5.021804234386570420e-16 8.047770046884577074e-18
2.062925195312500000e+04 4.915509011044444203e-16 7.367864806493553212e-18
2.063942578125000000e+04 4.595426906980068851e-16 7.822015914106604761e-18
2.064959765625000000e+04 5.205010578734979142e-16 8.499936748208113910e-18
2.065976953125000000e+04 4.696237062593131440e-16 9.781742442865186019e-18
2.066994335937500000e+04 5.014155526872864088e-16 7.292460676214444315e-18
2.068011523437500000e+04 5.018537334188128991e-16 8.420275946496807133e-18
2.069028906250000000e+04 5.118183878289900984e-16 7.353199721413600584e-18
2.070046093750000000e+04 5.178413214795602078e-16 9.145457744896533518e-18
2.071063281250000000e+04 5.387686998095761893e-16 8.175782864122058531e-18
2.072080664062500000e+04 5.966019918657316807e-16 9.063525505223156127e-18
2.073097851562500000e+04 5.428279993301740169e-16 8.635840868489351251e-18
2.074115234375000000e+04 5.098640181218784106e-16 6.976423088298759243e-18
2.075132421875000000e+04 5.409408628632506391e-16 7.547599573072750383e-18
2.076149609375000000e+04 4.886562189467620523e-16 7.666046873706668628e-18
2.077166992187500000e+04 5.023703705770788189e-16 7.084410690086944453e-18
2.078184179687500000e+04 5.851229484249821991e-16 7.298303880061518902e-18
2.079201562500000000e+04 6.011505058529280701e-16 7.808907582939476932e-18
2.080218750000000000e+04 5.935503968545704535e-16 7.005557216653489431e-18
2.081235937500000000e+04 6.077512218526440191e-16 7.432962266340251384e-18
2.082253320312500000e+04 6.054061581986112852e-16 7.452659918266976632e-18
2.083270507812500000e+04 6.309980940295974953e-16 7.837428770460305326e-18
2.084287890625000000e+04 6.383412873471410419e-16 7.637853249708411233e-18
2.085305078125000000e+04 5.969990385597571340e-16 8.331248978709562423e-18
2.086322265625000000e+04 7.061978379055118896e-16 8.094197213125340858e-18
2.087339648437500000e+04 6.838677200752835833e-16 7.931634716062744542e-18
2.088356835937500000e+04 7.082734921427585525e-16 8.159015085924996107e-18
2.089374218750000000e+04 6.339108285769682206e-16 7.943156514814995664e-18
2.090391406250000000e+04 7.902364764651433147e-16 9.198915119163385485e-18
2.091408593750000000e+04 7.675009474905354189e-16 8.308028364553973831e-18
2.092425976562500000e+04 7.736067315512588395e-16 8.739526303911648164e-18
2.093443164062500000e+04 7.876086096858460513e-16 8.225160583607798965e-18
2.094460351562500000e+04 7.504783381078025586e-16 8.361436935164685168e-18
2.095477734375000000e+04 7.995803616041015187e-16 8.544061043623530066e-18
2.096494921875000000e+04 7.718487676087917426e-16 8.619814244121136340e-18
2.097512304687500000e+04 8.155906607357470833e-16 8.650223057799810743e-18
2.098529492187500000e+04 7.743722905168991168e-16 8.691595323317262976e-18
2.099546679687500000e+04 8.065034265798069323e-16 9.809345459906080553e-18
2.100564062500000000e+04 8.517406504960213336e-16 8.869911475145931704e-18
2.101581250000000000e+04 8.393132477917022560e-16 8.923894936282367397e-18
2.102598632812500000e+04 8.452669364988343263e-16 8.974100663561273411e-18
2.103615820312500000e+04 8.915924918731520966e-16 9.945051056840305167e-18
2.104633007812500000e+04 1.009684448950807362e-15 1.063422072009192294e-17
2.105650390625000000e+04 9.310335222708645241e-16 9.421758403365783694e-18
2.106667578125000000e+04 8.994426873491865454e-16 1.027578185397676967e-17
2.107684960937500000e+04 9.426836134274001709e-16 9.615527116217555532e-18
2.108702148437500000e+04 9.242084484192445923e-16 1.075871140228115360e-17
2.109719335937500000e+04 9.541534983244074654e-16 1.074234728822301706e-17
2.110736718750000000e+04 9.161962578920477586e-16 9.619282516198546278e-18
2.111753906250000000e+04 9.921674899642332103e-16 1.117108244433476428e-17
2.112771289062500000e+04 9.756632647452199818e-16 1.126777820358098811e-17
2.113788476562500000e+04 9.427246945253420045e-16 9.957413271094910166e-18
2.114805664062500000e+04 1.007167490548041208e-15 1.000183866025329562e-17
2.115823046875000000e+04 9.239653499633826081e-16 9.700729200852355042e-18
2.116840234375000000e+04 9.852155729287619471e-16 1.019320854932866368e-17
2.117857617187500000e+04 9.883736293934811991e-16 1.016577344995211741e-17
2.118874804687500000e+04 9.835356948361198559e-16 1.003227228935034662e-17
2.119891992187500000e+04 9.859773731856987834e-16 9.887463569774975934e-18
2.120909375000000000e+04 9.945064655689575539e-16 1.069291662917807323e-17
2.121926562500000000e+04 9.461829182907444992e-16 9.898514702758684383e-18
2.122943945312500000e+04 9.704900110198643425e-16 1.074743610335144328e-17
2.123961132812500000e+04 9.875566661158544264e-16 1.044059510948612277e-17
2.124978320312500000e+04 1.018786876760238887e-15 1.013593456371549205e-17
2.125995703125000000e+04 9.746872710317462142e-16 1.133286821880217330e-17
2.127012890625000000e+04 1.025913600220199756e-15 1.094230413923729810e-17
2.128030078125000000e+04 1.066979345689864338e-15 1.057001247940371927e-17
2.129047460937500000e+04 1.126676321988216104e-15 1.112015045247803671e-17
2.130064648437500000e+04 1.116532678928372230e-15 1.138930344327421617e-17
2.131082031250000000e+04 1.134986456354609638e-15 1.094829706277524478e-17
2.132099218750000000e+04 1.108915311633714307e-15 1.216294230913791147e-17
2.133116406250000000e+04 1.163551160193103222e-15 1.122666649995649008e-17
2.134133789062500000e+04 1.204548719510513833e-15 1.144692401756404752e-17
2.135150976562500000e+04 1.108727799715015887e-15 1.402186447254771801e-17
2.136168359375000000e+04 1.170093325040340217e-15 1.453723935319888190e-17
2.137185546875000000e+04 1.240193242359514079e-15 1.163525236352705810e-17
2.138202734375000000e+04 1.250903973977544707e-15 1.170922795288828792e-17
2.139220117187500000e+04 1.279141511340161318e-15 1.198245480820129104e-17
2.140237304687500000e+04 1.305665289292245665e-15 1.307072257339749361e-17
2.141254687500000000e+04 1.278986398431695374e-15 1.188992969360355958e-17
2.142271875000000000e+04 1.326833383797959478e-15 1.269673767485001874e-17
2.143289062500000000e+04 1.313586000261139034e-15 1.224141279794775444e-17
2.144306445312500000e+04 1.323479768601542889e-15 1.341531609041973430e-17
2.145323632812500000e+04 1.334931230531947403e-15 1.464189093557664075e-17
2.146341015625000000e+04 1.342427260356911147e-15 1.282125730836068876e-17
2.147358203125000000e+04 1.353697668994840054e-15 1.293843405957372555e-17
2.148375390625000000e+04 1.375404264696770788e-15 1.276808282986332993e-17
2.149392773437500000e+04 1.319156088922283313e-15 1.296796027153880587e-17
2.150409960937500000e+04 1.380668892101311485e-15 1.340443949254527454e-17
2.151427343750000000e+04 1.492695352122797112e-15 1.519189986847539991e-17
2.152444531250000000e+04 1.372025238511936571e-15 1.378708414492556706e-17
2.153461718750000000e+04 1.344002318122330519e-15 1.401869967952409013e-17
2.154479101562500000e+04 1.483728026068452648e-15 1.677073123184923831e-17
2.155496289062500000e+04 1.488011154045362425e-15 1.471488631591199523e-17
2.156513671875000000e+04 1.516436732722269490e-15 1.382443548548539902e-17
2.157530859375000000e+04 1.609054809185962113e-15 1.418453781181239643e-17
2.158548046875000000e+04 1.706925336955578652e-15 1.624239939408304379e-17
2.159565429687500000e+04 1.679386707653565246e-15 1.481649056491310873e-17
2.160582617187500000e+04 1.678447030477705007e-15 1.466298900428041828e-17
2.161599804687500000e+04 1.635995115589858762e-15 1.574362768268704427e-17
2.162617187500000000e+04 1.676210122343124807e-15 1.509306171144266374e-17
2.163634375000000000e+04 1.762198577807776428e-15 1.518618570480388360e-17
2.164651757812500000e+04 1.779200329004183151e-15 1.739584816436781238e-17
2.165668945312500000e+04 1.667983103084680601e-15 1.461162936004700079e-17
2.166686132812500000e+04 1.676076397016577034e-15 1.508088064974220786e-17
2.167703515625000000e+04 1.649038787702864547e-15 1.570615640093839211e-17
2.168720703125000000e+04 1.568727676446303280e-15 1.671698434436799278e-17
2.169738085937500000e+04 1.687118212637865686e-15 1.615861426983754761e-17
2.170755273437500000e+04 1.614614733451739340e-15 1.545590779586149954e-17
2.171772460937500000e+04 1.584336058444476680e-15 1.536379461720881949e-17
2.172789843750000000e+04 1.657316628938144010e-15 1.531919138421873513e-17
2.173807031250000000e+04 1.531036933754973458e-15 1.508519026073360913e-17
2.174824414062500000e+04 1.462762795953606240e-15 1.519972334270892645e-17
2.175841601562500000e+04 1.475930452514266373e-15 1.465878858112987400e-17
2.176858789062500000e+04 1.439586492209070888e-15 1.472043835218345115e-17
2.177876171875000000e+04 1.545505527043497789e-15 1.552797342518834442e-17
2.178893359375000000e+04 1.316279141516934082e-15 1.579351494543011737e-17
2.179910742187500000e+04 1.385234293807893757e-15 1.549500696905565606e-17
2.180927929687500000e+04 1.362875694494814025e-15 1.481121480696624552e-17
2.181945117187500000e+04 1.328941966441030652e-15 1.635372797836533068e-17
2.182962500000000000e+04 1.324584193685644090e-15 1.407085507150678363e-17
2.183979687500000000e+04 1.229563931783538271e-15 1.398313918499043547e-17
2.184997070312500000e+04 1.276104051191307397e-15 1.438447729203381386e-17
2.186014257812500000e+04 1.301509428015660847e-15 1.549598304217846863e-17
2.187031445312500000e+04 1.171813013681503261e-15 1.409477217173814187e-17
2.188048828125000000e+04 1.147625034960591053e-15 1.472785981663927692e-17
2.189066015625000000e+04 1.109768485569836202e-15 1.584353290270997384e-17
2.190083398437500000e+04 1.114672276938846567e-15 1.464816923642591823e-17
2.191100585937500000e+04 1.237002681005443944e-15 1.782247814582061215e-17
2.192117773437500000e+04 1.102368064588793786e-15 1.437809476642735470e-17
2.193135156250000000e+04 1.251946036260904310e-15 1.435154723184807783e-17
2.194152343750000000e+04 1.112098249691259155e-15 1.477159947306985592e-17
2.195169531250000000e+04 1.055159742064759425e-15 1.583272826954880620e-17
2.196186914062500000e+04 1.026916593108867255e-15 1.675152244366453190e-17
2.197204101562500000e+04 1.225538937097304243e-15 1.476055826625349810e-17
2.198221484375000000e+04 1.182096099540288874e-15 1.537232781240791652e-17
2.199238671875000000e+04 1.075022558798754361e-15 1.426290821176812049e-17
2.200255859375000000e+04 1.113302730542254770e-15 1.747776220606771361e-17
2.201273242187500000e+04 1.246618410780911575e-15 1.464581673476381742e-17
2.202290429687500000e+04 1.166632242538740739e-15 1.619111750482720628e-17
2.203307812500000000e+04 1.352569209350860512e-15 1.820997090377107796e-17
2.204325000000000000e+04 1.227154228927718194e-15 1.588897324247996187e-17
2.205342187500000000e+04 1.262598110847337578e-15 2.062848654183729559e-17
2.206359570312500000e+04 1.381072503300678159e-15 1.783550789482954744e-17
2.207376757812500000e+04 1.456819377520959628e-15 1.675096161520922094e-17
2.208394140625000000e+04 1.503927750157217982e-15 1.837213635413964882e-17
2.209411328125000000e+04 1.442372807089063909e-15 1.791871233828503139e-17
2.210428515625000000e+04 1.705433076660753389e-15 1.957306694594618631e-17
2.211445898437500000e+04 1.504615858547743695e-15 1.873021291514650387e-17
2.212463085937500000e+04 1.439927211212103930e-15 2.221740454560060561e-17
2.213480468750000000e+04 1.457423841407943978e-15 2.155680487352595686e-17
2.214497656250000000e+04 1.768692673535256742e-15 1.994636032150156685e-17
2.215514843750000000e+04 1.738048609690372257e-15 2.792314586411990586e-17
2.216532226562500000e+04 1.701509831807308283e-15 1.871787799785211312e-17
2.217549414062500000e+04 1.980897084953798029e-15 2.077291723987272954e-17
2.218566796875000000e+04 1.903843344775021582e-15 2.124756009280055725e-17
2.219583984375000000e+04 2.038801316019286068e-15 2.251083859609766664e-17
2.220601171875000000e+04 1.996446915799492475e-15 2.124016675248555829e-17
2.221618554687500000e+04 1.976768434610643756e-15 2.032542080028766710e-17
2.222635742187500000e+04 2.186150320490696901e-15 2.192701451975773971e-17
2.223653125000000000e+04 2.288546015901901133e-15 2.352306778348493214e-17
2.224670312500000000e+04 2.267623455071772660e-15 2.477134123047032961e-17
2.225687500000000000e+04 2.347812064188337274e-15 2.702596426504896566e-17
2.226704882812500000e+04 2.307366876231654873e-15 2.312631887447999795e-17
2.227722070312500000e+04 2.398263040592697910e-15 2.439877577385399574e-17
2.228739257812500000e+04 2.496640835218601369e-15 2.444387696957283702e-17
2.229756640625000000e+04 2.687514415926437611e-15 3.022003451927755141e-17
2.230773828125000000e+04 2.457843126344328583e-15 2.872189131593581065e-17
2.231791210937500000e+04 2.835929623120204794e-15 2.673199751023742047e-17
2.232808398437500000e+04 2.808448486179486274e-15 2.625792541193225436e-17
2.233825585937500000e+04 2.716186692949232491e-15 2.715740822746731708e-17
2.234842968750000000e+04 2.754672481940678881e-15 2.740962717676331096e-17
2.235860156250000000e+04 3.136095865012263409e-15 3.219856782644313830e-17
2.236877539062500000e+04 3.112501762266494873e-15 2.894674878492977548e-17
2.237894726562500000e+04 3.093872119624583791e-15 3.049186592089717757e-17
2.238911914062500000e+04 3.233086007912327510e-15 3.379936745252516000e-17
2.239929296875000000e+04 3.234267195357273632e-15 3.085985541436486810e-17
2.240946484375000000e+04 3.050827811069251570e-15 3.735472207417608144e-17
2.241963867187500000e+04 3.748598094666056799e-15 3.339101816260978215e-17
2.242981054687500000e+04 3.802724770545027472e-15 3.952479070653954700e-17
2.243998242187500000e+04 3.617386338389261269e-15 3.402758327480609013e-17
2.245015625000000000e+04 3.767144728079136959e-15 3.564899293303048307e-17
2.246032812500000000e+04 3.701639435103225642e-15 3.559663240025587642e-17
2.247050195312500000e+04 4.000121140221432267e-15 4.408979867515024379e-17
2.248067382812500000e+04 4.137865638103926588e-15 3.744929197924804398e-17
2.249084570312500000e+04 4.370363476631023217e-15 3.864821086780485251e-17
2.250101953125000000e+04 4.493393318153815832e-15 4.027307814098971710e-17
2.251119140625000000e+04 4.491527304571014609e-15 5.148291068830014052e-17
2.252136523437500000e+04 4.600657335429364156e-15 4.274509747543708967e-17
2.253153710937500000e+04 4.996684625302796889e-15 5.206044157453976402e-17
2.254170898437500000e+04 5.155052681385038915e-15 5.008218620005999494e-17
2.255188281250000000e+04 5.108440881814108395e-15 4.484800235078369960e-17
2.256205468750000000e+04 5.463664053519459718e-15 4.777400818390222566e-17
2.257222851562500000e+04 5.765512714603002187e-15 4.933959969439154030e-17
2.258240039062500000e+04 5.697521379926899499e-15 5.710120412682155979e-17
2.259257226562500000e+04 5.793853166468710195e-15 5.154146184077909403e-17
2.260274609375000000e+04 6.163388653883817431e-15 5.581354861087251267e-17
2.261291796875000000e+04 6.191838372999721243e-15 5.355724143656671865e-17
2.262308984375000000e+04 6.600125617751712720e-15 5.571549792978292698e-17
2.263326367187500000e+04 6.815167801301792727e-15 6.662838587207661431e-17
2.264343554687500000e+04 6.682400045500891048e-15 5.886638108423011915e-17
2.265360937500000000e+04 7.307897878147933540e-15 6.360554365900773039e-17
2.266378125000000000e+04 7.866758358285059344e-15 8.185500085649963968e-17
2.267395312500000000e+04 7.558417189660812663e-15 7.074765267836208619e-17
2.268412695312500000e+04 7.320249312584795748e-15 8.744972626500819809e-17
2.269429882812500000e+04 7.910619418359781524e-15 7.178984069317479724e-17
2.270447265625000000e+04 8.491952529620511170e-15 7.200407385438113098e-17
2.271464453125000000e+04 8.581834583785453996e-15 7.553507627879849128e-17
2.272481640625000000e+04 8.371268122328665712e-15 7.772740930452943413e-17
2.273499023437500000e+04 9.167342720443200088e-15 8.821939466393163886e-17
2.274516210937500000e+04 9.524372189908571207e-15 8.976837969644333890e-17
2.275533593750000000e+04 9.773566741891944604e-15 8.518857181231284333e-17
2.276550781250000000e+04 1.014828734149366904e-14 8.692870835821819744e-17
2.277567968750000000e+04 9.310464183474864708e-15 1.175004369128961447e-16
2.278585351562500000e+04 1.091386113021052331e-14 9.833965167349741337e-17
2.279602539062500000e+04 1.095122883571159403e-14 1.135823007269141666e-16
2.280619921875000000e+04 1.155451958206399690e-14 1.117456024250218223e-16
2.281637109375000000e+04 1.306926013130938966e-14 1.194122829190777065e-16
2.282654296875000000e+04 1.235989968413706702e-14 1.324840129984612897e-16
2.283671679687500000e+04 1.278377529973385301e-14 1.247243838733340469e-16
2.284688867187500000e+04 1.453779926844679660e-14 1.354978621039104971e-16
2.285706250000000000e+04 1.430903599818414418e-14 1.700635958503537862e-16
2.286723437500000000e+04 1.580549757642778913e-14 1.538339945947081629e-16
2.287740625000000000e+04 1.804713808408429931e-14 1.857428109787413262e-16
2.288758007812500000e+04 1.843762366090032079e-14 1.947739159670360790e-16
2.289775195312500000e+04 2.035453037130437182e-14 2.392243653892594428e-16
2.290792578125000000e+04 2.369508431967429912e-14 2.858430471028864045e-16
2.291809765625000000e+04 3.041920963167341063e-14 3.544722505278307843e-16
2.292826953125000000e+04 3.471770532734522186e-14 3.801825856829753846e-16
2.293844335937500000e+04 3.558614449124253287e-14 4.324212251225162222e-16
2.294861523437500000e+04 4.692707201016214913e-14 6.184273839385148307e-16
2.295878710937500000e+04 8.392718215278344163e-14 9.445897551960775670e-16
2.296896093750000000e+04 1.801695728373409189e-13 2.458614985117514064e-15
2.297913281250000000e+04 -5.858134615420451663e-13 -9.577280408892916569e-15
2.298930664062500000e+04 -1.066249343049767428e-13 -1.271880109641587014e-15
2.299947851562500000e+04 -5.681714051065239746e-14 -7.746683814715236982e-16
2.300965039062500000e+04 -3.970685474754924449e-14 -4.928640668704846028e-16
2.301982421875000000e+04 -3.348899594592634477e-14 -4.299627384628902172e-16
2.302999609375000000e+04 -2.467495066778291335e-14 -3.265300100264507044e-16
2.304016992187500000e+04 -2.174589718365038671e-14 -2.805801931735790213e-16
2.305034179687500000e+04 -1.564894725305035483e-14 -2.093152746796854750e-16
2.306051367187500000e+04 -1.349036510213570683e-14 -1.985341996223633377e-16
2.307068750000000000e+04 -1.267827395802154089e-14 -1.700636090852435871e-16
2.308085937500000000e+04 -1.015728452545940422e-14 -1.523242113057865759e-16
2.309103320312500000e+04 -9.585216260575742109e-15 -1.258574227891846821e-16
2.310120507812500000e+04 -8.084943881102400060e-15 -1.152016291987173762e-16
2.311137695312500000e+04 -7.779313217909367140e-15 -1.078870364780334630e-16
2.312155078125000000e+04 -6.867097697232059372e-15 -9.202978561204490978e-17
2.313172265625000000e+04 -6.356011145869496989e-15 -9.851201626081876306e-17
2.314189648437500000e+04 -6.631498447568591123e-15 -1.013091175759994755e-16
2.315206835937500000e+04 -4.869927838812085352e-15 -7.206220810783135777e-17
2.316224023437500000e+04 -4.938400711718702110e-15 -8.478491429083186625e-17
2.317241406250000000e+04 -3.773340774088302166e-15 -7.086047349646941874e-17
2.318258593750000000e+04 -3.258367400289026612e-15 -5.475460853429437770e-17
2.319275976562500000e+04 -3.763055676526266824e-15 -6.366173238365723246e-17
2.320293164062500000e+04 -2.910497533357026684e-15 -6.032205352620093725e-17
2.321310351562500000e+04 -3.272043594255394545e-15 -5.186868125621527093e-17
2.322327734375000000e+04 -2.493304160681129866e-15 -4.510438863600573563e-17
2.323344921875000000e+04 -2.633097419504795526e-15 -4.062680704069699343e-17
2.324362304687500000e+04 -2.461847262844236474e-15 -4.655434029686013699e-17
2.325379492187500000e+04 -2.534652074001348537e-15 -3.780392085146177801e-17
2.326396679687500000e+04 -2.487995169925976725e-15 -3.909154328018632301e-17
2.327414062500000000e+04 -2.301248545495400248e-15 -5.277163161287815594e-17
2.328431250000000000e+04 -2.646196784034083281e-15 -4.134180541857557950e-17
2.329448437500000000e+04 -2.370888841561570246e-15 -4.851764024586494733e-17
2.330465820312500000e+04 -1.721575830569525845e-15 -4.027093739756442987e-17
2.331483007812500000e+04 -2.230535905718006306e-15 -3.798413372843503083e-17
2.332500390625000000e+04 -1.869031349434053906e-15 -3.540366770695950612e-17
2.333517578125000000e+04 -1.800199546316038138e-15 -3.673952138284079306e-17
2.334534765625000000e+04 -2.008860818916214687e-15 -3.430121793016108190e-17
2.335552148437500000e+04 -2.262536386948800146e-15 -3.362505733640308559e-17
2.336569335937500000e+04 -2.122166510446291121e-15 -3.094344036090212644e-17
2.337586718750000000e+04 -1.849074194405558522e-15 -3.217527111167119483e-17
2.338603906250000000e+04 -2.126457155840607779e-15 -3.591365102437804938e-17
2.339621093750000000e+04 -1.256282844950846328e-15 -2.474275552286172208e-17
2.340638476562500000e+04 -1.883783063485197987e-15 -2.670361198033705078e-17
2.341655664062500000e+04 -1.961986650889872147e-15 -2.255823935391940534e-17
2.342673046875000000e+04 -1.728560676010821619e-15 -3.351057553962574656e-17
2.343690234375000000e+04 -2.373206747221731638e-15 -4.017708548526416335e-17
2.344707421875000000e+04 -2.107154969038576783e-15 -3.028314178257044700e-17
2.345724804687500000e+04 -1.966683025065923615e-15 -2.957669976094810945e-17
2.346741992187500000e+04 -1.855176431515815315e-15 -2.935513447079210567e-17
2.347759375000000000e+04 -1.905834719234016442e-15 -2.991619122795212307e-17
2.348776562500000000e+04 -1.961322577059224775e-15 -3.185951972824745311e-17
2.349793750000000000e+04 -2.059864484318658755e-15 -2.977536869174864543e-17
2.350811132812500000e+04 -2.016464845441953355e-15 -3.665281631103298470e-17
2.351828320312500000e+04 -1.517341575668173896e-15 -2.871699440670949673e-17
2.352845703125000000e+04 -2.065391797815966692e-15 -2.367360472880223254e-17
2.353862890625000000e+04 -1.978605225556764706e-15 -2.862389688312787857e-17
2.354880078125000000e+04 -2.059859613879212042e-15 -2.867163843936198912e-17
2.355897460937500000e+04 -1.838858341786961219e-15 -2.322126431955005957e-17
2.356914648437500000e+04 -1.810945641559616633e-15 -2.482532800032921552e-17
2.357932031250000000e+04 -1.823203690614044054e-15 -2.609106984749050783e-17
2.358949218750000000e+04 -2.250976928317620709e-15 -3.421918146573052282e-17
2.359966406250000000e+04 -2.343704166152390730e-15 -2.823741824860840277e-17
2.360983789062500000e+04 -2.188891954382722257e-15 -2.708794656270878913e-17
2.362000976562500000e+04 -2.078087127629414145e-15 -2.594867070503950412e-17
2.363018164062500000e+04 -2.124129297543316149e-15 -2.428996016427264495e-17
2.364035546875000000e+04 -2.052764442396536396e-15 -2.985681620358306674e-17
2.365052734375000000e+04 -1.918453816082211008e-15 -2.283543254026960023e-17
2.366070117187500000e+04 -2.122140464183163051e-15 -2.851451051892386619e-17
2.367087304687500000e+04 -2.163612044313680850e-15 -2.437562629723108670e-17
2.368104492187500000e+04 -2.452523124160861136e-15 -2.959666128349023912e-17
2.369121875000000000e+04 -1.944813904917238462e-15 -3.118496055615535946e-17
2.370139062500000000e+04 -1.533231702000427757e-15 -2.629646044794864971e-17
2.371156445312500000e+04 -1.772165720377236187e-15 -2.608863462776715172e-17
2.372173632812500000e+04 -1.736914326694880342e-15 -2.398933129680759767e-17
2.373190820312500000e+04 -1.483974512656103650e-15 -2.288227743271970330e-17
2.374208203125000000e+04 -1.510338624897630561e-15 -2.415194838779062249e-17
2.375225390625000000e+04 -1.856113249955478571e-15 -2.097434895391919263e-17
2.376242773437500000e+04 -1.613999469894677498e-15 -2.067180102743302234e-17
2.377259960937500000e+04 -1.893264115022052184e-15 -2.275655590577899373e-17
2.378277148437500000e+04 -1.742494367993154859e-15 -2.034603910423616387e-17
2.379294531250000000e+04 -1.504046017132478364e-15 -1.896981570573983897e-17
2.380311718750000000e+04 -1.365115355486472802e-15 -2.000567744322774447e-17
2.381329101562500000e+04 -1.367833590093330259e-15 -2.057850498050439145e-17
2.382346289062500000e+04 -1.493529573696724191e-15 -1.996478825118802320e-17
2.383363476562500000e+04 -1.191292759765102439e-15 -2.350363234781238620e-17
2.384380859375000000e+04 -1.378220755125509744e-15 -2.327047494855206429e-17
2.385398046875000000e+04 -1.201659701885666228e-15 -1.840801448602852385e-17
2.386415429687500000e+04 -1.435887393449292952e-15 -1.934819624206242063e-17
2.387432617187500000e+04 -1.435062277479548856e-15 -1.730476896148082361e-17
2.388449804687500000e+04 -1.352464600781874606e-15 -1.928823061073600144e-17
2.389467187500000000e+04 -1.439904129564291251e-15 -1.974982882540386790e-17
2.390484375000000000e+04 -1.327252347469495136e-15 -1.652854929210596286e-17
2.391501757812500000e+04 -1.250181031357063162e-15 -1.937737421098961613e-17
2.392518945312500000e+04 -1.263861036971693740e-15 -1.792328995579489984e-17
2.393536132812500000e+04 -1.136226830226745154e-15 -2.080176764527735404e-17
2.394553515625000000e+04 -1.184049886912249324e-15 -1.968728569928873348e-17
2.395570703125000000e+04 -1.238073542409010193e-15 -1.751187017144572515e-17
2.396587890625000000e+04 -1.359314344468083319e-15 -1.812044514607446378e-17
2.397605273437500000e+04 -1.323505920743789366e-15 -1.866977744523215456e-17
2.398622460937500000e+04 -1.154148988599462081e-15 -1.587736458976339267e-17
2.399639843750000000e+04 -1.024119055042323114e-15 -1.495189175938191383e-17
2.400657031250000000e+04 -1.007334567796887119e-15 -1.510580525595965569e-17
2.401674218750000000e+04 -1.472033042165712523e-15 -2.334364238245482980e-17
2.402691601562500000e+04 -1.171515599237898594e-15 -1.887077075355396454e-17
2.403708789062500000e+04 -1.038638046791209076e-15 -1.477445986362806429e-17
2.404726171875000000e+04 -1.045473814433788094e-15 -1.611884342598599804e-17
2.405743359375000000e+04 -7.378136073595746667e-16 -1.804510553588313401e-17
2.406760546875000000e+04 -6.575724822002802870e-16 -1.427676514138960881e-17
2.407777929687500000e+04 -6.565444489001095833e-16 -1.222824490977652279e-17
2.408795117187500000e+04 -7.636985107111924579e-16 -1.427383030457627066e-17
2.409812500000000000e+04 -7.152020098930619157e-16 -1.391472473088739965e-17
2.410829687500000000e+04 -6.546883350148793943e-16 -1.505795782060713835e-17
2.411846875000000000e+04 -9.227243408165366513e-16 -1.312549351047707978e-17
2.412864257812500000e+04 -7.999002753603676272e-16 -1.366872121671412922e-17
2.413881445312500000e+04 -9.324548435563572400e-16 -1.563618353856130640e-17
2.414898828125000000e+04 -7.474011203499868888e-16 -1.179075404688090177e-17
2.415916015625000000e+04 -5.940970507429046976e-16 -1.090201465314167778e-17
2.416933203125000000e+04 -4.950196069025691870e-16 -6.290058808094615064e-18
2.417950585937500000e+04 -5.645428006637812773e-16 -1.158804103006559405e-17
2.418967773437500000e+04 -6.117766929949108781e-16 -1.384506206124002132e-17
2.419985156250000000e+04 -3.901953092129092655e-16 -1.051483456946275701e-17
2.421002343750000000e+04 -4.399667799051147415e-16 -1.043338044018343527e-17
2.422019531250000000e+04 -5.896938558457216241e-16 -9.341061144346947973e-18
2.423036914062500000e+04 -3.713692872761331946e-16 -9.915086439150571740e-18
2.424054101562500000e+04 -4.763719648105289514e-16 -8.931690286375067129e-18
2.425071484375000000e+04 -7.355107894737862410e-16 -1.102813405395702535e-17
2.426088671875000000e+04 -3.640451257301232681e-16 -9.396819735077922462e-18
2.427105859375000000e+04 -5.619847082235140869e-16 -1.005118660123698415e-17
2.428123242187500000e+04 -6.798759714322292862e-16 -1.171316864132649054e-17
2.429140429687500000e+04 -4.534280657308964978e-16 -7.823149978726414962e-18
2.430157617187500000e+04 -3.657022662820875016e-16 -1.056540921929486167e-17
2.431175000000000000e+04 -3.802107495284715900e-16 -1.383807073070272313e-17
2.432192187500000000e+04 -6.421881404166556503e-16 -2.009058422438386255e-17
2.433209570312500000e+04 -2.374733894686071939e-16 -9.301778337056804688e-18
2.434226757812500000e+04 -7.182538166624599565e-16 -1.378877572927823800e-17
2.435243945312500000e+04 -3.169176154432128871e-16 -9.874121973675108150e-18
2.436261328125000000e+04 -3.983635655606377040e-16 -9.328875119562816769e-18
2.437278515625000000e+04 -5.541591296425092163e-16 -9.114513745361537306e-18
2.438295898437500000e+04 -5.698500973530399097e-16 -1.327679890658344195e-17
2.439313085937500000e+04 -6.239611560620455816e-16 -1.354934581943292648e-17
2.440330273437500000e+04 -6.007823112186684664e-16 -9.257409196180072837e-18
2.441347656250000000e+04 -3.305654073360681997e-16 -9.035179679992188975e-18
2.442364843750000000e+04 -4.053918214404802611e-16 -8.548725515097716589e-18
2.443382226562500000e+04 -3.878327755043394116e-16 -9.467502318420578677e-18
2.444399414062500000e+04 -4.351642354430808671e-16 -9.151132203898647288e-18
2.445416601562500000e+04 -7.123212508394500403e-16 -1.424609990172104296e-17
2.446433984375000000e+04 -5.148479599835227138e-16 -1.209125304698977822e-17
2.447451171875000000e+04 -5.675824313345625375e-16 -1.312743490337474174e-17
2.448468554687500000e+04 -5.446315442331152359e-16 -1.302717399568841436e-17
2.449485742187500000e+04 -7.986341728624592618e-16 -1.401924231000592491e-17
2.450502929687500000e+04 -1.630444455746942129e-16 -7.268278878187069104e-18
2.451520312500000000e+04 -3.878322196389677760e-16 -9.243628367174939396e-18
2.452537500000000000e+04 -4.830278438309348367e-16 -1.074483544750557657e-17
2.453554882812500000e+04 -5.542558502171738167e-16 -1.348408209628310515e-17
2.454572070312500000e+04 -6.996934189639869139e-16 -1.240617973134280457e-17
2.455589257812500000e+04 -5.551837218713316993e-16 -7.571108873262119983e-18
2.456606640625000000e+04 -7.397285900346390296e-16 -1.139435089937201474e-17
2.457623828125000000e+04 -6.623537714292939988e-16 -1.030436425286292699e-17
2.458641210937500000e+04 -8.018228283923980754e-16 -1.266361322722033274e-17
2.459658398437500000e+04 -6.319150601345594788e-16 -9.400330289597597512e-18
2.460675585937500000e+04 -6.513890358062054877e-16 -1.206587431861603878e-17
2.461692968750000000e+04 -6.863191922433151387e-16 -1.276769570933665511e-17
2.462710156250000000e+04 -6.444585592922115989e-16 -1.208595081926331331e-17
2.463727343750000000e+04 -5.327765240429032517e-16 -8.793833192667592090e-18
2.464744726562500000e+04 -5.001597204638635018e-16 -1.151867366389689714e-17
2.465761914062500000e+04 -9.315549769290179527e-16 -1.503353117711844745e-17
2.466779296875000000e+04 -5.871408985426971629e-16 -9.695643694446379028e-18
2.467796484375000000e+04 -4.912941971818671639e-16 -9.412709047464453571e-18
2.468813671875000000e+04 -7.065414156447419151e-16 -1.133297906100425541e-17
2.469831054687500000e+04 -8.930657998057825453e-16 -1.199362670955443223e-17
2.470848242187500000e+04 -7.959794127870866744e-16 -1.314562625940600792e-17
2.471865625000000000e+04 -2.746370129689488246e-16 -1.113376501818004699e-17
2.472882812500000000e+04 -7.500640860570360023e-16 -1.429250804280771803e-17
2.473900000000000000e+04 -9.974863274773981825e-16 -1.567427024268569800e-17
2.474917382812500000e+04 -6.393792732844419836e-16 -9.453191266642798745e-18
2.475934570312500000e+04 -6.538993767640712169e-16 -1.149545222256069600e-17
2.476951953125000000e+04 -4.964437869242588862e-16 -1.146890055207835636e-17
2.477969140625000000e+04 -9.695080880757597948e-16 -1.784576989750888030e-17
2.478986328125000000e+04 -1.081946206109611012e-15 -2.075504021247423351e-17
2.480003710937500000e+04 -9.354985505731971615e-16 -1.968336486318523213e-17
2.481020898437500000e+04 -1.409958338505299530e-15 -1.579973203491406592e-17
2.482038281250000000e+04 -8.978614885948995802e-16 -1.770570671310772634e-17
2.483055468750000000e+04 -6.752610712377918410e-16 -1.323043295170800708e-17
2.484072656250000000e+04 -9.946196503465344098e-16 -1.919946585920293604e-17
2.485090039062500000e+04 -1.104648171403683956e-15 -2.163076143773309796e-17
2.486107226562500000e+04 -1.403015103557537623e-15 -2.732653522987113422e-17
2.487124609375000000e+04 -5.268350114343879620e-16 -1.370368696838735826e-17
2.488141796875000000e+04 -3.782664118678289453e-16 -9.613959608956767545e-18
2.489158984375000000e+04 -4.117843261538492623e-16 -1.035463036432654937e-17
2.490176367187500000e+04 -4.248875817407384665e-16 -1.049674412946622229e-17
2.491193554687500000e+04 -6.749788504476785488e-16 -1.372958764772761866e-17
2.492210937500000000e+04 -4.860061704921585669e-16 -1.318637234919975751e-17
2.493228125000000000e+04 -2.933242538512731987e-16 -9.800613741359970793e-18
2.494245312500000000e+04 -1.702645147124204664e-16 -8.226529567521574226e-18
2.495262695312500000e+04 -2.219822818289591128e-16 -9.075510525118436945e-18
2.496279882812500000e+04 -2.058812310579491303e-16 -8.050705710878527769e-18
2.497297070312500000e+04 -7.295890762604130206e-16 -1.057168669296352660e-17
2.498314453125000000e+04 -2.514944846631852375e-16 -8.027155051658530518e-18
2.499331640625000000e+04 -3.273237593073667889e-16 -7.551721414065102120e-18
2.500349023437500000e+04 -9.140959338202123141e-16 -1.698497928230659800e-17
2.501366210937500000e+04 -5.873659975484299932e-16 -9.340513550781437868e-18
2.502383398437500000e+04 -4.009639037691492026e-16 -1.309804021312705735e-17
2.503400781250000000e+04 -8.166039503686796418e-17 -3.815143100732388068e-18
2.504417968750000000e+04 -3.196176123719247746e-16 -3.825509741759208887e-18
2.505435351562500000e+04 -1.549015208060445983e-16 -5.538532547955993577e-18
2.506452539062500000e+04 -2.773095342664341507e-16 -6.848291157053070150e-18
2.507469726562500000e+04 -3.069693722963887398e-16 -6.958839710017719534e-18
2.508487109375000000e+04 -1.737494597203308741e-16 -7.065158061329772734e-18
2.509504296875000000e+04 -2.708365878928555926e-16 -6.955262981049040242e-18
2.510521679687500000e+04 -2.370831455079393767e-16 -2.726408185285246180e-18
2.511538867187500000e+04 -5.700946648816697881e-17 -6.320285642038527801e-18
2.512556054687500000e+04 -4.448266579097658914e-16 -9.131666989724049441e-18
2.513573437500000000e+04 -5.768135552124175128e-16 -1.217670990325324406e-17
2.514590625000000000e+04 -2.606076592031350515e-16 -1.465013958064501954e-17
2.515608007812500000e+04 -5.747963991880905999e-16 -1.357031484796114573e-17
2.516625195312500000e+04 -1.436677728128640417e-16 -9.695528716341234157e-18
2.517642382812500000e+04 5.494674935570064518e-17 -2.747261408527708008e-18
2.518659765625000000e+04 -1.572811142875677457e-16 -4.159503766412195083e-18
2.519676953125000000e+04 -5.760841010261539500e-16 -7.914762713108500436e-18
2.520694335937500000e+04 -2.778830880682886192e-17 -5.718943121095646572e-18
2.521711523437500000e+04 -1.140037657926221853e-16 -8.242455275855057668e-18
2.522728710937500000e+04 -4.713894275015647633e-18 -5.378796527046490956e-18
2.523746093750000000e+04 1.881104004152151041e-16 -7.127826918898015217e-18
2.524763281250000000e+04 -3.287098228464300446e-16 -4.590198513395080427e-18
2.525780664062500000e+04 -5.943714894178150909e-16 -2.281388779403504408e-17
2.526797851562500000e+04 -9.757757083689679901e-16 -2.006943817920455695e-17
2.527815039062500000e+04 -4.055897359825621487e-16 -1.984224309779951726e-17
2.528832421875000000e+04 -2.678023041175538752e-16 -2.276890529873410415e-18
2.529849609375000000e+04 -1.730543580140343936e-15 -4.751315512337240328e-17
2.530866796875000000e+04 -8.429948764969430724e-16 -2.133923652008980931e-17
2.531884179687500000e+04 -3.594813916196559029e-16 -2.282839819634044929e-17
2.532901367187500000e+04 -3.403679343461850056e-16 -2.024554327725587143e-17
2.533918750000000000e+04 -1.768944599662615892e-17 -7.575372989319830840e-18
2.534935937500000000e+04 -2.387770658186601680e-17 -7.666589504188503414e-18
2.535953125000000000e+04 -3.584466416129112687e-17 -7.671279618261679081e-18
2.536970507812500000e+04 -4.753755364272026739e-17 -7.723033827647284364e-18
