1.497413378906250000e+04 1.726618429462767508e-16 1.737848150740726156e-18
1.498429589843750000e+04 1.654880826879636660e-16 1.695598556786084869e-18
1.499445703125000000e+04 1.816046976893794461e-16 2.107387780676341058e-18
1.500461914062500000e+04 1.916376044262596209e-16 2.226287755900478947e-18
1.501478027343750000e+04 1.638302671566195892e-16 1.721476592057076633e-18
1.502494238281250000e+04 1.986031798680053598e-16 2.521777143424581120e-18
1.503510351562500000e+04 2.334207073929097905e-16 2.954248053977770953e-18
1.504526562500000000e+04 2.401036649978482117e-16 1.986870046969202585e-18
1.505542675781250000e+04 2.267591903094487438e-16 1.747018688601795298e-18
1.506558886718750000e+04 2.476618193955371387e-16 1.781216196281115706e-18
1.507575000000000000e+04 2.304933615271989285e-16 2.451699229109701169e-18
1.508591210937500000e+04 2.501011419347315152e-16 2.731612805699429830e-18
1.509607324218750000e+04 2.587232226537310468e-16 3.392676939688027105e-18
1.510623535156250000e+04 2.712581720725718189e-16 1.629793030335041306e-18
1.511639648437500000e+04 2.691774885772008335e-16 2.751320176998352577e-18
1.512655761718750000e+04 2.717435748909077364e-16 3.071073253430472710e-18
1.513671972656250000e+04 2.892446520097208696e-16 3.466898201691185172e-18
1.514688085937500000e+04 2.863858099336191992e-16 3.038818379419733087e-18
1.515704296875000000e+04 3.051460015285258499e-16 3.624511470353723586e-18
1.516720410156250000e+04 3.008622912164648361e-16 3.359190807335502300e-18
1.517736621093750000e+04 3.152812801380155874e-16 2.764700236996704076e-18
1.518752734375000000e+04 2.954613709167550019e-16 3.212170827187624235e-18
1.519768945312500000e+04 3.147488669911070562e-16 2.676131527268813743e-18
1.520785058593750000e+04 3.368371833846738614e-16 3.427764907296760848e-18
1.521801269531250000e+04 3.143909426313329109e-16 3.151344100843537345e-18
1.522817382812500000e+04 3.177107294494185309e-16 3.269795330585365217e-18
1.523833593750000000e+04 3.212058520875857911e-16 3.360893765421595846e-18
1.524849707031250000e+04 3.309629040163468818e-16 3.104959534404320042e-18
1.525865917968750000e+04 3.354535021257747584e-16 2.395743769392939059e-18
1.526882031250000000e+04 3.238461861330754537e-16 3.457227012764368311e-18
1.527898242187500000e+04 3.381119944400711851e-16 2.493388718392067487e-18
1.528914355468750000e+04 3.403801104448017862e-16 3.066492533993307181e-18
1.529930566406250000e+04 3.308117086352619892e-16 1.659523452513845657e-18
1.530946679687500000e+04 3.190881373705520318e-16 2.999765528339879545e-18
1.531962792968750000e+04 3.306717099709486143e-16 3.794401133282314622e-18
1.532979003906250000e+04 3.422069487537924984e-16 3.752232706425280101e-18
1.533995117187500000e+04 3.221456616123440390e-16 3.504325022481912601e-18
1.535011328125000000e+04 3.280890006356518458e-16 2.560541722060959933e-18
1.536027441406250000e+04 3.286586038229007611e-16 2.299909311959536070e-18
1.537043652343750000e+04 3.181556599747434539e-16 2.831668159003537781e-18
1.538059765625000000e+04 3.097592076570687865e-16 2.798177063567337659e-18
1.539075976562500000e+04 2.804546205391485712e-16 2.981188912938316787e-18
1.540092089843750000e+04 3.102834416420803933e-16 2.342888375816872558e-18
1.541108300781250000e+04 2.916599135192573036e-16 2.576710828289687103e-18
1.542124414062500000e+04 2.881907312650997064e-16 3.436971013924169769e-18
1.543140625000000000e+04 2.810339910750705127e-16 3.826483333340183801e-18
1.544156738281250000e+04 2.836268118661751294e-16 3.324141717215558550e-18
1.545172949218750000e+04 2.785742868055828296e-16 2.904407320144153961e-18
1.546189062500000000e+04 2.839418022434353223e-16 2.467568068776071590e-18
1.547205273437500000e+04 2.636818594060761278e-16 2.708875471816725344e-18
1.548221386718750000e+04 2.648506854639482572e-16 2.357085069874967034e-18
1.549237597656250000e+04 2.499315500568234432e-16 1.887984947436704030e-18
1.550253710937500000e+04 2.198105422917582901e-16 1.649976547474064888e-18
1.551269824218750000e+04 2.600673051223460113e-16 2.262121426831429244e-18
1.552286035156250000e+04 1.177287255270709795e-16 1.291934728052937071e-18
1.553302148437500000e+04 2.529009828721010033e-16 1.394504607021629657e-18
1.554318359375000000e+04 2.268428877525493093e-16 1.076002124278113132e-18
1.555334472656250000e+04 2.577198856579287264e-16 2.741605974679682958e-18
1.556350683593750000e+04 2.401803214795747259e-16 2.730335638833647956e-18
1.557366796875000000e+04 2.424123062351490106e-16 1.622750104407035121e-18
1.558383007812500000e+04 2.416544764451524288e-16 2.169317138776961134e-18
1.559399121093750000e+04 2.570068162652386140e-16 3.322156276950278145e-18
1.560415332031250000e+04 2.430470515499977020e-16 1.492928139772323623e-18
1.561431445312500000e+04 2.394061068960046937e-16 3.586828430368257858e-18
1.562447656250000000e+04 2.830719788159439610e-16 1.668282985008052513e-18
1.563463769531250000e+04 2.578683546517146442e-16 1.831281923241347121e-18
1.564479980468750000e+04 2.440359360461374959e-16 2.799431896556580602e-18
1.565496093750000000e+04 2.545722053468133395e-16 2.910009814432975618e-18
1.566512304687500000e+04 2.457429986024305298e-16 1.343545111409534696e-18
1.567528417968750000e+04 2.474006156104275938e-16 1.310000662823824903e-18
1.568544628906250000e+04 2.495214537614543534e-16 2.868598051041273979e-18
1.569560742187500000e+04 2.578150180458172250e-16 1.127560188460966778e-18
1.570576855468750000e+04 2.591705619289997242e-16 2.170146800931351821e-18
1.571593066406250000e+04 2.713626747624393182e-16 2.244597812349646491e-18
1.572609179687500000e+04 2.521320887142309121e-16 1.313004672615887792e-18
1.573625390625000000e+04 2.554033564263066217e-16 1.642018242800692209e-18
1.574641503906250000e+04 2.714178377831292545e-16 2.115204430669814031e-18
1.575657714843750000e+04 2.782250445335180409e-16 2.821489494770919638e-18
1.576673828125000000e+04 2.764780655495856481e-16 1.713734801909039708e-18
1.577690039062500000e+04 2.728434207031378437e-16 1.208606104107993600e-18
1.578706152343750000e+04 2.763507723794810878e-16 2.381259216481676129e-18
1.579722363281250000e+04 2.792790711572576108e-16 2.804482040991369974e-18
1.580738476562500000e+04 2.635411195879339055e-16 1.333927689222533782e-18
1.581754687500000000e+04 2.614400278924900118e-16 3.111913228223747069e-18
1.582770800781250000e+04 2.434050553191106523e-16 3.127747739894696540e-18
1.583787011718750000e+04 2.726623144711030336e-16 1.215549458169763715e-18
1.584803125000000000e+04 2.427665248257789184e-16 1.146190777397498621e-18
1.585819335937500000e+04 2.854507120296300533e-16 2.468367952428410368e-18
1.586835449218750000e+04 2.719147814253715118e-16 2.343181197753716330e-18
1.587851660156250000e+04 2.689113878828649747e-16 2.700761657188192696e-18
1.588867773437500000e+04 2.586420398396926425e-16 1.869446795933624988e-18
1.589883886718750000e+04 2.655543845546593689e-16 2.318089087462226512e-18
1.590900097656250000e+04 2.898372574354436595e-16 1.922146472759378381e-18
1.591916210937500000e+04 2.541604943948885462e-16 2.246621509718257474e-18
1.592932421875000000e+04 2.661799448559862714e-16 1.219989039914912383e-18
1.593948535156250000e+04 1.680368974704804616e-16 1.143328112092605730e-18
1.594964746093750000e+04 2.631864774808303706e-16 2.248171852981334986e-18
1.595980859375000000e+04 2.798953405659443177e-16 2.037864490962177912e-18
1.596997070312500000e+04 2.658402846441372969e-16 2.172196140898951947e-18
1.598013183593750000e+04 2.577121564822850309e-16 2.249299300156244763e-18
1.599029394531250000e+04 2.627978217069386552e-16 2.353453953781012380e-18
1.600045507812500000e+04 2.539842850720800500e-16 1.332609059928547686e-18
1.601061718750000000e+04 2.383742619475713457e-16 1.868131165169359398e-18
1.602077832031250000e+04 2.091087309894534342e-16 1.486079601288267400e-18
1.603094042968750000e+04 2.559602276495671208e-16 1.133190600095462099e-18
1.604110156250000000e+04 2.247457400542660685e-16 1.455247271135965846e-18
1.605126367187500000e+04 1.935177528713681507e-16 1.430538662455970925e-18
1.606142480468750000e+04 2.718158638589999706e-16 2.861090146211436423e-18
1.607158691406250000e+04 2.805085394801972278e-16 2.271127769340906610e-18
1.608174804687500000e+04 2.777236804380823001e-16 1.824111508101431201e-18
1.609190917968750000e+04 1.883891007246413707e-16 1.317833132646512953e-18
1.610207128906250000e+04 2.840139853324091497e-16 2.623778852710026345e-18
1.611223242187500000e+04 2.571998074283145860e-16 1.680690073810888513e-18
1.612239453125000000e+04 2.682730691477700543e-16 2.123329825826922422e-18
1.613255566406250000e+04 2.420012570277142597e-16 1.439863366103704637e-18
1.614271777343750000e+04 2.855602704474014767e-16 1.543493173629807359e-18
1.615287890625000000e+04 2.291882161043780602e-16 1.151850864136469282e-18
1.616304101562500000e+04 2.091056737299094382e-16 1.181964374336462254e-18
1.617320214843750000e+04 2.670210750423893933e-16 2.310112378020224528e-18
1.618336425781250000e+04 2.731136771528711689e-16 2.735289003136768624e-18
1.619352539062500000e+04 2.477019475814133112e-16 1.411077480786859274e-18
1.620368750000000000e+04 2.883787990491697628e-16 1.695825514466654106e-18
1.621384863281250000e+04 2.848628446944559672e-16 2.429697672381862600e-18
1.622401074218750000e+04 3.044819806374376818e-16 2.943872107169058912e-18
1.623417187500000000e+04 2.808322648847259807e-16 2.288874515792925542e-18
1.624433398437500000e+04 2.634859565672439691e-16 1.636549027988068159e-18
1.625449511718750000e+04 2.868628483016009804e-16 1.748206519961421446e-18
1.626465722656250000e+04 2.916342643028232593e-16 2.567543392355915035e-18
1.627481835937500000e+04 2.284783495550197531e-16 1.397410699308681582e-18
1.628498046875000000e+04 2.822429982583780179e-16 2.118925502655383826e-18
1.629514160156250000e+04 2.983221452867675962e-16 1.783751711653743874e-18
1.630530273437500000e+04 1.749651637578776087e-16 1.170936195614752151e-18
1.631546484375000000e+04 2.665815708218828182e-16 1.246731168733292353e-18
1.632562597656250000e+04 2.785474464490667089e-16 1.490874870696813870e-18
1.633578808593750000e+04 2.829731935984704282e-16 1.159488636322477663e-18
1.634594921875000000e+04 2.801412977580032852e-16 2.146145535072666308e-18
1.635611132812500000e+04 2.817416341629422772e-16 2.313825178199668792e-18
1.636627246093750000e+04 2.803079779601551705e-16 2.344381643617683911e-18
1.637643457031250000e+04 2.733065889066083358e-16 2.319749859337079853e-18
1.638659570312500000e+04 2.893097147279818405e-16 1.287590685668538277e-18
1.639675781250000000e+04 3.003882704033576483e-16 1.976118146572085193e-18
1.640691992187500000e+04 2.376413931597391640e-16 1.408510325755800953e-18
1.641708007812500000e+04 2.970883094501936992e-16 2.685002005362679274e-18
1.642724218750000000e+04 2.998752331351175592e-16 2.558468807445902045e-18
1.643740429687500000e+04 2.938346176717735164e-16 2.040463699241972663e-18
1.644756640625000000e+04 1.915491424228307499e-16 1.153145815385421046e-18
1.645772656250000000e+04 2.559587718116890275e-16 1.392052947083599052e-18
1.646788867187500000e+04 2.933752346467860669e-16 2.373644605352819233e-18
1.647805078125000000e+04 2.982560767168817607e-16 2.437835268453006148e-18
1.648821093750000000e+04 2.995334288711208473e-16 2.877904453317954955e-18
1.649837304687500000e+04 2.932659673965902622e-16 2.788547854056607864e-18
1.650853515625000000e+04 2.739886092478256577e-16 1.257564236228016511e-18
1.651869726562500000e+04 2.813852979899442337e-16 1.286797833051406200e-18
1.652885742187500000e+04 2.943623986072517506e-16 2.115017074261070771e-18
1.653901953125000000e+04 2.880979017480365554e-16 2.310647563876546337e-18
1.654918164062500000e+04 2.644182486745953352e-16 1.340661249601445134e-18
1.655934375000000000e+04 2.823089080095862432e-16 2.754240951741277317e-18
1.656950390625000000e+04 2.774521799087076952e-16 2.311922662790796829e-18
1.657966601562500000e+04 2.700220333651725743e-16 2.666491771205273897e-18
1.658982812500000000e+04 2.782945541747520969e-16 2.046466755742423123e-18
1.659999023437500000e+04 2.677543144071359987e-16 2.608050426952636801e-18
1.661015039062500000e+04 2.534749800427638002e-16 1.238343970912310929e-18
1.662031250000000000e+04 2.589737855874407095e-16 2.592556920489212316e-18
1.663047460937500000e+04 2.383784177029688121e-16 1.328564353528316519e-18
1.664063671875000000e+04 2.299636482978097704e-16 1.390407684845231080e-18
1.665079687500000000e+04 2.600650816608594687e-16 2.131070581999193655e-18
1.666095898437500000e+04 2.485409337156686957e-16 2.500888558210932651e-18
1.667112109375000000e+04 2.558240406335163903e-16 2.858660509957215042e-18
1.668128125000000000e+04 2.774713440291393237e-16 1.264776940976749205e-18
1.669144335937500000e+04 2.299895357422602300e-16 1.267815692354539321e-18
1.670160546875000000e+04 2.261566851861549193e-16 1.332244893663871216e-18
1.671176757812500000e+04 2.401640955046788857e-16 1.234896695709496186e-18
1.672192773437500000e+04 2.436487096403442722e-16 1.163872279978702433e-18
1.673208984375000000e+04 2.548858457653138459e-16 2.704753837619526745e-18
1.674225195312500000e+04 2.564421893965548177e-16 1.231748136105389656e-18
1.675241406250000000e+04 1.953085128707617501e-16 1.018721211027311365e-18
1.676257421875000000e+04 2.651722403465496709e-16 2.211327160546691751e-18
1.677273632812500000e+04 2.651547702920125510e-16 2.581396186074340590e-18
1.678289843750000000e+04 2.714518514499174350e-16 1.971691075933701389e-18
1.679306054687500000e+04 2.649096866026804395e-16 1.196864171915226803e-18
1.680322070312500000e+04 2.286849726545905990e-16 1.291838775101880920e-18
1.681338281250000000e+04 2.722562945217926050e-16 2.767671883347300828e-18
1.682354492187500000e+04 2.800675794218125594e-16 2.034963982144260720e-18
1.683370703125000000e+04 2.792324578753790226e-16 2.731112775019141525e-18
1.684386718750000000e+04 2.405803857284747726e-16 1.273791555292352101e-18
1.685402929687500000e+04 2.772783793358429534e-16 1.784176675693442992e-18
1.686419140625000000e+04 2.832860399235828837e-16 2.699788892787830335e-18
1.687435156250000000e+04 2.212737387685808905e-16 1.266068376708097619e-18
1.688451367187500000e+04 2.294257559065236880e-16 1.257960248946276273e-18
1.689467578125000000e+04 2.875999257843898319e-16 2.839857660658119032e-18
1.690483789062500000e+04 2.631014300789701185e-16 1.261962045352231252e-18
1.691499804687500000e+04 2.818203817572573254e-16 1.954874494080498336e-18
1.692516015625000000e+04 2.714140261348666101e-16 1.647982938800235522e-18
1.693532226562500000e+04 2.140381715748978435e-16 9.593913713992157472e-19
1.694548437500000000e+04 2.752731082425572025e-16 2.184141042534523943e-18
1.695564453125000000e+04 2.825708000089654321e-16 2.675991320154986005e-18
1.696580664062500000e+04 2.420855897455252660e-16 1.254670344854999744e-18
1.697596875000000000e+04 2.754102217008939923e-16 1.644108528208613710e-18
1.698613085937500000e+04 1.868365819765528441e-16 1.264839910100879804e-18
1.699629101562500000e+04 2.555391463956633268e-16 1.156150859153249627e-18
1.700645312500000000e+04 2.811960920053513044e-16 2.315433010515318740e-18
1.701661523437500000e+04 2.566798086080392506e-16 2.441510638709732389e-18
1.702677734375000000e+04 1.634999772467496154e-16 9.272139421733264015e-19
1.703693750000000000e+04 2.462978051828820965e-16 1.875080929880876798e-18
1.704709960937500000e+04 2.489405744480951152e-16 2.637893655887478071e-18
1.705726171875000000e+04 2.372111798318727845e-16 2.498903531535958522e-18
1.706742382812500000e+04 2.326024735658621364e-16 2.695489621554085974e-18
1.707758398437500000e+04 2.385463684545415788e-16 2.452529718444704408e-18
1.708774609375000000e+04 1.814291104063915899e-16 1.199194546495941821e-18
1.709790820312500000e+04 2.284616471240910824e-16 2.406463409746166882e-18
1.710806835937500000e+04 2.182377873971642662e-16 2.329729173042072717e-18
1.711823046875000000e+04 2.085224915457248524e-16 1.371138202283078593e-18
1.712839257812500000e+04 1.498142012201658679e-16 1.206160441229404005e-18
1.713855468750000000e+04 1.703073428158160120e-16 7.713579670233686103e-19
1.714871484375000000e+04 1.987072061018400285e-16 1.715596371877590297e-18
1.715887695312500000e+04 1.910840154556697323e-16 2.163083919271067794e-18
1.716903906250000000e+04 1.939130393250500912e-16 1.937361839741831911e-18
1.717920117187500000e+04 1.845245261376834262e-16 1.805235866908430524e-18
1.718936132812500000e+04 1.915004777330330302e-16 2.139975181293326998e-18
1.719952343750000000e+04 1.937488605170705662e-16 1.044939734517945268e-18
1.720968554687500000e+04 1.883582899011849955e-16 2.159281990380620941e-18
1.721984765625000000e+04 1.621837409862756361e-16 1.326861292044646404e-18
1.723000781250000000e+04 1.912032750476651776e-16 1.789768623429454598e-18
1.724016992187500000e+04 1.847182584545882457e-16 1.705053334585142545e-18
1.725033203125000000e+04 1.903754988650711117e-16 1.745218536793726771e-18
1.726049414062500000e+04 1.949367315813661165e-16 1.511841210888042324e-18
1.727065429687500000e+04 1.969823293838750527e-16 1.667494164896406632e-18
1.728081640625000000e+04 1.500884546066190493e-16 1.130167048161427645e-18
1.729097851562500000e+04 1.961302142389372265e-16 2.186191623273042899e-18
1.730113867187500000e+04 1.906997669000816994e-16 1.788239580067150326e-18
1.731130078125000000e+04 2.092518266179802075e-16 2.123437152511401178e-18
1.732146289062500000e+04 2.091781082817894817e-16 1.488221275291743757e-18
1.733162500000000000e+04 1.965659068111811573e-16 1.178948680618247053e-18
1.734178515625000000e+04 2.009261809607400793e-16 1.565511170572320419e-18
1.735194726562500000e+04 2.264417647124651947e-16 1.253692927563691772e-18
1.736210937500000000e+04 2.105584411135689700e-16 2.083477297889883240e-18
1.737227148437500000e+04 2.129590780698754665e-16 1.954439397078295444e-18
1.738243164062500000e+04 2.413256953127197518e-16 1.118238276547800433e-18
1.739259375000000000e+04 1.469327671871741492e-16 9.399493182817693848e-19
1.740275585937500000e+04 2.270102296991912370e-16 2.239458125613548254e-18
1.741291796875000000e+04 2.234213511016747665e-16 1.981623860729238145e-18
1.742307812500000000e+04 2.325730656407246511e-16 2.178793733464674896e-18
1.743324023437500000e+04 2.316732784227241689e-16 2.417042015804954415e-18
1.744340234375000000e+04 2.008901291209225681e-16 9.552342718332539375e-19
1.745356445312500000e+04 2.062288719083480164e-16 1.098643712004914606e-18
1.746372460937500000e+04 1.512172054181742096e-16 9.761421923937208342e-19
1.747388671875000000e+04 2.318827867282715997e-16 2.258414003325966574e-18
1.748404882812500000e+04 1.682567025202929526e-16 9.333267035025167069e-19
1.749420898437500000e+04 2.297447167507241355e-16 1.065403872679777465e-18
1.750437109375000000e+04 2.131060382862240876e-16 1.296342153151772741e-18
1.751453320312500000e+04 2.091551986875442130e-16 1.449367671341938925e-18
1.752469531250000000e+04 2.161061628109498152e-16 1.312067890572171488e-18
1.753485546875000000e+04 2.104134793655802770e-16 8.948485361532343803e-19
1.754501757812500000e+04 2.241407997112488878e-16 2.003605151532069164e-18
1.755517968750000000e+04 2.218314570247886439e-16 2.203644720607605506e-18
1.756534179687500000e+04 2.129041135725325429e-16 1.263599862965086247e-18
1.757550195312500000e+04 2.135681741682901136e-16 1.290346437879258689e-18
1.758566406250000000e+04 2.157287302236092193e-16 2.096568465059300594e-18
1.759582617187500000e+04 2.183338991668980276e-16 1.985396217912786228e-18
1.760598828125000000e+04 2.161438822468822333e-16 2.080350141584126519e-18
1.761614843750000000e+04 2.180829788911637420e-16 1.767488306835185659e-18
1.762631054687500000e+04 2.239083685765663875e-16 1.137512825591204807e-18
1.763647265625000000e+04 2.367367090325123678e-16 1.142142555479664103e-18
1.764663476562500000e+04 1.897273598417439618e-16 2.098906077470375451e-18
1.765679492187500000e+04 2.063541666100926486e-16 2.006132601893724940e-18
1.766695703125000000e+04 2.200177080218109708e-16 2.422008201407569655e-18
1.767711914062500000e+04 1.780357905405724559e-16 9.858296147400590486e-19
1.768727929687500000e+04 2.087534006680802552e-16 9.256197583377835790e-19
1.769744140625000000e+04 2.177022508162627349e-16 1.775802712762262417e-18
1.770760351562500000e+04 2.226952585774206192e-16 1.984900943521020103e-18
1.771776562500000000e+04 2.268220825057823756e-16 2.254315530185919461e-18
1.772792578125000000e+04 2.240680607569034248e-16 1.932513113786199201e-18
1.773808789062500000e+04 2.309349568602940377e-16 1.967595704720951349e-18
1.774825000000000000e+04 2.403959707739897504e-16 2.046550714574597255e-18
1.775841210937500000e+04 2.324087147791777152e-16 2.121463913160155930e-18
1.776857226562500000e+04 2.426589516414776222e-16 2.420597444872860466e-18
1.777873437500000000e+04 2.458430808391045457e-16 2.077336515817442701e-18
1.778889648437500000e+04 2.472081538429436558e-16 2.136113281808470050e-18
1.779905859375000000e+04 2.539196988098519096e-16 2.256477780307133075e-18
1.780921875000000000e+04 1.913839180585569580e-16 1.128028269290095223e-18
1.781938085937500000e+04 2.503257644844315150e-16 1.930527880316071934e-18
1.782954296875000000e+04 2.288098835445310066e-16 2.101067707206129650e-18
1.783970507812500000e+04 2.439612912676607107e-16 2.659350927772256748e-18
1.784986523437500000e+04 2.593915051793350881e-16 2.706593900892150955e-18
1.786002734375000000e+04 2.712786332122039306e-16 2.498423353190371490e-18
1.787018945312500000e+04 2.832897721625067229e-16 2.479473886127700455e-18
1.788034960937500000e+04 1.677263407813035529e-16 1.276431812410044796e-18
1.789051171875000000e+04 2.558160202902970762e-16 1.666533808205232567e-18
1.790067382812500000e+04 2.710037710208199101e-16 2.512435999562172917e-18
1.791083593750000000e+04 2.728618171999610230e-16 2.521356935673404182e-18
1.792099609375000000e+04 2.692991436842502324e-16 1.782703260227332912e-18
1.793115820312500000e+04 2.908575880297502693e-16 2.724669451637659716e-18
1.794132031250000000e+04 2.866560663833525244e-16 2.277224297250575562e-18
1.795148242187500000e+04 2.818109320459395196e-16 2.564615379782630456e-18
1.796164257812500000e+04 2.807355972496205837e-16 1.733491183659256221e-18
1.797180468750000000e+04 1.493643208460554276e-16 1.347744707379466418e-18
1.798196679687500000e+04 2.277173963310301710e-16 1.623396339260592174e-18
1.799212890625000000e+04 2.550963069829269379e-16 1.925563349074681801e-18
1.800228906250000000e+04 2.800059048353406056e-16 3.482183879025705709e-18
1.801245117187500000e+04 2.726186658045398354e-16 2.477190247251594684e-18
1.802261328125000000e+04 2.799820555639194767e-16 2.818354687044496801e-18
1.803277539062500000e+04 2.815711423125277476e-16 2.379156316569413195e-18
1.804293554687500000e+04 2.470289534350401679e-16 1.550580974106044546e-18
1.805309765625000000e+04 2.432768092369404309e-16 3.147922054649405470e-18
1.806325976562500000e+04 2.809243267781806825e-16 3.157762815601795702e-18
1.807341992187500000e+04 2.758485083115388894e-16 2.053287893868688527e-18
1.808358203125000000e+04 2.545773669538356704e-16 1.835205861272145546e-18
1.809374414062500000e+04 2.384917612992232781e-16 2.062202005739866230e-18
1.810390625000000000e+04 2.356369161598414639e-16 3.311137817600765540e-18
1.811406640625000000e+04 2.505314876114959032e-16 3.133262966628893852e-18
1.812422851562500000e+04 2.701216920853729631e-16 3.856801570741783647e-18
1.813439062500000000e+04 2.541211867721800263e-16 3.622397196708038048e-18
1.814455273437500000e+04 2.428756861968563163e-16 2.493017107501878039e-18
1.815471289062500000e+04 2.465169749579841467e-16 3.917252343497465186e-18
1.816487500000000000e+04 2.526626754463469262e-16 4.376957141743197764e-18
1.817503710937500000e+04 2.259462769081010307e-16 2.466294624223046204e-18
1.818519921875000000e+04 1.964496912438399071e-16 2.766600064068585242e-18
1.819535937500000000e+04 1.746329944936559145e-16 3.579405725141513264e-18
1.820552148437500000e+04 2.351496604569334277e-16 4.731496264860469785e-18
1.821568359375000000e+04 2.531019414388370860e-16 3.559557526343303365e-18
1.822584570312500000e+04 2.678037070158727651e-16 3.588802496900115658e-18
1.823600585937500000e+04 2.293874276656604309e-16 2.645919789371080099e-18
1.824616796875000000e+04 2.101742984370993440e-16 2.878477482687301065e-18
1.825633007812500000e+04 2.269369348794741384e-16 4.662115250211665759e-18
1.826649023437500000e+04 2.083775827372953628e-16 3.470710056748982662e-18
1.827665234375000000e+04 1.910649175096871080e-16 3.667675409077965676e-18
1.828681445312500000e+04 1.789988934713801971e-16 4.155023342624301609e-18
1.829697656250000000e+04 1.918335999093203855e-16 5.976471742743618337e-18
1.830713671875000000e+04 2.231413802428276185e-16 6.047471136260882361e-18
1.831729882812500000e+04 2.077719277102289363e-16 5.530957641496539226e-18
1.832746093750000000e+04 1.817345187234359685e-16 4.884273628866870061e-18
1.833762304687500000e+04 1.207643063215731801e-16 4.502591814719589266e-18
1.834778320312500000e+04 1.203591863447692092e-16 8.374275605452120711e-18
1.835794531250000000e+04 1.746560893763583950e-16 1.050859183737981931e-17
1.836810742187500000e+04 2.304894969393770808e-16 9.489627745445147061e-18
1.837826953125000000e+04 2.023622988530301438e-16 9.800512825325239323e-18
1.838842968750000000e+04 1.664325773637114142e-16 7.397161889428956346e-18
1.839859179687500000e+04 2.601205358491250237e-16 1.208151547681880398e-17
1.840875390625000000e+04 2.923385192589060067e-16 9.645743196813505080e-18
1.841891601562500000e+04 2.130091059533226736e-16 6.631772495814252391e-18
1.842907617187500000e+04 2.427773244958564107e-16 5.975318239379413140e-18
1.843923828125000000e+04 1.939086982811954129e-16 5.007134765249371262e-18
1.844940039062500000e+04 1.933768542345483182e-16 5.808777417160743036e-18
1.845956054687500000e+04 1.286242956160602567e-16 5.004216058457977903e-18
1.846972265625000000e+04 1.782125027891933843e-16 8.043740850120831276e-18
1.847988476562500000e+04 2.125087609444015983e-16 9.472883128305236122e-18
1.849004687500000000e+04 1.967883323691742162e-16 7.120322736380934150e-18
1.850020703125000000e+04 2.378551101602432646e-16 5.793055195257947639e-18
1.851036914062500000e+04 1.779140824939638536e-16 5.036260621797975919e-18
1.852053125000000000e+04 9.192237786386612424e-17 5.649893392282170034e-18
1.853069335937500000e+04 1.892296353410034544e-16 6.449600441560167724e-18
1.854085351562500000e+04 2.044684198065983599e-16 7.301385955023891483e-18
1.855101562500000000e+04 7.089221737965675373e-17 7.757758869762260465e-18
1.856117773437500000e+04 1.403386951021382261e-16 6.962689408588541325e-18
1.857133984375000000e+04 1.534132839177187926e-16 7.421130274858292876e-18
1.858150000000000000e+04 1.272077256560060453e-16 7.318209981502607513e-18
1.859166210937500000e+04 2.027054266060069406e-16 7.347886740339172487e-18
1.860182421875000000e+04 1.841216163874761971e-16 5.132890620185501782e-18
1.861198632812500000e+04 1.599173719869987471e-16 4.637196020668199524e-18
1.862214648437500000e+04 1.439657960613995469e-16 3.990339954471119329e-18
1.863230859375000000e+04 1.302160822821879006e-16 4.365389848057256225e-18
1.864247070312500000e+04 1.656681963032634124e-16 4.831564439464072308e-18
1.865263085937500000e+04 1.564644157077369900e-16 4.687805412086031416e-18
1.866279296875000000e+04 1.110115094098830621e-16 4.857970526158602610e-18
1.867295507812500000e+04 1.412781208150922494e-16 6.973669404039570214e-18
1.868311718750000000e+04 1.504702414727041243e-16 9.750287245711632036e-18
1.869327734375000000e+04 1.234541123851384142e-16 1.269616443868551949e-17
1.870343945312500000e+04 9.166564747150926615e-17 1.402267345518679487e-17
1.871360156250000000e+04 1.631930469173781392e-16 1.380040837023257123e-17
1.872376367187500000e+04 5.330120918464685532e-17 8.320727241317887911e-18
1.873392382812500000e+04 2.754113069618576619e-16 1.414756449279250120e-17
1.874408593750000000e+04 1.426286354401504262e-16 8.280621389318254365e-18
1.875424804687500000e+04 7.830756069894962562e-17 7.799196482548104387e-18
1.876441015625000000e+04 1.756286420184839420e-16 4.836081672789224392e-18
1.877457031250000000e+04 1.421790329987258038e-16 3.003707871139307275e-18
1.878473242187500000e+04 1.300664221483199064e-16 2.480039470871533588e-18
1.879489453125000000e+04 1.204693535674714717e-16 2.784845600429973650e-18
1.880505664062500000e+04 1.727216514132867849e-16 2.703975253867961208e-18
1.881521679687500000e+04 1.455116047203590434e-16 2.423082709023276038e-18
1.882537890625000000e+04 1.143006243708552159e-16 2.203005723584408292e-18
1.883554101562500000e+04 1.486468839397310352e-16 3.481328160682019602e-18
1.884570117187500000e+04 1.719533660603475328e-16 2.990627250522699972e-18
1.885586328125000000e+04 1.863692580176848856e-16 1.544252422034554469e-18
1.886602539062500000e+04 1.508341877073376557e-16 2.373783158105421865e-18
1.887618750000000000e+04 1.323002068489071066e-16 2.024443692318658176e-18
1.888634765625000000e+04 7.313399595368366636e-17 1.405874101143594454e-18
1.889650976562500000e+04 7.841979918190572084e-17 2.896090846265545821e-18
1.890667187500000000e+04 1.010497402056824477e-16 3.082421137458934559e-18
1.891683398437500000e+04 9.917965027682256276e-17 2.346125133553792555e-18
1.892699414062500000e+04 1.441778984053479441e-16 3.503256718720800365e-18
1.893715625000000000e+04 1.631405176397585717e-16 4.133414903482578867e-18
1.894731835937500000e+04 1.348365543652315030e-16 2.900081165540501627e-18
1.895748046875000000e+04 1.174055162832444597e-16 2.710922743832794087e-18
1.896764062500000000e+04 5.303164425790562444e-17 2.456243139009608088e-18
1.897780273437500000e+04 6.725212637605590014e-17 3.505195216486318386e-18
1.898796484375000000e+04 1.460428399620752990e-16 6.496934197752289627e-18
1.899812695312500000e+04 1.726589048007409624e-16 5.883841989798398915e-18
1.900828710937500000e+04 1.643282828249357152e-16 4.910933246419147866e-18
1.901844921875000000e+04 1.172423300919999984e-16 4.472225187252155067e-18
1.902861132812500000e+04 1.346494130234475060e-16 6.371539820743844779e-18
1.903877148437500000e+04 1.193793677481429965e-16 5.413052144163843214e-18
1.904893359375000000e+04 1.331705199673210993e-16 6.231374065946734239e-18
1.905909570312500000e+04 1.787703136896297436e-16 5.402522962146655725e-18
1.906925781250000000e+04 1.241541057067052883e-16 3.824134140400533202e-18
1.907941796875000000e+04 1.170707265108421975e-16 3.032855854769297726e-18
1.908958007812500000e+04 1.034906178444284239e-16 2.862885334935829631e-18
1.909974218750000000e+04 3.700982084596597102e-17 2.649266975719775925e-18
1.910990429687500000e+04 1.751093578822578525e-16 6.857383526346253031e-18
1.912006445312500000e+04 1.548704849894616087e-16 5.686781511698972303e-18
1.913022656250000000e+04 1.300641325123843596e-16 4.840963692764512361e-18
1.914038867187500000e+04 1.695263519686679454e-16 3.645758845158066932e-18
1.915055078125000000e+04 1.502031481616332019e-16 2.501825547049802093e-18
1.916071093750000000e+04 1.452817808589673102e-16 3.263518477302159705e-18
1.917087304687500000e+04 1.304800256894862211e-16 2.786458602624452054e-18
1.918103515625000000e+04 1.095609853400447741e-16 2.759748527054808514e-18
1.919119726562500000e+04 1.205352103791204935e-16 2.158197970187870198e-18
1.920135742187500000e+04 1.452830778781677933e-16 3.159116083083932455e-18
1.921151953125000000e+04 1.481538710597596299e-16 2.978640783061347186e-18
1.922168164062500000e+04 1.100459646419070644e-16 1.976083404986357966e-18
1.923184179687500000e+04 1.210024019890904435e-16 2.611054333347123121e-18
1.924200390625000000e+04 1.107973887452400356e-16 1.888797652388537380e-18
1.925216601562500000e+04 1.155622931806802971e-16 2.134820812101355944e-18
1.926232812500000000e+04 1.060294733723700811e-16 1.443776860979269580e-18
1.927248828125000000e+04 1.116952039646601914e-16 1.153871459577783190e-18
1.928265039062500000e+04 2.259317284554874481e-17 1.134767619933294447e-18
1.929281250000000000e+04 1.138188743821043326e-16 2.370874170686226005e-18
1.930297460937500000e+04 6.924117149444581091e-17 1.556195669308901360e-18
1.931313476562500000e+04 1.147500547587124273e-16 1.585454805333703624e-18
1.932329687500000000e+04 1.018722025800214729e-16 1.863017741417709719e-18
1.933345898437500000e+04 2.417305307393930044e-17 7.673552917380127939e-19
1.934362109375000000e+04 1.128491540063961671e-16 2.566958162072533768e-18
1.935378125000000000e+04 7.366235922431313790e-17 1.113048338589489599e-18
1.936394335937500000e+04 5.375217812844341537e-17 1.060476357770799079e-18
1.937410546875000000e+04 1.170292880708757410e-16 1.782711532033458442e-18
1.938426757812500000e+04 7.618763575531912460e-17 2.209703198209097019e-18
1.939442773437500000e+04 1.122025105256165131e-16 1.212087190318346448e-18
1.940458984375000000e+04 1.329028972606581429e-16 1.233328361268095646e-18
1.941475195312500000e+04 1.082866639755700818e-16 1.833509107040646148e-18
1.942491210937500000e+04 1.108711864907695665e-16 1.994629828295562538e-18
1.943507421875000000e+04 9.301976860403817415e-17 1.027354598478103884e-18
1.944523632812500000e+04 8.268896435007560219e-17 1.434833487593922814e-18
1.945539843750000000e+04 1.043106185292644913e-16 1.658939359603806651e-18
1.946555859375000000e+04 1.119786423646351617e-16 9.058894327768624863e-19
1.947572070312500000e+04 8.714746785173642135e-17 1.143447639691119643e-18
1.948588281250000000e+04 1.137880900284275591e-16 1.650771571440304917e-18
1.949604492187500000e+04 1.084631512310643957e-16 1.954301051120845950e-18
1.950620507812500000e+04 1.006482135014594072e-16 2.190629033669083616e-18
1.951636718750000000e+04 7.518873906504498880e-17 8.296547614639620652e-19
1.952652929687500000e+04 8.018386440857100893e-17 1.232732481034327758e-18
1.953669140625000000e+04 1.099508785761328688e-16 2.179235861502084489e-18
1.954685156250000000e+04 1.212846227792037357e-16 1.346969432350351093e-18
1.955701367187500000e+04 1.309490569491384890e-16 2.124035824479736431e-18
1.956717578125000000e+04 1.522699482576030973e-16 2.893200056819826128e-18
1.957733789062500000e+04 1.392086208016029810e-16 2.391467866011499320e-18
1.958749804687500000e+04 1.457807494393490973e-16 2.244368269729663026e-18
1.959766015625000000e+04 1.473983706103679974e-16 2.185400218221982789e-18
1.960782226562500000e+04 1.165882883078216701e-16 1.770391503990093648e-18
1.961798437500000000e+04 1.272442804216359887e-16 2.061600025049080764e-18
1.962814453125000000e+04 1.242650537879058008e-16 1.139370156259116062e-18
1.963830664062500000e+04 1.203991160072983690e-16 9.848688444585787070e-19
1.964846875000000000e+04 1.262658647233286659e-16 1.520102160268032843e-18
1.965862890625000000e+04 1.275366920768959342e-16 1.711281384212207428e-18
1.966879101562500000e+04 1.471488797027322034e-16 1.577120030084042748e-18
1.967895312500000000e+04 1.231728842117601856e-16 1.022609890484499717e-18
1.968911523437500000e+04 1.441982933705310515e-16 2.072867052172665554e-18
1.969927539062500000e+04 1.452028876808644526e-16 1.548467837833701268e-18
1.970943750000000000e+04 1.375512684914019339e-16 1.711514235554641106e-18
1.971959960937500000e+04 1.468031049717952370e-16 2.518255835556942881e-18
1.972976171875000000e+04 1.500879913854760196e-16 1.770314576193126216e-18
1.973992187500000000e+04 1.524737920303157650e-16 1.588919864919688257e-18
1.975008398437500000e+04 1.468089812628668137e-16 1.712426925963016803e-18
1.976024609375000000e+04 1.007109534965603293e-16 7.878633221710985863e-19
1.977040820312500000e+04 1.583538021059265120e-16 1.349246557179133009e-18
1.978056835937500000e+04 1.344051101926136446e-16 1.663589252019696926e-18
1.979073046875000000e+04 1.416414714796847426e-16 1.645317556071436529e-18
1.980089257812500000e+04 1.599518753447095589e-16 1.856239203092990795e-18
1.981105468750000000e+04 1.475376942953015289e-16 1.160609259257333877e-18
1.982121484375000000e+04 1.461112511074558846e-16 1.054305487003576924e-18
1.983137695312500000e+04 1.494804437691680719e-16 1.340160081547814569e-18
1.984153906250000000e+04 1.433712451068760324e-16 1.424445960256635031e-18
1.985169921875000000e+04 1.460166348802696191e-16 1.213433943753159346e-18
1.986186132812500000e+04 1.612633073401858303e-16 1.592749297565502498e-18
1.987202343750000000e+04 1.613084780190761260e-16 2.011156069753759477e-18
1.988218554687500000e+04 1.481283938968929966e-16 1.885786714958844359e-18
1.989234570312500000e+04 1.518535256849092019e-16 1.790417960210308724e-18
1.990250781250000000e+04 1.611521210309689025e-16 1.848351622361991400e-18
1.991266992187500000e+04 1.320123877004080555e-16 1.109229659291638547e-18
1.992283203125000000e+04 1.522541193294012826e-16 1.712027914715036536e-18
1.993299218750000000e+04 1.113517321045485726e-16 8.041545926365421817e-19
1.994315429687500000e+04 1.429688118127016338e-16 1.554734454756826436e-18
1.995331640625000000e+04 1.539775005048187625e-16 1.934186086575087699e-18
1.996347851562500000e+04 1.650152794847181562e-16 2.215725486658789337e-18
1.997363867187500000e+04 1.517059831334093434e-16 2.300305324677795832e-18
1.998380078125000000e+04 1.448808298724506066e-16 2.489851487297637602e-18
1.999396289062500000e+04 1.620207136137087850e-16 1.768345059154637457e-18
2.000412500000000000e+04 1.543058845905574141e-16 2.377369192855992378e-18
2.001428515625000000e+04 1.240373607437720042e-16 3.787018959905585127e-18
2.002444726562500000e+04 1.496554619518944917e-16 3.907851849426106303e-18
2.003460937500000000e+04 1.699842526859976998e-16 3.460295852836940044e-18
2.004476953125000000e+04 1.548878491648803218e-16 3.557044138052060990e-18
2.005493164062500000e+04 1.207996831820108479e-16 2.199054902183701894e-18
2.006509375000000000e+04 1.705427385658139024e-16 2.982472490453845948e-18
2.007525585937500000e+04 1.555470790258605828e-16 2.718381017825878462e-18
2.008541601562500000e+04 1.138066188741487469e-16 1.510704147738511619e-18
2.009557812500000000e+04 8.048305894485388925e-17 1.594130068803006640e-18
2.010574023437500000e+04 1.240465722270733947e-16 1.687299557097916912e-18
2.011590234375000000e+04 1.423850340584760098e-16 2.210618887147193221e-18
2.012606250000000000e+04 1.258251031882910102e-16 2.779906091402113245e-18
2.013622460937500000e+04 1.332858090923762901e-16 2.240190387250810822e-18
2.014638671875000000e+04 1.429279557078864146e-16 1.873168488304654198e-18
2.015654882812500000e+04 1.246365174399462141e-16 2.202740405402931909e-18
2.016670898437500000e+04 1.225548677976197667e-16 2.555235772021738537e-18
2.017687109375000000e+04 1.258567875144742413e-16 1.825299753051363625e-18
2.018703320312500000e+04 1.304563087669631007e-16 1.769544884633145624e-18
2.019719531250000000e+04 1.308440513334585575e-16 1.904394142838224716e-18
2.020735546875000000e+04 1.202690302754458296e-16 1.308258413658635089e-18
2.021751757812500000e+04 1.221748544067680054e-16 1.626868016291477231e-18
2.022767968750000000e+04 9.212647971692990850e-17 8.150904890211643378e-19
2.023783984375000000e+04 1.171612002175207974e-16 1.149600726075171908e-18
2.024800195312500000e+04 6.714521493624464642e-17 5.468629582340668591e-19
2.025816406250000000e+04 6.542500351693446964e-17 5.273069609872413170e-19
2.026832617187500000e+04 1.025672923749171327e-16 1.207192245645987338e-18
2.027848632812500000e+04 9.096227925304317566e-17 9.227421003842881648e-19
2.028864843750000000e+04 7.828659663350508169e-17 4.658908684567103947e-19
2.029881054687500000e+04 8.304131682124359028e-17 6.192790019479045125e-19
2.030897265625000000e+04 5.110060766151283240e-17 4.391738652494367230e-19
2.031913281250000000e+04 1.138382105561033721e-16 1.425726746037596825e-18
2.032929492187500000e+04 1.048531828366502732e-16 8.340813151144630237e-19
2.033945703125000000e+04 1.005440747710614313e-16 9.287581849793863351e-19
2.034961914062500000e+04 1.023116803307484463e-16 1.218776703329639352e-18
2.035977929687500000e+04 9.000220711199982877e-17 9.830155462961536485e-19
2.036994140625000000e+04 9.050736300336351256e-17 1.434857062241380576e-18
2.038010351562500000e+04 9.309482366409878567e-17 1.358861601221872833e-18
2.039026562500000000e+04 7.768117983445507052e-17 5.275082243700331256e-19
2.040042578125000000e+04 8.443462646247281052e-17 1.360127290956655535e-18
2.041058789062500000e+04 8.783966582321059576e-17 1.261695589797412608e-18
2.042075000000000000e+04 8.441811593744625209e-17 1.369520443800078009e-18
2.043091015625000000e+04 6.472480505457568235e-17 3.074455853449143463e-19
2.044107226562500000e+04 5.548221976215317233e-17 5.043618496744211669e-19
2.045123437500000000e+04 7.827023830971123301e-17 4.860272879996067394e-19
2.046139648437500000e+04 5.046310618086311439e-17 5.287496156743220819e-19
2.047155664062500000e+04 7.587394239725941481e-17 1.097107120619520788e-18
2.048171875000000000e+04 6.687318501127800753e-17 4.866453470135487048e-19
2.049188085937500000e+04 6.487351889382291588e-17 7.496856281793261469e-19
2.050204296875000000e+04 5.608459915399388877e-17 5.950792127422062731e-19
2.051220312500000000e+04 6.552841432839339895e-17 1.303299052296073411e-18
2.052236523437500000e+04 7.143101636089419426e-17 1.183635175776242801e-18
2.053252734375000000e+04 8.524957141940495381e-17 7.594783609574000188e-19
2.054268945312500000e+04 5.759660590440201827e-17 6.151637784004531998e-19
2.055284960937500000e+04 6.214202954482990959e-17 6.424073337664051582e-19
2.056301171875000000e+04 6.238542578571241288e-17 8.205705605793281462e-19
2.057317382812500000e+04 6.804236179372985939e-17 9.008286383916864939e-19
2.058333593750000000e+04 6.789207962004122532e-17 6.604568283226184986e-19
2.059349609375000000e+04 6.760111056776957231e-17 9.608193953292119804e-19
2.060365820312500000e+04 3.862500017981661455e-17 3.744766832710317896e-19
2.061382031250000000e+04 5.628963406678863285e-17 4.272636535008036695e-19
2.062398046875000000e+04 3.458424935727467606e-17 5.134071213714768091e-19
2.063414257812500000e+04 2.342502702856269709e-17 6.175425947457908537e-19
2.064430468750000000e+04 3.867075319385814762e-17 3.873105455711568677e-19
2.065446679687500000e+04 2.194262672663906556e-17 5.131927264964607213e-19
2.066462695312500000e+04 2.975923536108141117e-17 5.159416027683392859e-19
2.067478906250000000e+04 5.701829415966414472e-17 1.400362700119730199e-18
2.068495117187500000e+04 6.293931915876772106e-17 1.224317572662825808e-18
2.069511328125000000e+04 5.051456674113126335e-17 3.802069769644928888e-19
2.070527343750000000e+04 6.389741268378584110e-17 3.356674110321809714e-19
2.071543554687500000e+04 5.655768028992521636e-17 4.501890158764991160e-19
2.072559765625000000e+04 7.799182255041568475e-17 7.551641487738414184e-19
2.073575976562500000e+04 6.734737126050770596e-17 1.081148428459111794e-18
2.074591992187500000e+04 6.004161282876585917e-17 1.124374405729295361e-18
2.075608203125000000e+04 2.378594081907060902e-17 5.453990553450011383e-19
2.076624414062500000e+04 5.249935684245020135e-17 4.221579845673966753e-19
2.077640625000000000e+04 3.587635179619680825e-17 4.744492409657020110e-19
2.078656640625000000e+04 5.692527273669888144e-17 6.335317374924994559e-19
2.079672851562500000e+04 2.281656620485849078e-17 3.449556153353857809e-19
2.080689062500000000e+04 3.874056392883517294e-17 3.072156808334128892e-19
2.081705078125000000e+04 4.847103358143125954e-17 3.944377146746727501e-19
2.082721289062500000e+04 6.041322206459408175e-17 3.875425438835838496e-19
2.083737500000000000e+04 5.617411994860682764e-17 3.911635787138230129e-19
2.084753710937500000e+04 5.121795481193205512e-17 3.613982857023207227e-19
2.085769726562500000e+04 6.073376447812573061e-17 3.607778226947235251e-19
2.086785937500000000e+04 6.834966270001575938e-17 2.993954377741541387e-19
2.087802148437500000e+04 7.458860298702551616e-17 6.016508008174220860e-19
2.088818359375000000e+04 6.526759435508807869e-17 7.890249939438527445e-19
2.089834375000000000e+04 5.921791299223045464e-17 3.827843942050256962e-19
2.090850585937500000e+04 7.515983406571993580e-17 3.197618135273402250e-19
2.091866796875000000e+04 7.589900927854222176e-17 1.209104480427056799e-18
2.092883007812500000e+04 7.749546786076956517e-17 8.817889052446706103e-19
2.093899023437500000e+04 7.717865106871685515e-17 9.295236372387275931e-19
2.094915234375000000e+04 7.894740144637164359e-17 9.251509537256191505e-19
2.095931445312500000e+04 8.550134534553139416e-17 1.135919882526580814e-18
2.096947656250000000e+04 2.635844274560847318e-17 2.665402374338541560e-19
2.097963671875000000e+04 8.465675423544535036e-17 8.932768929893836277e-19
2.098979882812500000e+04 2.875542852669116061e-17 2.915003348694593392e-19
2.099996093750000000e+04 4.387305419360419906e-17 4.516298611059899211e-19
2.101012109375000000e+04 8.490718482025700459e-17 1.259283427733631410e-18
2.102028320312500000e+04 9.565355799652131724e-17 1.181985984429965202e-18
2.103044531250000000e+04 8.111405878588894046e-17 1.013713356201338766e-18
2.104060742187500000e+04 8.581181600792459735e-17 9.702936118726646520e-19
2.105076757812500000e+04 9.586199427599487936e-17 9.814686151531029176e-19
2.106092968750000000e+04 8.485207473912627168e-17 1.146584825561803569e-18
2.107109179687500000e+04 5.649269036355815008e-17 6.383350719120183184e-19
2.108125390625000000e+04 4.547709305896497842e-17 2.842846315910061406e-19
2.109141406250000000e+04 8.561873220062001942e-17 1.314848975189151337e-18
2.110157617187500000e+04 7.926550864017993634e-17 1.499525215350163726e-18
2.111173828125000000e+04 9.042668973258244087e-17 9.533395112426246585e-19
2.112190039062500000e+04 8.510005025187986853e-17 1.153513186974971160e-18
2.113206054687500000e+04 9.035643893751953734e-17 1.149227254028604216e-18
2.114222265625000000e+04 8.791846635708484739e-17 1.376061374493841076e-18
2.115238476562500000e+04 9.224175560709529844e-17 9.842771001278735848e-19
2.116254687500000000e+04 7.787887600085524414e-17 8.253956601887148103e-19
2.117270703125000000e+04 2.489003337656556355e-17 2.600340224764241745e-19
2.118286914062500000e+04 6.558079140478025666e-17 4.707826595029841467e-19
2.119303125000000000e+04 8.135746164421634417e-17 1.210515030166612850e-18
2.120319140625000000e+04 8.732431906670025867e-17 1.021605900016013479e-18
2.121335351562500000e+04 2.957457886985752349e-17 2.602177082711992312e-19
2.122351562500000000e+04 6.171484038928302398e-17 5.999689358369486425e-19
2.123367773437500000e+04 8.598275784459235584e-17 1.234325837689258028e-18
2.124383789062500000e+04 8.548039451497665107e-17 7.062582841287742021e-19
2.125400000000000000e+04 7.531010300451876902e-17 5.981992346151797244e-19
2.126416210937500000e+04 3.419503110056642463e-17 2.755075473581766753e-19
2.127432421875000000e+04 2.927844490184108937e-17 2.579556019404139811e-19
2.128448437500000000e+04 9.168050363531071853e-17 1.021235840089472569e-18
2.129464648437500000e+04 8.517587293554892925e-17 1.086823921436991255e-18
2.130480859375000000e+04 8.953739116474913103e-17 9.668468536577327548e-19
2.131497070312500000e+04 3.527727781808385370e-17 2.739127948359627225e-19
2.132513085937500000e+04 6.741399569576517702e-17 3.802024274711238472e-19
2.133529296875000000e+04 8.570604938608111702e-17 7.754612481507261886e-19
2.134545507812500000e+04 9.627275231585401163e-17 1.178208560765165232e-18
2.135561718750000000e+04 1.039138299155901546e-16 1.444147334496116768e-18
2.136577734375000000e+04 9.774617936249266792e-17 1.721383017250281571e-18
2.137593945312500000e+04 8.543076367822346941e-17 1.258761786959840157e-18
2.138610156250000000e+04 8.610773490898176769e-17 1.028973287539293590e-18
2.139626171875000000e+04 9.247566243199059339e-17 1.084310119555442604e-18
2.140642382812500000e+04 1.223875390858676399e-16 1.912265593547279328e-18
2.141658593750000000e+04 9.503790401021034980e-17 1.063004531915490839e-18
2.142674804687500000e+04 8.767080186424157048e-17 8.798521652379542651e-19
2.143690820312500000e+04 3.695157740467488723e-17 2.511112769076029496e-19
2.144707031250000000e+04 6.129401059828544604e-17 4.929302653077266090e-19
2.145723242187500000e+04 9.995589641597702520e-17 1.205346702301804964e-18
2.146739453125000000e+04 9.571161284063273893e-17 1.152424410493698237e-18
2.147755468750000000e+04 9.593889560318270924e-17 1.140959480408560135e-18
2.148771679687500000e+04 8.913583137330158843e-17 1.166403245857961559e-18
2.149787890625000000e+04 8.164487712857646938e-17 1.295144188829642819e-18
2.150804101562500000e+04 1.042744277231040712e-16 1.257988166291949938e-18
2.151820117187500000e+04 1.055620435343837158e-16 1.344378289081528733e-18
2.152836328125000000e+04 1.073827143847272327e-16 1.292649618897336026e-18
2.153852539062500000e+04 1.003511894871038661e-16 1.038404387293316935e-18
2.154868750000000000e+04 2.653531215854578666e-17 3.059931595868477989e-19
2.155884765625000000e+04 1.104497942169554525e-16 1.153660528521582168e-18
2.156900976562500000e+04 9.982986056040354548e-17 1.342340943232810626e-18
2.157917187500000000e+04 1.104015993657456629e-16 1.711989347418976251e-18
2.158933203125000000e+04 6.512612661800680968e-17 3.810522004541572294e-19
2.159949414062500000e+04 1.121638117078388322e-16 1.280803772140117254e-18
2.160965625000000000e+04 1.081209499203736584e-16 1.411834144252192156e-18
2.161981835937500000e+04 1.152330620619943912e-16 1.327154941162102729e-18
2.162997851562500000e+04 1.063232018991652110e-16 1.332841704475828225e-18
2.164014062500000000e+04 1.032347808071331231e-16 1.428559736238014376e-18
2.165030273437500000e+04 1.103940554785591793e-16 1.164844113800875671e-18
2.166046484375000000e+04 1.092228206707432955e-16 1.316270174879094007e-18
2.167062500000000000e+04 9.972043449153013056e-17 1.111297921015750823e-18
2.168078710937500000e+04 9.565556308232614578e-17 1.311241640537807583e-18
2.169094921875000000e+04 6.694745921284036899e-17 4.968024528514521853e-19
2.170111132812500000e+04 1.110165982250114884e-16 1.400077839796282250e-18
2.171127148437500000e+04 1.088572465446642598e-16 1.404833197740273037e-18
2.172143359375000000e+04 1.108501893381005205e-16 1.316999334589059501e-18
2.173159570312500000e+04 1.015369760562557827e-16 9.915795539730682823e-19
2.174175781250000000e+04 9.842635343658277152e-17 1.153191930704570878e-18
2.175191796875000000e+04 9.901911106353827115e-17 1.343977416677170222e-18
2.176208007812500000e+04 8.090566882852968131e-17 1.172871074465090252e-18
2.177224218750000000e+04 8.367248209840115209e-17 4.175365523344570519e-19
2.178240234375000000e+04 8.044346677201465114e-17 9.329727735979205802e-19
2.179256445312500000e+04 5.654769456557047621e-17 5.045454320716196545e-19
2.180272656250000000e+04 4.230254923027631944e-17 3.053395318065660533e-19
2.181288867187500000e+04 9.463194361790402509e-17 8.722473768788714360e-19
2.182304882812500000e+04 8.032346602619035831e-17 9.120411749924193532e-19
2.183321093750000000e+04 5.699534486074947352e-17 3.730245677056949495e-19
2.184337304687500000e+04 7.687696175570651489e-17 5.117161574042652823e-19
2.185353515625000000e+04 4.698255184764413815e-17 3.734771905971263093e-19
2.186369531250000000e+04 7.088043832773399861e-17 9.715207343113870685e-19
2.187385742187500000e+04 6.906983261108402697e-17 4.762666601690575820e-19
2.188401953125000000e+04 6.435330169786586656e-17 6.859698701483212386e-19
2.189418164062500000e+04 6.015758355064579365e-17 3.504201514076700777e-19
2.190434179687500000e+04 3.232018653754558486e-17 3.802300863228560890e-19
2.191450390625000000e+04 3.892009190026123186e-17 2.817293414318591267e-19
2.192466601562500000e+04 5.172275666999356621e-17 3.633474592676195056e-19
2.193482812500000000e+04 5.208310632332371697e-17 3.480151496260662920e-19
2.194498828125000000e+04 6.744530282758908401e-17 8.723116901714974339e-19
2.195515039062500000e+04 3.970356428924695755e-17 3.141449728247696020e-19
2.196531250000000000e+04 3.134941067937580179e-17 2.881247400366011447e-19
2.197547265625000000e+04 4.828662855311358798e-17 4.923793113209780080e-19
2.198563476562500000e+04 4.161147622443521715e-17 4.519429489678412421e-19
2.199579687500000000e+04 2.989732158381856340e-17 3.625581221680907789e-19
2.200595898437500000e+04 3.825332146081693752e-17 4.256986794806416257e-19
2.201611914062500000e+04 4.375467803050296037e-17 3.699138774640068621e-19
2.202628125000000000e+04 2.902719044513933232e-17 3.260799224435968195e-19
2.203644335937500000e+04 4.403990975804594559e-17 4.222026781698686810e-19
2.204660546875000000e+04 5.455657818692673266e-17 2.999152432409612898e-19
2.205676562500000000e+04 5.952507493217344572e-17 4.860151387843598668e-19
2.206692773437500000e+04 4.703773141194632552e-17 2.975303781373943418e-19
2.207708984375000000e+04 6.716690692062823702e-17 5.700117627727281922e-19
2.208725195312500000e+04 5.981957108257702485e-17 1.148654534851987814e-18
2.209741210937500000e+04 6.289295072235044854e-17 4.936059167718175789e-19
2.210757421875000000e+04 5.124468928932976897e-17 5.313497028335176707e-19
2.211773632812500000e+04 2.106365633593409282e-17 3.173182702990702967e-19
2.212789843750000000e+04 2.781253196388686478e-17 3.205393891525342133e-19
2.213805859375000000e+04 7.947697570941789275e-17 1.255336949031140915e-18
2.214822070312500000e+04 3.838109439567677860e-17 3.475359535574566662e-19
2.215838281250000000e+04 7.043247701264468137e-17 5.454731397086129189e-19
2.216854492187500000e+04 7.271954537957009738e-17 1.370821288710894215e-18
2.217870507812500000e+04 7.511506043352366552e-17 4.302491551266606846e-19
2.218886718750000000e+04 2.746526003604117739e-17 3.787625903680045911e-19
2.219902929687500000e+04 6.171512493941374222e-17 5.158294680965500661e-19
2.220918945312500000e+04 6.671123628222992556e-17 4.726921542482745265e-19
2.221935156250000000e+04 7.718452074234353143e-17 1.140745654220215178e-18
2.222951367187500000e+04 6.798943546941626647e-17 5.652602305390704630e-19
2.223967578125000000e+04 6.084935800564634091e-17 3.010572177753790290e-19
2.224983593750000000e+04 6.595553069204637990e-17 7.828217597351644517e-19
2.225999804687500000e+04 8.468661214683606444e-17 4.586285328712245191e-19
2.227016015625000000e+04 6.994416251855257722e-17 6.175643082368703707e-19
2.228032226562500000e+04 7.636447373539316107e-17 5.656948105533905099e-19
2.229048242187500000e+04 6.196951275627585014e-17 3.535066207670468468e-19
2.230064453125000000e+04 6.779115035041995510e-17 4.622980611648746036e-19
2.231080664062500000e+04 8.610124981297935195e-17 1.271840960010375492e-18
2.232096875000000000e+04 1.041342702401130862e-16 6.299564560898921320e-19
2.233112890625000000e+04 9.213726615211759998e-17 9.688180250574466197e-19
2.234129101562500000e+04 3.625589534846063947e-17 3.003465920810135514e-19
2.235145312500000000e+04 5.878525120975091819e-17 3.131275665207235203e-19
2.236161523437500000e+04 7.918810438717967422e-17 1.158987054678540820e-18
2.237177539062500000e+04 8.158890016216378089e-17 8.535452368193537568e-19
2.238193750000000000e+04 9.793437287801583235e-17 5.642206713042444455e-19
2.239209960937500000e+04 7.955436672752835402e-17 5.762952851996224133e-19
2.240225976562500000e+04 1.044348941444944582e-16 6.461228739816285049e-19
2.241242187500000000e+04 9.533647650667259024e-17 1.251326157036024422e-18
2.242258398437500000e+04 9.489979131769359587e-17 1.258559748095224080e-18
2.243274609375000000e+04 7.939692447845746095e-17 4.388366857522447951e-19
2.244290625000000000e+04 5.422396886261916023e-17 3.885529450018173730e-19
2.245306835937500000e+04 8.014129438552657992e-17 6.506843614695521760e-19
2.246323046875000000e+04 6.723663493754400704e-17 2.929183033851342246e-19
2.247339257812500000e+04 6.965290891615020597e-17 4.329088509887483760e-19
2.248355273437500000e+04 1.080259962034974713e-16 1.093715886903206513e-18
2.249371484375000000e+04 5.787214307516588200e-17 4.781721224088617658e-19
2.250387695312500000e+04 9.240046178814217254e-17 1.185162771572475105e-18
2.251403906250000000e+04 5.390742007708491739e-17 3.435071962334112871e-19
2.252419921875000000e+04 6.991268995060615963e-17 4.478108199166208769e-19
2.253436132812500000e+04 4.809827291019036315e-17 3.577845145518355408e-19
2.254452343750000000e+04 1.086361643279859870e-16 1.276227085208437921e-18
2.255468554687500000e+04 8.875486507038416600e-17 5.522459911666205404e-19
2.256484570312500000e+04 9.808079046388261868e-17 9.951088234541023440e-19
2.257500781250000000e+04 4.357927934469476617e-17 3.452805422197542671e-19
2.258516992187500000e+04 1.037872381946450392e-16 1.046948439237953727e-18
2.259533007812500000e+04 7.317922618957806592e-17 4.336864007645482220e-19
2.260549218750000000e+04 7.017260995140502220e-17 3.774357926654695347e-19
2.261565429687500000e+04 1.062403316366771985e-16 1.163027108187826377e-18
2.262581640625000000e+04 1.000797220449537632e-16 1.430036563824151238e-18
2.263597656250000000e+04 9.932578993000353127e-17 1.349601934649801103e-18
2.264613867187500000e+04 1.118621356297182928e-16 8.196139262009105697e-19
2.265630078125000000e+04 1.085061315356926511e-16 1.352122974361709593e-18
2.266646289062500000e+04 1.189700523112721567e-16 1.344166944435021435e-18
2.267662304687500000e+04 1.070006892906257424e-16 1.132910909650842607e-18
2.268678515625000000e+04 2.949330010286806299e-17 3.121026638923761767e-19
2.269694726562500000e+04 1.036523812850192940e-16 1.308386936846310515e-18
2.270710937500000000e+04 4.263833161941364528e-17 3.671640706139391753e-19
2.271726953125000000e+04 1.176802196559508700e-16 9.016340021155834355e-19
2.272743164062500000e+04 1.076819949477938185e-16 1.475594880229004636e-18
2.273759375000000000e+04 9.545848895574661204e-17 1.366850821770639682e-18
2.274775585937500000e+04 1.103126807586186627e-16 1.332708424999630619e-18
2.275791601562500000e+04 1.024132448750801573e-16 1.560964572335422702e-18
2.276807812500000000e+04 1.105181391878870339e-16 1.421513811780287686e-18
2.277824023437500000e+04 9.872965740614881528e-17 9.438835960702247226e-19
2.278840039062500000e+04 1.011747106526269591e-16 1.225893351729739326e-18
2.279856250000000000e+04 5.877012373070854842e-17 9.611522321281880049e-19
2.280872460937500000e+04 1.099800879779233413e-16 1.364612677828224327e-18
2.281888671875000000e+04 9.195892601205116722e-17 1.422082395053841324e-18
2.282904687500000000e+04 9.369273628063171577e-17 1.056754045014310455e-18
2.283920898437500000e+04 8.517278920622533157e-17 1.430596978689155914e-18
2.284937109375000000e+04 7.935156851110995333e-17 1.072031657337858600e-18
2.285953320312500000e+04 8.902215690480210115e-17 1.165059801145598873e-18
2.286969335937500000e+04 8.488799423004577435e-17 1.019977491582626275e-18
2.287985546875000000e+04 8.269952579213667924e-17 1.111533667490328436e-18
2.289001757812500000e+04 7.924541146001734798e-17 9.912513700650378685e-19
2.290017968750000000e+04 6.841068215944257113e-17 7.638558007590306412e-19
2.291033984375000000e+04 8.321090869915166222e-17 1.136002600587836117e-18
2.292050195312500000e+04 5.880602336929334983e-17 8.746163187556467382e-19
2.293066406250000000e+04 7.496267391235669655e-17 9.505170675950171589e-19
2.294082617187500000e+04 4.660089733045707160e-17 2.292994288833745896e-19
2.295098632812500000e+04 5.019356772390148522e-17 5.697489261330894677e-19
2.296114843750000000e+04 6.666658176404186291e-17 8.737764202411757077e-19
2.297131054687500000e+04 6.824902459797010782e-17 4.962963217141463015e-19
2.298147070312500000e+04 6.165399298342362326e-17 9.323435993444974335e-19
2.299163281250000000e+04 4.732063379888436141e-17 3.685782392686751452e-19
2.300179492187500000e+04 1.950654342672344672e-17 2.826934979839721073e-19
2.301195703125000000e+04 5.622377725513961100e-17 7.782013873273846619e-19
2.302211718750000000e+04 6.893864176593311678e-17 8.936252394248450215e-19
2.303227929687500000e+04 4.870258790466445368e-17 4.355195363995423004e-19
2.304244140625000000e+04 3.505705586924263604e-17 2.860027891208553482e-19
2.305260351562500000e+04 4.882376655568102203e-17 4.538890464552370934e-19
2.306276367187500000e+04 4.964711897635915429e-17 6.814671641826771170e-19
2.307292578125000000e+04 5.716066848669677184e-17 9.680470927265471979e-19
2.308308789062500000e+04 5.214587609692669093e-17 9.012418151076567312e-19
2.309325000000000000e+04 4.998612406116298673e-17 8.310504219524921612e-19
2.310341015625000000e+04 4.537177973209717715e-17 8.651442735613020183e-19
2.311357226562500000e+04 3.373631643751391802e-17 1.990518766500568132e-19
2.312373437500000000e+04 2.888335035406126123e-17 2.111126740442657312e-19
2.313389648437500000e+04 5.341968130069915015e-17 3.661771148961927019e-19
2.314405664062500000e+04 2.230054777769076063e-17 2.118829859897057383e-19
2.315421875000000000e+04 4.948811170156931089e-17 4.376963138802638773e-19
2.316438085937500000e+04 3.389558179265487797e-17 4.441442901526912972e-19
2.317454101562500000e+04 3.262829146338688639e-17 2.721392679038607466e-19
2.318470312500000000e+04 3.590801957876778837e-17 7.551142594431468139e-19
2.319486523437500000e+04 7.708588772610270841e-18 2.023023345658722200e-19
2.320502734375000000e+04 3.848471696537252148e-17 2.941768845365277985e-19
2.321518750000000000e+04 3.252793460274950286e-17 6.480614751447230944e-19
2.322534960937500000e+04 3.179217730021828602e-17 7.720043052745022323e-19
2.323551171875000000e+04 1.486798917548943512e-17 1.541051439859127391e-19
2.324567382812500000e+04 4.189711823356202867e-17 2.662487338161116406e-19
2.325583398437500000e+04 4.390526129793456374e-17 2.741006423831946866e-19
2.326599609375000000e+04 2.213663035878480245e-17 2.013260546479065091e-19
2.327615820312500000e+04 3.357924145663499849e-17 2.204655793810086729e-19
2.328632031250000000e+04 3.417039104447969504e-17 2.428800543308760557e-19
2.329648046875000000e+04 2.211615598426288991e-17 2.142713019873906808e-19
2.330664257812500000e+04 3.360547962566518053e-17 1.909787231185099745e-19
2.331680468750000000e+04 2.567995942869042797e-17 2.016444287108599268e-19
2.332696679687500000e+04 2.222655647189789230e-17 1.879096245519968190e-19
2.333712695312500000e+04 2.744561780521549319e-17 2.038025429290107760e-19
2.334728906250000000e+04 3.715112314692472942e-17 3.056182399742081391e-19
2.335745117187500000e+04 2.396557797833752493e-17 2.202167789623892075e-19
2.336761132812500000e+04 6.014005063038211968e-18 1.634050709893610735e-19
2.337777343750000000e+04 3.928907318328337346e-18 1.737862523003869265e-19
2.338793554687500000e+04 3.892714278780263386e-17 2.742467173094927229e-19
2.339809765625000000e+04 3.042952628121273120e-17 2.347074581800638577e-19
2.340825781250000000e+04 3.625034000346673334e-17 5.767819775925333009e-19
2.341841992187500000e+04 3.782248278440746795e-17 2.354660345005632687e-19
2.342858203125000000e+04 1.622042285956873495e-17 2.581440957224995023e-19
2.343874414062500000e+04 3.066963696070217386e-17 4.618124027477294072e-19
2.344890429687500000e+04 6.201183214359467559e-18 1.462632262096656850e-19
2.345906640625000000e+04 -2.884108928297562077e-18 2.102905082141763063e-19
2.346922851562500000e+04 1.773655062378860363e-17 2.640018010796879100e-19
2.347939062500000000e+04 4.758930537056403501e-17 5.880416117893933982e-19
2.348955078125000000e+04 1.015297779305653463e-17 2.404686418995249841e-19
2.349971289062500000e+04 2.517880543713027573e-17 2.123237698586199329e-19
2.350987500000000000e+04 3.706596655722362032e-17 3.371520968341370869e-19
2.352003710937500000e+04 3.226165192867888241e-17 6.248319687975495564e-19
2.353019726562500000e+04 1.453406628836912849e-17 1.773423405278436059e-19
2.354035937500000000e+04 6.198082196961067513e-17 1.235901926948901253e-18
2.355052148437500000e+04 2.873150646337612705e-17 5.973981101919221171e-19
2.356068164062500000e+04 6.992299992976102056e-17 1.140213156700884166e-18
2.357084375000000000e+04 7.859315638596213417e-17 1.004084560280915247e-18
2.358100585937500000e+04 4.301006989541742613e-17 6.654456062957140931e-19
2.359116796875000000e+04 7.037612946931756912e-17 1.139927882787129941e-18
2.360132812500000000e+04 -6.264833935314810485e-18 1.725560796331557207e-19
2.361149023437500000e+04 4.228347113662839641e-17 1.010401118233523305e-18
2.362165234375000000e+04 9.042390378827936228e-17 6.978807539812019915e-19
2.363181445312500000e+04 3.141517484679621770e-17 7.600187166925502841e-19
2.364197460937500000e+04 5.906568528974109585e-17 6.330987084418279459e-19
2.365213671875000000e+04 4.378537635739602834e-17 9.028201791139844772e-19
2.366229882812500000e+04 5.052685202758890092e-17 1.222551955645331370e-18
2.367246093750000000e+04 3.308657930124331563e-17 3.994667401544478778e-19
2.368262109375000000e+04 1.017456174765212580e-16 1.180469865764732071e-18
2.369278320312500000e+04 4.574580102659160435e-17 1.119253123761826429e-18
2.370294531250000000e+04 6.330313304450324390e-17 1.326912990832930969e-18
2.371310742187500000e+04 8.183966161922045634e-17 1.518090146825574172e-18
2.372326757812500000e+04 4.780437894727272263e-17 3.996842111073668972e-19
2.373342968750000000e+04 5.213835206207490859e-17 1.224410216891431747e-18
2.374359179687500000e+04 4.421564097046038611e-18 1.688463684563114587e-19
2.375375195312500000e+04 5.113711610502847283e-18 1.760819369941630011e-19
2.376391406250000000e+04 4.400963494762650478e-17 6.392613591017128557e-19
2.377407617187500000e+04 6.824185128769804797e-17 1.437830156158049295e-18
2.378423828125000000e+04 8.025004547502015157e-17 1.370471701504513991e-18
2.379439843750000000e+04 8.037596883403032408e-17 1.512146130341344684e-18
2.380456054687500000e+04 8.297362697735715092e-17 1.352592502756910006e-18
2.381472265625000000e+04 4.178432719395674803e-17 9.597118004890034763e-19
2.382488476562500000e+04 5.053112358827212475e-17 1.310754637952166988e-18
2.383504492187500000e+04 4.373620212434097595e-17 3.745598149225933689e-19
2.384520703125000000e+04 4.275767723819279612e-17 3.866554185260148697e-19
2.385536914062500000e+04 2.770340698875641916e-17 2.188374811403511761e-19
2.386553125000000000e+04 3.887794539369042999e-17 1.038535495420406590e-18
2.387569140625000000e+04 3.755597180848778286e-17 3.184603999298528897e-19
2.388585351562500000e+04 1.539704992481141137e-16 2.944154796143398909e-18
2.389601562500000000e+04 7.105294519012070743e-18 1.913752269752584399e-19
2.390617773437500000e+04 3.259170030180999066e-17 6.029278125868391071e-19
2.391633789062500000e+04 1.107759416063177607e-16 1.963956316820871165e-18
2.392650000000000000e+04 5.024799289948502423e-17 1.474168510660233508e-18
2.393666210937500000e+04 3.336607039533518284e-17 5.705510845321127663e-19
2.394682226562500000e+04 1.275314510605347982e-16 1.988882784194697240e-18
2.395698437500000000e+04 1.057101353338103095e-16 1.776867707800924440e-18
2.396714648437500000e+04 1.056156713078567537e-16 1.736394587609317349e-18
2.397730859375000000e+04 9.914758875628000741e-17 2.097461820120857864e-18
2.398746875000000000e+04 6.452355532026398093e-17 1.466189836664276711e-18
2.399763085937500000e+04 4.503438599512659801e-17 7.659800005720668163e-19
2.400779296875000000e+04 7.704327138094397643e-17 1.630302366797220832e-18
2.401795507812500000e+04 1.611275868540005797e-17 1.960072316104022566e-19
2.402811523437500000e+04 3.630816654572909040e-17 8.817099094961717961e-19
2.403827734375000000e+04 1.275509857578808505e-16 2.473860431695762471e-18
2.404843945312500000e+04 3.629263540254779475e-17 9.594488604517881827e-19
2.405860156250000000e+04 1.166316855114786521e-16 1.934511168555821039e-18
2.406876171875000000e+04 7.407410657218488359e-18 2.146283596686780237e-19
2.407892382812500000e+04 6.017700492424792619e-18 1.924627239115213196e-19
2.408908593750000000e+04 3.258687949320003161e-17 1.055078280490854590e-18
2.409924804687500000e+04 5.542824126410041195e-17 1.541882446182013476e-18
2.410940820312500000e+04 7.898449884248342177e-17 1.925958948202635286e-18
2.411957031250000000e+04 2.935013829989228538e-17 2.438417551905455195e-19
2.412973242187500000e+04 4.477431379309502568e-17 7.044966479179776759e-19
2.413989257812500000e+04 7.584662558471046362e-17 1.615299275039463724e-18
2.415005468750000000e+04 7.027231499371971394e-17 1.272113205829482007e-18
2.416021679687500000e+04 2.394147724401017992e-17 1.745231022051097494e-19
2.417037890625000000e+04 2.270716660576467755e-17 2.367394273548003702e-19
2.418053906250000000e+04 6.743945300629710900e-17 1.461706207551509593e-18
2.419070117187500000e+04 8.864359935182843315e-17 1.354309419515840384e-18
2.420086328125000000e+04 4.735455151272148575e-17 1.388631314479773454e-18
2.421102539062500000e+04 5.030683191081714619e-17 1.314445104255072321e-18
2.422118554687500000e+04 3.178667820350603349e-17 1.095909776682850280e-18
2.423134765625000000e+04 8.391729447249234616e-17 1.583932276018723207e-18
2.424150976562500000e+04 4.288873904316814803e-17 1.138442990190020687e-18
2.425167187500000000e+04 1.064705525447629572e-17 1.698767253068228238e-19
2.426183203125000000e+04 2.553938670103194134e-17 2.356115924389784593e-19
2.427199414062500000e+04 5.160268974972026914e-17 8.220734960535487129e-19
2.428215625000000000e+04 2.231037302900666549e-17 3.831138964321573663e-19
2.429231835937500000e+04 3.387352584880176404e-17 4.144226826172894638e-19
2.430247851562500000e+04 5.216207560204292942e-17 7.618132850314840776e-19
2.431264062500000000e+04 1.954241328680619621e-17 3.195173816563308054e-19
2.432280273437500000e+04 4.839258046341428018e-17 9.853828338117038446e-19
2.433296289062500000e+04 1.255255678535957580e-17 8.375576967350819762e-19
2.434312500000000000e+04 3.828373854630173745e-17 8.363269553811796401e-19
2.435328710937500000e+04 2.188945555686415694e-17 1.934366256852259406e-19
2.436344921875000000e+04 6.183535729580954990e-17 1.261013475984786067e-18
2.437360937500000000e+04 5.443625318630231904e-17 5.160460343206741057e-19
2.438377148437500000e+04 2.434124536225093266e-17 2.308887530328186632e-19
2.439393359375000000e+04 5.981712924540876831e-17 1.231221635645499653e-18
2.440409570312500000e+04 1.561178667357466740e-17 2.289344612874797085e-19
2.441425585937500000e+04 5.018613302455585861e-17 8.000613927729000934e-19
2.442441796875000000e+04 1.443507758446490767e-17 3.714192169318826611e-19
2.443458007812500000e+04 3.503163826338010660e-17 5.417829318996490087e-19
2.444474218750000000e+04 2.403837814404831690e-17 4.706087964779831572e-19
2.445490234375000000e+04 3.505873339152489358e-17 7.486965269618658641e-19
2.446506445312500000e+04 3.258569497056285568e-17 3.667368835263438211e-19
2.447522656250000000e+04 7.506950594282914518e-17 1.792021449827742768e-18
2.448538867187500000e+04 6.144550707311330795e-18 1.858410267857606928e-19
2.449554882812500000e+04 3.208828479845511844e-17 3.465004268281168446e-19
2.450571093750000000e+04 4.675269820775035303e-17 1.277131814003417795e-18
2.451587304687500000e+04 3.985202666558797496e-17 4.496871757386208511e-19
2.452603320312500000e+04 6.067506774185896777e-17 1.302916171070037928e-18
2.453619531250000000e+04 5.956190101304430651e-17 6.596508959120504269e-19
2.454635742187500000e+04 1.159086899514379034e-16 1.490700438985141750e-18
2.455651953125000000e+04 8.012694776498246020e-17 1.914437149450384164e-18
2.456667968750000000e+04 4.176337305467955473e-17 3.910009084764856315e-19
2.457684179687500000e+04 5.732568771017865065e-17 1.448963490215130202e-18
2.458700390625000000e+04 5.729809958238878207e-17 1.013683060711404011e-18
2.459716601562500000e+04 4.812106669914987438e-17 1.140305077146454121e-18
2.460732617187500000e+04 7.356279314834135506e-17 1.603695275213840144e-18
2.461748828125000000e+04 2.717602475433343552e-17 5.790007344893419440e-19
2.462765039062500000e+04 7.172031781705094037e-17 5.284124361771301540e-19
2.463781250000000000e+04 7.021981218587974817e-17 1.495155426969199219e-18
2.464797265625000000e+04 5.240144512770352457e-17 1.321540245959245916e-18
2.465813476562500000e+04 6.173692942036064003e-17 6.406375808458479555e-19
2.466829687500000000e+04 8.427658864336087926e-17 1.579960154717243568e-18
2.467845898437500000e+04 4.407048897093080592e-17 7.611524711196307777e-19
2.468861914062500000e+04 7.125539599068183585e-17 1.476808560982773065e-18
2.469878125000000000e+04 5.750842845110386552e-17 1.237294071919827999e-18
2.470894335937500000e+04 4.498477170198566741e-17 9.759138905446561985e-19
2.471910546875000000e+04 3.602978056493559404e-17 1.262523804385731327e-18
2.472926562500000000e+04 1.762331059054682921e-16 3.768869790085559147e-18
2.473942773437500000e+04 1.258716238259409924e-16 1.852163684214942028e-18
2.474958984375000000e+04 6.126567469922182953e-17 7.254958168397668284e-19
2.475975000000000000e+04 3.371305611868892689e-17 6.016398406743057584e-19
2.476991210937500000e+04 4.405239687657304610e-17 1.334568960992415516e-18
2.478007421875000000e+04 6.417841586403745524e-17 1.454609101293381185e-18
2.479023632812500000e+04 6.000372133926603008e-17 1.523403851683038253e-18
2.480039648437500000e+04 5.911512422059216521e-17 9.804102375593413187e-19
2.481055859375000000e+04 4.086411854099355665e-17 7.819043130382665749e-19
2.482072070312500000e+04 5.483910337950544437e-17 1.125288750498896164e-18
2.483088281250000000e+04 4.897717216336265633e-17 1.694526117121909869e-18
2.484104296875000000e+04 1.049071150125887306e-16 1.732030486095064144e-18
2.485120507812500000e+04 4.220169936999385431e-17 1.413329790197264599e-18
2.486136718750000000e+04 3.484225691649731602e-17 1.224842108568760997e-18
2.487152929687500000e+04 6.977648969966562830e-17 1.413971165364722903e-18
2.488168945312500000e+04 5.037412470800956010e-17 1.008069089291583182e-18
2.489185156250000000e+04 7.427734484868916249e-17 1.701142838239298106e-18
2.490201367187500000e+04 1.450875952470868116e-17 6.351181665097995938e-19
2.491217578125000000e+04 6.854870220773071911e-17 1.807970526013530833e-18
2.492233593750000000e+04 1.418851655055877650e-17 8.643529719078184782e-19
2.493249804687500000e+04 7.531597267814544531e-17 2.238958508523566225e-18
2.494266015625000000e+04 -1.693861994487606357e-18 3.227402324192022549e-19
2.495282031250000000e+04 7.030834036375762340e-17 1.571508850398789284e-18
2.496298242187500000e+04 5.117727406940669722e-17 1.615573382014948483e-18
2.497314453125000000e+04 8.950480686605944217e-17 1.665487631525506125e-18
2.498330664062500000e+04 2.020446217931403787e-17 5.484316545669853915e-19
2.499346679687500000e+04 8.571515499026410075e-17 1.751601475990492209e-18
2.500362890625000000e+04 2.493383589872269658e-17 5.539096581736178173e-19
2.501379101562500000e+04 8.311635202896950052e-17 1.625019681212727490e-18
2.502395312500000000e+04 4.850275761228389326e-17 1.342576276117081963e-18
2.503411328125000000e+04 2.430367812755122436e-17 3.668183608166802943e-19
2.504427539062500000e+04 6.661795677891354573e-17 1.588203423111640765e-18
2.505443750000000000e+04 2.618767792559180104e-17 1.544629823189031788e-18
2.506459960937500000e+04 3.242962915003125084e-17 8.670118922880819011e-19
2.507475976562500000e+04 5.944133116695857720e-17 1.003466552965761566e-18
2.508492187500000000e+04 4.562824542665801827e-17 1.171065545983040131e-18
2.509508398437500000e+04 6.280593132190987003e-17 1.364132499482637295e-18
2.510524609375000000e+04 3.062587910629811869e-17 4.873624092070556106e-19
2.511540625000000000e+04 9.200439447596198204e-17 2.358176741488383892e-18
2.512556835937500000e+04 2.042843952813624628e-17 4.844045147341425528e-19
2.513573046875000000e+04 9.692709188505285907e-17 2.487440669402351803e-18
2.514589062500000000e+04 3.422012776035128349e-17 1.671804292875690752e-18
2.515605273437500000e+04 1.392940652501572585e-16 1.951866038192642975e-18
2.516621484375000000e+04 6.481643350538940633e-18 3.226829243123888154e-19
2.517637695312500000e+04 4.641589011465346143e-17 2.320614056282044629e-18
2.518653710937500000e+04 5.904182940087506653e-17 2.090562720221859337e-18
2.519669921875000000e+04 -6.604350631327506971e-19 2.089748128264253601e-19
2.520686132812500000e+04 6.423538544718520736e-17 1.853029328725978772e-18
2.521702343750000000e+04 9.739179864446269980e-18 1.343868254685707365e-19
2.522718359375000000e+04 1.876992254763272451e-17 2.744984645590444084e-19
2.523734570312500000e+04 1.959825790432087622e-17 1.862845687850298689e-18
2.524750781250000000e+04 0.000000000000000000e+00 -4.210318298621940127e-20
2.525766992187500000e+04 1.583735717225665294e-18 3.668635197082468611e-19
2.526783007812500000e+04 1.399562299479508576e-18 2.364270994651368323e-18
2.527799218750000000e+04 -1.481149935709696376e-17 1.669982841166848985e-18
2.528815429687500000e+04 7.084995837652264465e-17 2.460738452048527517e-18
2.529831640625000000e+04 2.980115356580314841e-17 4.934721720065254113e-19
2.530847656250000000e+04 -4.119140082215628758e-17 9.373076135980047218e-19
2.531863867187500000e+04 1.833629048229466337e-18 1.294689032697585515e-18
2.532880078125000000e+04 1.340153691577582597e-16 1.614536511117113263e-18
2.533896093750000000e+04 6.905715358665481416e-17 5.623659772745357038e-19
2.534912304687500000e+04 7.214651435586276235e-17 5.525984735051446993e-19
2.535928515625000000e+04 6.983272474642943334e-17 5.342670654564156302e-19
2.536944726562500000e+04 6.763367501412455990e-17 5.167823801622111540e-19
