1.497313378906250000e+04 9.737832883536788630e-17 3.415588395089674004e-18
1.498329589843750000e+04 1.113144361850897817e-16 3.447577537328630967e-18
1.499345703125000000e+04 1.153358574510775811e-16 3.488461766284676912e-18
1.500361914062500000e+04 1.121451108085502334e-16 3.548990294017938436e-18
1.501378027343750000e+04 1.112977205192713101e-16 3.585846566981157414e-18
1.502394238281250000e+04 1.150026823352310224e-16 3.581261504845775981e-18
1.503410351562500000e+04 1.049391037412373813e-16 3.483213718888334228e-18
1.504426562500000000e+04 1.100701844902426171e-16 3.381405156275920135e-18
1.505442675781250000e+04 1.022802011453571283e-16 3.448555058017515507e-18
1.506458886718750000e+04 1.018430262654555025e-16 3.461804216683930490e-18
1.507475000000000000e+04 9.616865329012543821e-17 3.446399011750896040e-18
1.508491210937500000e+04 1.163481279974954742e-16 3.457019597225770639e-18
1.509507324218750000e+04 1.154931011768014614e-16 3.412688506657216227e-18
1.510523535156250000e+04 1.089683732968770838e-16 3.373707413495501660e-18
1.511539648437500000e+04 1.055751394578416553e-16 3.331097478986516960e-18
1.512555761718750000e+04 1.054187427650650293e-16 3.341251327800758513e-18
1.513571972656250000e+04 9.985840821770397557e-17 3.327438445546888642e-18
1.514588085937500000e+04 1.159395007748942785e-16 3.388292468851189782e-18
1.515604296875000000e+04 1.058114484152358043e-16 3.383811424677836893e-18
1.516620410156250000e+04 1.073189751554463466e-16 3.389385174440372331e-18
1.517636621093750000e+04 1.049584200629017196e-16 3.377906389079973966e-18
1.518652734375000000e+04 1.122688305584085646e-16 3.384730629133536445e-18
1.519668945312500000e+04 1.081437801052801220e-16 3.372886850327849056e-18
1.520685058593750000e+04 1.027522896645533923e-16 3.320292639030196174e-18
1.521701269531250000e+04 1.109271369874026533e-16 3.279682206856905280e-18
1.522717382812500000e+04 1.032863240854625273e-16 3.318202974007734088e-18
1.523733593750000000e+04 1.236408037406691823e-16 3.392621104996679776e-18
1.524749707031250000e+04 1.364251381880273416e-16 3.358473021358959411e-18
1.525765917968750000e+04 1.141303839833469023e-16 3.375207712331519714e-18
1.526782031250000000e+04 1.235532152399671673e-16 3.432108225898123658e-18
1.527798242187500000e+04 1.156228163317395770e-16 3.409260670198796480e-18
1.528814355468750000e+04 1.067376392383889792e-16 3.320990159081731515e-18
1.529830566406250000e+04 1.039761662465521507e-16 3.234052649521795753e-18
1.530846679687500000e+04 1.015950904573713082e-16 3.232816841686641530e-18
1.531862792968750000e+04 1.086860863323147873e-16 3.364545974621170602e-18
1.532879003906250000e+04 1.010409919435240869e-16 3.350297995365097838e-18
1.533895117187500000e+04 1.153148272111840329e-16 3.380539304969730254e-18
1.534911328125000000e+04 1.103617226427757066e-16 3.310913031269304255e-18
1.535927441406250000e+04 1.069167602369536620e-16 3.300540393183042426e-18
1.536943652343750000e+04 1.102259922304231054e-16 3.309924136846997110e-18
1.537959765625000000e+04 1.025625609018133294e-16 3.291968113700002262e-18
1.538975976562500000e+04 1.164790342925156662e-16 3.312493980215046229e-18
1.539992089843750000e+04 1.119255439867541577e-16 3.302452007578652473e-18
1.541008300781250000e+04 1.126898853425327570e-16 3.280747615485873580e-18
1.542024414062500000e+04 1.195899613146540969e-16 3.311301185771744763e-18
1.543040625000000000e+04 1.168192503697362762e-16 3.359844280019419192e-18
1.544056738281250000e+04 1.262021122591579789e-16 3.406677385145793375e-18
1.545072949218750000e+04 1.186593632731972395e-16 3.379641193619650804e-18
1.546089062500000000e+04 1.111369960175298066e-16 3.302913987950763339e-18
1.547105273437500000e+04 1.157128268172751473e-16 3.269131104553485136e-18
1.548121386718750000e+04 1.096522796098910266e-16 3.227142796274834036e-18
1.549137597656250000e+04 1.112634421546871127e-16 3.254917660087986461e-18
1.550153710937500000e+04 1.147180792649535775e-16 3.262203880513659806e-18
1.551169824218750000e+04 1.109118771594622751e-16 3.306220228859137791e-18
1.552186035156250000e+04 1.183464772434153814e-16 3.292731187815082430e-18
1.553202148437500000e+04 1.226118837028818218e-16 3.321664311280962232e-18
1.554218359375000000e+04 1.206459467020841924e-16 3.319649092513629919e-18
1.555234472656250000e+04 1.249404302144430969e-16 3.347577605125564068e-18
1.556250683593750000e+04 1.281224021250324820e-16 3.363996519899282253e-18
1.557266796875000000e+04 1.211805171360302619e-16 3.294200260582976607e-18
1.558283007812500000e+04 1.332103437507318523e-16 3.307241590120487642e-18
1.559299121093750000e+04 1.186248069759272242e-16 3.311943491517392189e-18
1.560315332031250000e+04 1.192468203267874993e-16 3.293336063638011832e-18
1.561331445312500000e+04 1.161048574880660790e-16 3.611733597841310691e-18
1.562347656250000000e+04 1.160896241299053024e-16 3.265975410516595335e-18
1.563363769531250000e+04 1.018666770135296187e-16 3.207864111328366897e-18
1.564379980468750000e+04 1.134419844252455714e-16 3.206604522050601774e-18
1.565396093750000000e+04 1.055248137893739291e-16 3.173081580160818360e-18
1.566412304687500000e+04 1.033233486896804009e-16 3.188805870015145139e-18
1.567428417968750000e+04 9.943340943641913038e-17 3.161715291363727206e-18
1.568444628906250000e+04 1.084815014057732721e-16 3.224865361253322413e-18
1.569460742187500000e+04 1.022819084461414378e-16 3.265960728060722519e-18
1.570476855468750000e+04 1.139284725045451585e-16 3.278496857039116792e-18
1.571493066406250000e+04 1.034874282359864194e-16 3.255348414391973451e-18
1.572509179687500000e+04 1.029609112324841663e-16 3.247613862074296365e-18
1.573525390625000000e+04 1.039566844887653018e-16 3.210237912891240948e-18
1.574541503906250000e+04 1.113350561433995036e-16 3.270642363532619517e-18
1.575557714843750000e+04 1.055847149006125692e-16 3.174398038105696503e-18
1.576573828125000000e+04 1.074176611112463730e-16 3.158902670485893774e-18
1.577590039062500000e+04 1.048199301760256415e-16 3.152175830949459415e-18
1.578606152343750000e+04 1.047917663305294360e-16 3.165211990608141993e-18
1.579622363281250000e+04 1.061203308908529057e-16 3.135787521858405692e-18
1.580638476562500000e+04 1.119150222493624832e-16 3.170712328091313350e-18
1.581654687500000000e+04 1.062589531266269923e-16 3.147273751844317034e-18
1.582670800781250000e+04 1.139327606088406334e-16 3.181933239895748309e-18
1.583687011718750000e+04 1.056827324944776528e-16 3.089734861639975291e-18
1.584703125000000000e+04 1.061704249487491170e-16 3.463505313613645791e-18
1.585719335937500000e+04 1.026239377032647641e-16 3.112274706151432742e-18
1.586735449218750000e+04 1.068214557954977524e-16 3.093876554967028301e-18
1.587751660156250000e+04 1.062282415648441235e-16 3.083492336352190729e-18
1.588767773437500000e+04 1.074331194625337640e-16 3.088008949291883399e-18
1.589783886718750000e+04 1.035505851301160682e-16 3.048304486684491209e-18
1.590800097656250000e+04 9.991658879326850533e-17 3.032914791387942129e-18
1.591816210937500000e+04 1.001497346120002515e-16 3.049147590523835882e-18
1.592832421875000000e+04 1.113085995986876076e-16 3.123483417041832544e-18
1.593848535156250000e+04 1.138337901029098887e-16 3.138737247922769789e-18
1.594864746093750000e+04 1.092808490450751155e-16 3.127118048653390547e-18
1.595880859375000000e+04 1.062069333922647575e-16 3.101690309828357338e-18
1.596897070312500000e+04 1.082760363590600005e-16 3.125026108884243940e-18
1.597913183593750000e+04 1.060119834654982599e-16 3.097331068000202882e-18
1.598929394531250000e+04 1.089109338751414015e-16 3.116836814024815828e-18
1.599945507812500000e+04 1.025931732019226919e-16 3.142637404510957314e-18
1.600961718750000000e+04 1.022961955096814536e-16 3.135249027279633671e-18
1.601977832031250000e+04 1.112684846477012359e-16 3.223645683440112974e-18
1.602994042968750000e+04 1.109499009978601126e-16 3.197430675467082421e-18
1.604010156250000000e+04 1.138150097942824848e-16 3.169995782885689290e-18
1.605026367187500000e+04 1.028968808356276615e-16 3.141277105993613860e-18
1.606042480468750000e+04 9.859572693880912946e-17 3.104932651034412069e-18
1.607058691406250000e+04 9.283864251966866279e-17 3.099869064914668710e-18
1.608074804687500000e+04 9.829358102210065994e-17 3.103352736064435786e-18
1.609090917968750000e+04 9.819521270365585389e-17 3.080360423757911828e-18
1.610107128906250000e+04 1.007999581304710351e-16 3.061085667919354316e-18
1.611123242187500000e+04 1.013337543233637549e-16 3.086452608969364877e-18
1.612139453125000000e+04 1.114893220189181930e-16 3.126469125462842697e-18
1.613155566406250000e+04 1.226927885842344084e-16 3.153367591416995189e-18
1.614171777343750000e+04 1.021871069304979604e-16 3.091083166038436726e-18
1.615187890625000000e+04 1.101056407600190900e-16 3.053135428256954029e-18
1.616204101562500000e+04 1.115775325594408479e-16 3.088735420664858095e-18
1.617220214843750000e+04 1.100677625054090618e-16 3.130323580322186668e-18
1.618236425781250000e+04 1.149973222048616787e-16 3.180832882885899644e-18
1.619252539062500000e+04 1.168777088779866238e-16 3.120813071229358232e-18
1.620268750000000000e+04 1.155169769180021920e-16 3.111171040419133865e-18
1.621284863281250000e+04 1.239149380131141561e-16 3.129212676759527952e-18
1.622301074218750000e+04 1.171743821677624425e-16 3.147039659730964528e-18
1.623317187500000000e+04 1.222853392668254882e-16 3.229182830460542941e-18
1.624333398437500000e+04 1.192929836224128587e-16 3.137036357788207626e-18
1.625349511718750000e+04 1.095937019876324714e-16 3.048007528844584672e-18
1.626365722656250000e+04 1.102725591901873906e-16 3.032830625760614858e-18
1.627381835937500000e+04 1.004437410714811992e-16 2.983802803673984355e-18
1.628398046875000000e+04 9.149861654477765838e-17 2.913944299016584094e-18
1.629414160156250000e+04 1.010443602229784028e-16 2.959255598611013844e-18
1.630430273437500000e+04 1.047849371273921982e-16 3.001500746469862659e-18
1.631446484375000000e+04 1.037673660076090653e-16 3.007377244336592505e-18
1.632462597656250000e+04 1.127558745030797873e-16 3.006673313635309879e-18
1.633478808593750000e+04 1.145606502507724852e-16 3.017007074232781715e-18
1.634494921875000000e+04 1.125287505592074272e-16 3.036188979047580151e-18
1.635511132812500000e+04 1.149083837453999772e-16 3.045933166663454817e-18
1.636527246093750000e+04 1.153431763451374503e-16 3.086144897781495151e-18
1.637543457031250000e+04 1.131193575165702890e-16 3.098177894152304045e-18
1.638559570312500000e+04 1.197210793679111024e-16 3.115256692259686407e-18
1.639575781250000000e+04 1.126483013187784912e-16 3.115992469414552325e-18
1.640591992187500000e+04 1.289697130049726002e-16 3.417355873263546686e-18
1.641608007812500000e+04 1.173217261959152882e-16 3.094781490557161313e-18
1.642624218750000000e+04 1.197721131029831740e-16 3.074296776277591859e-18
1.643640429687500000e+04 1.157774660190624911e-16 3.046208617807434975e-18
1.644656640625000000e+04 1.185067914635730586e-16 3.061939111516355902e-18
1.645672656250000000e+04 1.199210982574713249e-16 3.089060916235897712e-18
1.646688867187500000e+04 1.137441766640683439e-16 3.057982086261055356e-18
1.647705078125000000e+04 1.125628171655548111e-16 3.016022729303843612e-18
1.648721093750000000e+04 1.039911349069169103e-16 2.947276989365480312e-18
1.649737304687500000e+04 1.220770088664703329e-16 3.044406398047835066e-18
1.650753515625000000e+04 1.287318423305819511e-16 3.179838198199304628e-18
1.651769726562500000e+04 1.407913283333272429e-16 3.303040132994177676e-18
1.652785742187500000e+04 1.563948795967233323e-16 3.391973422577050755e-18
1.653801953125000000e+04 1.510152542347030632e-16 3.376786800120883443e-18
1.654818164062500000e+04 1.336007200602976779e-16 3.145503585333453555e-18
1.655834375000000000e+04 1.247052726924616217e-16 3.084709946213868786e-18
1.656850390625000000e+04 1.151531100927074658e-16 3.040149313025330909e-18
1.657866601562500000e+04 1.188037426860346951e-16 3.180040650654226981e-18
1.658882812500000000e+04 1.192462512265260628e-16 3.369666222612873843e-18
1.659899023437500000e+04 1.236122031438095488e-16 3.672671166387479687e-18
1.660915039062500000e+04 1.122623189926265472e-16 3.618293553689162477e-18
1.661931250000000000e+04 1.067677618475757102e-16 2.969286817899444411e-18
1.662947460937500000e+04 1.156976993382327775e-16 3.017580310397280964e-18
1.663963671875000000e+04 1.146366052833395544e-16 3.046263211727863475e-18
1.664979687500000000e+04 1.180911100447080107e-16 3.088841299783264883e-18
1.665995898437500000e+04 1.160619102706623258e-16 3.038793770796509635e-18
1.667012109375000000e+04 1.154515171530471956e-16 2.983241354833213987e-18
1.668028125000000000e+04 1.145734880938793082e-16 2.964187249423054995e-18
1.669044335937500000e+04 1.144608724165638888e-16 2.969072991711099453e-18
1.670060546875000000e+04 1.022749667464408927e-16 2.910535487712253067e-18
1.671076757812500000e+04 9.369507885612646594e-17 2.938789495895226833e-18
1.672092773437500000e+04 1.098365158933637374e-16 2.912392921777740891e-18
1.673108984375000000e+04 1.148209143587061699e-16 2.947127476469761352e-18
1.674125195312500000e+04 1.082628477913734550e-16 2.922949607550295768e-18
1.675141406250000000e+04 1.166403940689676104e-16 2.948456342123827791e-18
1.676157421875000000e+04 1.148849315206728738e-16 2.904515887599551546e-18
1.677173632812500000e+04 1.102022885427897858e-16 2.904935888555575346e-18
1.678189843750000000e+04 1.110878019321400530e-16 2.939734756540221806e-18
1.679206054687500000e+04 1.133796877989529778e-16 2.961956550106152618e-18
1.680222070312500000e+04 1.168821822707393106e-16 2.935968189620961594e-18
1.681238281250000000e+04 1.123707789145445002e-16 2.905293850965657669e-18
1.682254492187500000e+04 1.148120205127599997e-16 2.877757628759226792e-18
1.683270703125000000e+04 1.133528077377674546e-16 2.887027221498649159e-18
1.684286718750000000e+04 1.095441968823323978e-16 2.887426129349052856e-18
1.685302929687500000e+04 1.099764748530077097e-16 2.899546186479332956e-18
1.686319140625000000e+04 1.188412238939506979e-16 2.953246958641428651e-18
1.687335156250000000e+04 1.141449026574584331e-16 2.918385018135075023e-18
1.688351367187500000e+04 1.206951143176943444e-16 2.933233116925555008e-18
1.689367578125000000e+04 1.254405237604579561e-16 2.946235155383969774e-18
1.690383789062500000e+04 1.174132851635575577e-16 2.926593958534051270e-18
1.691399804687500000e+04 1.048912132924930112e-16 2.901504329784399111e-18
1.692416015625000000e+04 1.140241739926950936e-16 2.898664205151198290e-18
1.693432226562500000e+04 1.080726094853760595e-16 2.839163449329033904e-18
1.694448437500000000e+04 1.108298009903623134e-16 2.857277463973026380e-18
1.695464453125000000e+04 1.100123678741476106e-16 2.853737751336758836e-18
1.696480664062500000e+04 1.072136254326315930e-16 2.858250228373388741e-18
1.697496875000000000e+04 1.082531399997045327e-16 2.816942689738868783e-18
1.698513085937500000e+04 1.162968295646273856e-16 2.818585677230552234e-18
1.699529101562500000e+04 1.250412536049459603e-16 2.866957131501121910e-18
1.700545312500000000e+04 1.148034840088384525e-16 2.867807886761132699e-18
1.701561523437500000e+04 1.108891859408987204e-16 2.882540593856161537e-18
1.702577734375000000e+04 1.106634781302350511e-16 2.855827416359220923e-18
1.703593750000000000e+04 1.139788444951271877e-16 2.820712772175732345e-18
1.704609960937500000e+04 1.083790435063800039e-16 2.825127641900080992e-18
1.705626171875000000e+04 1.111663112984386859e-16 2.830005732767459334e-18
1.706642382812500000e+04 1.129329705635049403e-16 2.854393085177053973e-18
1.707658398437500000e+04 1.067191898020065964e-16 2.774598693796819881e-18
1.708674609375000000e+04 1.197263468540518401e-16 2.824147019283899377e-18
1.709690820312500000e+04 1.149510265603383109e-16 2.814155504664871356e-18
1.710706835937500000e+04 1.151768799547897896e-16 2.786779135111816352e-18
1.711723046875000000e+04 1.229938558574241087e-16 2.847643291378621267e-18
1.712739257812500000e+04 1.142959127500861138e-16 2.807842255434713511e-18
1.713755468750000000e+04 1.159284761116901718e-16 2.831751911040558776e-18
1.714771484375000000e+04 1.167061052968288229e-16 2.809544799930500780e-18
1.715787695312500000e+04 1.109109308648415144e-16 2.744081726253054170e-18
1.716803906250000000e+04 1.095065634731836853e-16 2.716545917636929570e-18
1.717820117187500000e+04 1.017423749285200501e-16 2.699500827139508743e-18
1.718836132812500000e+04 1.080604201518694781e-16 2.701393416381030070e-18
1.719852343750000000e+04 1.024531745376093170e-16 2.715882105195355765e-18
1.720868554687500000e+04 1.062693756023451604e-16 2.743180719770830784e-18
1.721884765625000000e+04 1.125137686639528668e-16 2.767446269835226989e-18
1.722900781250000000e+04 1.130385188096667067e-16 2.763337250142369824e-18
1.723916992187500000e+04 1.107250666899232993e-16 2.728902962012706112e-18
1.724933203125000000e+04 1.141563773069157687e-16 2.731810708660983142e-18
1.725949414062500000e+04 1.164141568627119071e-16 2.749674501169678328e-18
1.726965429687500000e+04 1.238492135503631427e-16 2.772001760263709651e-18
1.727981640625000000e+04 1.177681390288979062e-16 2.766015867760969666e-18
1.728997851562500000e+04 1.160849919184750055e-16 2.760580877546189998e-18
1.730013867187500000e+04 1.116031023665360871e-16 2.770246276208718988e-18
1.731030078125000000e+04 1.129201327203981173e-16 2.808516200838791090e-18
1.732046289062500000e+04 1.164721124451498224e-16 2.786919135430490952e-18
1.733062500000000000e+04 1.095073840363513379e-16 2.711452346219981163e-18
1.734078515625000000e+04 1.057695798413508202e-16 2.699260117581255812e-18
1.735094726562500000e+04 1.101803848001693816e-16 2.728618618677141009e-18
1.736110937500000000e+04 1.095646844917441112e-16 2.712167443859533256e-18
1.737127148437500000e+04 1.102644197329598688e-16 2.694635557571624973e-18
1.738143164062500000e+04 1.069286120807703218e-16 2.675056606062801084e-18
1.739159375000000000e+04 1.043882080707219653e-16 2.666388373628704769e-18
1.740175585937500000e+04 1.019815227697764811e-16 2.667650444448307551e-18
1.741191796875000000e+04 9.425206257595027223e-17 2.610714155320210688e-18
1.742207812500000000e+04 1.069759996037022596e-16 2.610379353967279850e-18
1.743224023437500000e+04 9.904990203465994505e-17 2.638638945619388349e-18
1.744240234375000000e+04 1.114791179188817389e-16 2.709364749149050460e-18
1.745256445312500000e+04 1.121095618945451545e-16 2.760511601169888682e-18
1.746272460937500000e+04 1.160373992547511545e-16 2.793683611684796474e-18
1.747288671875000000e+04 1.136645026274672363e-16 2.661292320669918704e-18
1.748304882812500000e+04 1.096897542003621290e-16 2.621339703878760605e-18
1.749320898437500000e+04 1.059391452494792905e-16 2.608675155110267475e-18
1.750337109375000000e+04 1.055384788130933052e-16 2.646615861856543472e-18
1.751353320312500000e+04 1.057124779093050596e-16 2.669002471159525474e-18
1.752369531250000000e+04 1.093966013912733360e-16 2.659422685690395723e-18
1.753385546875000000e+04 1.183731190765844894e-16 2.723769685926355160e-18
1.754401757812500000e+04 1.113706977016331885e-16 2.744671919620110755e-18
1.755417968750000000e+04 1.101057995786967002e-16 2.749361413307827007e-18
1.756434179687500000e+04 1.085860107130856718e-16 2.701760064187544200e-18
1.757450195312500000e+04 1.103540331718014136e-16 2.670592519092005532e-18
1.758466406250000000e+04 1.089353257770443652e-16 2.650930642726773202e-18
1.759482617187500000e+04 1.091554815514365786e-16 2.663510198687326509e-18
1.760498828125000000e+04 1.074719043070951504e-16 2.652626983367966324e-18
1.761514843750000000e+04 9.999639517876762144e-17 2.622269248092117070e-18
1.762531054687500000e+04 9.901360534938111820e-17 2.578478926849019200e-18
1.763547265625000000e+04 1.053934244208760062e-16 2.626052565418781480e-18
1.764563476562500000e+04 9.218093467101549942e-17 2.622203073643112828e-18
1.765579492187500000e+04 1.082754143192393606e-16 2.684770601586317565e-18
1.766595703125000000e+04 1.058614961510177127e-16 2.611663551868268426e-18
1.767611914062500000e+04 1.063085244063760701e-16 2.604368646046163275e-18
1.768627929687500000e+04 1.022059070914600656e-16 2.632829449382275298e-18
1.769644140625000000e+04 1.022811739097574907e-16 2.599049047526834754e-18
1.770660351562500000e+04 1.014531925863715117e-16 2.593359078888235614e-18
1.771676562500000000e+04 1.060255955496584325e-16 2.628319040297176776e-18
1.772692578125000000e+04 1.067991550061833227e-16 2.685843041250492565e-18
1.773708789062500000e+04 1.066040793479637171e-16 2.714366917108311756e-18
1.774725000000000000e+04 1.031593419352682870e-16 2.687857432837212326e-18
1.775741210937500000e+04 9.702383231205216076e-17 2.664261692273830935e-18
1.776757226562500000e+04 1.012048531141483915e-16 2.664919921246270006e-18
1.777773437500000000e+04 9.891252387852713822e-17 2.655839959662275422e-18
1.778789648437500000e+04 9.549129824756291533e-17 2.619809833335843780e-18
1.779805859375000000e+04 9.877335901227121684e-17 2.600729464941236229e-18
1.780821875000000000e+04 1.023147177379577410e-16 2.615059955463411157e-18
1.781838085937500000e+04 9.920547154682401807e-17 2.604356238336974979e-18
1.782854296875000000e+04 9.789750709247556902e-17 2.707578245821089058e-18
1.783870507812500000e+04 9.704275820446737403e-17 2.767259740607096282e-18
1.784886523437500000e+04 9.412783990027950875e-17 2.663975074191581311e-18
1.785902734375000000e+04 8.294132061135327987e-17 2.527093433221459429e-18
1.786918945312500000e+04 9.889433913994077245e-17 2.607161207794142296e-18
1.787934960937500000e+04 1.026630004805119682e-16 2.560354986037676087e-18
1.788951171875000000e+04 9.777601080410378031e-17 2.655722706810446030e-18
1.789967382812500000e+04 9.311858029129130862e-17 2.705342997010817639e-18
1.790983593750000000e+04 9.040831308809396281e-17 2.750474591617170244e-18
1.791999609375000000e+04 7.990117377986978662e-17 2.682863536684076559e-18
1.793015820312500000e+04 8.161036715342075707e-17 2.671413082259658135e-18
1.794032031250000000e+04 8.493091497766992585e-17 2.650647746957280067e-18
1.795048242187500000e+04 8.212657417776814931e-17 2.639364589811750493e-18
1.796064257812500000e+04 9.211091548652411073e-17 2.704759214293508340e-18
1.797080468750000000e+04 9.210159150665941301e-17 2.716418945412902680e-18
1.798096679687500000e+04 1.014113504822661293e-16 2.922994688893679908e-18
1.799112890625000000e+04 1.117808337016716808e-16 3.479369810581800309e-18
1.800128906250000000e+04 7.296968479680613295e-17 3.015821517619840088e-18
1.801145117187500000e+04 6.766815851950067052e-17 2.979370563156772094e-18
1.802161328125000000e+04 6.057087607190178840e-17 2.637233152168354479e-18
1.803177539062500000e+04 6.762559511390114192e-17 2.799117154333504175e-18
1.804193554687500000e+04 7.709665430895569862e-17 2.947402720818588372e-18
1.805209765625000000e+04 7.449253092196115732e-17 3.127116601087318580e-18
1.806225976562500000e+04 6.449510030719215678e-17 2.897847777886608452e-18
1.807241992187500000e+04 6.951929608616574051e-17 2.774920053464796733e-18
1.808258203125000000e+04 8.006535920529421198e-17 2.919255625729787085e-18
1.809274414062500000e+04 7.951296799223130009e-17 3.160072717462350032e-18
1.810290625000000000e+04 6.158764648085197002e-17 3.153039821099271052e-18
1.811306640625000000e+04 6.046326980037599014e-17 2.971601269253367782e-18
1.812322851562500000e+04 3.824577426490800370e-17 2.757058122112479791e-18
1.813339062500000000e+04 4.968301530622150548e-17 2.995362239144106640e-18
1.814355273437500000e+04 5.433062883952419783e-17 2.901617653528318876e-18
1.815371289062500000e+04 7.067470196577980957e-17 3.224102080343089107e-18
1.816387500000000000e+04 5.215734743766157631e-17 2.892483304819048929e-18
1.817403710937500000e+04 4.274567650186587679e-17 2.787130066486691974e-18
1.818419921875000000e+04 5.270453733903275476e-17 2.882537698724017601e-18
1.819435937500000000e+04 2.387204866647615409e-17 3.346327114834537029e-18
1.820452148437500000e+04 2.843399606682040469e-17 2.897063403870755043e-18
1.821468359375000000e+04 2.004725484953710985e-17 3.056409409121438912e-18
1.822484570312500000e+04 6.934909540332682954e-17 3.137228884075779343e-18
1.823500585937500000e+04 7.986363963239458044e-17 3.063629868688414291e-18
1.824516796875000000e+04 5.683057710017381083e-17 3.354470087579662172e-18
1.825533007812500000e+04 6.505031055178264938e-17 3.625556199467378060e-18
1.826549023437500000e+04 5.873112051046544806e-17 3.553221736441453449e-18
1.827565234375000000e+04 5.314374873760248607e-18 2.795563586421976368e-18
1.828581445312500000e+04 2.308925291123149678e-17 2.843287358272917023e-18
1.829597656250000000e+04 1.837613329085950505e-17 2.711960855501548137e-18
1.830613671875000000e+04 3.263982236112587560e-17 2.004299156066001155e-18
1.831629882812500000e+04 3.026205529439524521e-17 1.983037512396091269e-18
1.832646093750000000e+04 6.435766259405524613e-17 3.742525328346664045e-18
1.833662304687500000e+04 2.267425929304578673e-18 1.210132976121189920e-18
1.834678320312500000e+04 1.129027023705303999e-16 4.989339215141211701e-18
1.835694531250000000e+04 2.039639190422798181e-16 1.157005646918746612e-17
1.836710742187500000e+04 1.019674606993630796e-16 8.766737237342192563e-18
1.837726953125000000e+04 2.013307483808948647e-17 4.135853018338078916e-18
1.838742968750000000e+04 8.053479412908540582e-17 3.391627661081003589e-18
1.839759179687500000e+04 6.959515185705930336e-17 4.607164401348849301e-18
1.840775390625000000e+04 2.357996292037755449e-17 2.187896856105820965e-18
1.841791601562500000e+04 2.669203641484498371e-17 2.350912648144096341e-18
1.842807617187500000e+04 2.447063460802770236e-17 1.820952712137244326e-18
1.843823828125000000e+04 3.989158575120271095e-17 2.824355882388569017e-18
1.844840039062500000e+04 4.499052557032658627e-17 3.156172354079009368e-18
1.845856054687500000e+04 3.635407837844823365e-17 4.162691720492974452e-18
1.846872265625000000e+04 -1.077504590327336075e-16 7.118834638458951253e-18
1.847888476562500000e+04 -4.708495267157514021e-18 3.521839744772110409e-18
1.848904687500000000e+04 2.664412611376591234e-17 1.441402128838206407e-18
1.849920703125000000e+04 2.930300141268595110e-18 1.377938557496453603e-18
1.850936914062500000e+04 3.785900446281290923e-17 2.563670119137635483e-18
1.851953125000000000e+04 4.111351515003951960e-18 2.160075049792906156e-18
1.852969335937500000e+04 5.441226494853828124e-17 2.484232242601411747e-18
1.853985351562500000e+04 -2.251033691105615323e-18 3.119040836766963370e-18
1.855001562500000000e+04 1.075143485986864713e-16 4.618028591514120767e-18
1.856017773437500000e+04 3.374545182019895366e-17 1.935186147935664310e-18
1.857033984375000000e+04 -1.069927103064370559e-17 2.014482783382294617e-18
1.858050000000000000e+04 7.526653705601682616e-18 2.059455766106190178e-18
1.859066210937500000e+04 8.417146391367274008e-17 3.990025212248042902e-18
1.860082421875000000e+04 -9.520423679650496282e-18 1.377329752565614575e-18
1.861098632812500000e+04 8.097321970607321176e-17 2.141621891097766938e-18
1.862114648437500000e+04 5.934789284496458719e-17 3.258009868012862817e-18
1.863130859375000000e+04 -3.606167499499441368e-18 1.777412199439137470e-18
1.864147070312500000e+04 1.768364084308726177e-17 1.878151837904979913e-18
1.865163085937500000e+04 6.781715029143372186e-17 3.216157837740129829e-18
1.866179296875000000e+04 3.974835777377792910e-17 2.521422903327255286e-18
1.867195507812500000e+04 7.291044543005753532e-17 4.125588947707214672e-18
1.868211718750000000e+04 1.613443313355466245e-16 6.726054128442740209e-18
1.869227734375000000e+04 2.156740833636215161e-16 7.074024610315728638e-18
1.870243945312500000e+04 2.126045418418903384e-16 8.839585379528512604e-18
1.871260156250000000e+04 7.321610918047507036e-16 2.064286955832836764e-17
1.872276367187500000e+04 1.125939985659256100e-16 8.719013879081558184e-18
1.873292382812500000e+04 6.783904079916432519e-17 8.167190111918857680e-18
1.874308593750000000e+04 4.774853366801355258e-16 1.709217527224856997e-17
1.875324804687500000e+04 5.757529773182265228e-17 3.763086970423200930e-18
1.876341015625000000e+04 4.438400365797820425e-17 2.523326245916739803e-18
1.877357031250000000e+04 1.307152493859167004e-17 1.270875847030679247e-18
1.878373242187500000e+04 6.877915286523161438e-19 2.546426505293201930e-18
1.879389453125000000e+04 2.375541454574495208e-17 2.344373578606711519e-18
1.880405664062500000e+04 4.876664808002301036e-17 2.858018204211567616e-18
1.881421679687500000e+04 4.143044940173921215e-17 2.833333273576607026e-18
1.882437890625000000e+04 2.490371328953596553e-17 2.417441750835970666e-18
1.883454101562500000e+04 1.945824931384015075e-17 3.585084733636996075e-18
1.884470117187500000e+04 2.724435979909766624e-18 4.278255883101839119e-18
1.885486328125000000e+04 5.027166680861629188e-17 4.130017672706823582e-18
1.886502539062500000e+04 8.250859265442473918e-17 3.984836308265497760e-18
1.887518750000000000e+04 6.467901233586474674e-17 3.036307059080022095e-18
1.888534765625000000e+04 7.454619840010359775e-17 3.152028386005271837e-18
1.889550976562500000e+04 3.672833790095907612e-17 3.646977282200357541e-18
1.890567187500000000e+04 4.848418906189330289e-17 3.447454494212513704e-18
1.891583398437500000e+04 9.600353480497005303e-17 4.517747417902785839e-18
1.892599414062500000e+04 4.990141745771510648e-17 2.908708659329429705e-18
1.893615625000000000e+04 9.213844902039355081e-18 1.965318683289746002e-18
1.894631835937500000e+04 4.165860897573848867e-17 2.877011098256397685e-18
1.895648046875000000e+04 3.139798934238981600e-17 2.786427583351481315e-18
1.896664062500000000e+04 5.012593412829669946e-17 3.476868002819133677e-18
1.897680273437500000e+04 4.877795067591293493e-17 3.743140750722403497e-18
1.898696484375000000e+04 5.555084928321547193e-17 4.142171437447065218e-18
1.899712695312500000e+04 -3.637587955067268124e-18 3.738535009071708239e-18
1.900728710937500000e+04 -2.361533812645399727e-17 4.672179970314904724e-18
1.901744921875000000e+04 1.500888119486436722e-17 1.500790698289793289e-18
1.902761132812500000e+04 3.972309567787055964e-17 1.726005302513227890e-18
1.903777148437500000e+04 -4.084752281636390526e-18 2.034324364735604091e-18
1.904793359375000000e+04 5.147473483512566639e-17 2.662115572174562104e-18
1.905809570312500000e+04 7.427381113311233595e-17 1.779245852062014394e-18
1.906825781250000000e+04 4.763546204874449395e-17 2.359568472869004361e-18
1.907841796875000000e+04 8.148325265432850820e-17 3.756915375872942791e-18
1.908858007812500000e+04 2.123950500799551587e-17 2.149703032092103742e-18
1.909874218750000000e+04 8.436581165295329904e-17 3.083247490890875033e-18
1.910890429687500000e+04 7.020650781290744527e-18 1.203160877533133588e-18
1.911906445312500000e+04 1.422008010837257493e-17 2.687927949984432471e-18
1.912922656250000000e+04 3.470697338847064659e-20 1.563524386138544616e-18
1.913938867187500000e+04 2.668268761956190939e-17 1.552503341849617782e-18
1.914955078125000000e+04 9.931687954044511005e-18 1.860099861806928914e-18
1.915971093750000000e+04 6.757890904012864904e-17 3.218103986926313965e-18
1.916987304687500000e+04 5.956624205689898480e-17 3.592528118379054495e-18
1.918003515625000000e+04 5.787635838756745223e-17 2.892860085588066833e-18
1.919019726562500000e+04 5.543597705718900787e-17 2.903476948750184943e-18
1.920035742187500000e+04 4.768053346596128333e-17 2.970864044532429896e-18
1.921051953125000000e+04 1.952015054779994403e-17 2.271085376334513267e-18
1.922068164062500000e+04 3.634048283790031208e-17 2.225064976159972434e-18
1.923084179687500000e+04 4.656500100059472042e-17 2.631506167197343592e-18
1.924100390625000000e+04 3.882695798073266136e-17 2.527037391734958962e-18
1.925116601562500000e+04 6.664610077207504995e-17 2.926186158492062627e-18
1.926132812500000000e+04 6.476595894441142059e-17 3.014871087096016660e-18
1.927148828125000000e+04 2.091382745722113781e-17 3.101009953774532473e-18
1.928165039062500000e+04 1.734510063378768413e-17 3.302362878867649884e-18
1.929181250000000000e+04 1.970988592798490730e-17 2.412078518539329973e-18
1.930197460937500000e+04 5.515219785880166577e-17 2.651638088945659179e-18
1.931213476562500000e+04 4.240885517387918435e-17 2.440512852095840299e-18
1.932229687500000000e+04 3.335304395504869776e-17 2.178628090547011152e-18
1.933245898437500000e+04 5.108626434969116290e-17 2.420726691843571877e-18
1.934262109375000000e+04 7.225782639653279818e-17 2.656471512059959658e-18
1.935278125000000000e+04 6.345902019402253728e-17 2.499557004219875414e-18
1.936294335937500000e+04 6.190709039853014846e-17 2.682364953569860222e-18
1.937310546875000000e+04 5.115805370069341506e-17 2.639250025296911899e-18
1.938326757812500000e+04 4.841617827192919296e-17 2.611946861228067838e-18
1.939342773437500000e+04 3.796088333577739033e-17 2.267734467673060952e-18
1.940358984375000000e+04 4.829464227888800171e-17 2.490931164792172442e-18
1.941375195312500000e+04 6.739972848455986240e-17 2.450952698606872061e-18
1.942391210937500000e+04 6.950360612430683468e-17 2.511427873190623915e-18
1.943407421875000000e+04 7.868344480418352225e-17 2.850114493458623437e-18
1.944423632812500000e+04 6.722772123926313561e-17 2.478866942353239671e-18
1.945439843750000000e+04 5.851074636039152064e-17 2.452640974237092791e-18
1.946455859375000000e+04 5.453551485980868236e-17 2.343228967434091267e-18
1.947472070312500000e+04 5.840589956338919928e-17 2.357253607924774713e-18
1.948488281250000000e+04 5.892478003547636290e-17 2.373037454783205311e-18
1.949504492187500000e+04 5.874118564415899330e-17 2.317895113608582827e-18
1.950520507812500000e+04 6.096295968225192352e-17 2.346515562802917584e-18
1.951536718750000000e+04 7.154402908490363911e-17 2.599829906025084812e-18
1.952552929687500000e+04 6.983133508300034425e-17 2.806246210442792444e-18
1.953569140625000000e+04 6.125733010120239458e-17 2.713649544722075143e-18
1.954585156250000000e+04 4.591705388316968278e-17 2.727272175435057818e-18
1.955601367187500000e+04 5.824695515432590990e-17 2.951477412516024586e-18
1.956617578125000000e+04 4.499290785049073899e-17 2.971178579960353185e-18
1.957633789062500000e+04 6.832597886471714109e-17 3.025785735278653860e-18
1.958649804687500000e+04 5.623552321983786399e-17 2.279032307274463342e-18
1.959666015625000000e+04 5.528773636525215467e-17 2.285764109894573020e-18
1.960682226562500000e+04 5.677651919278224536e-17 2.308183186036597729e-18
1.961698437500000000e+04 4.992338406606206468e-17 2.458283173195316992e-18
1.962714453125000000e+04 5.461047396691823773e-17 2.556522244669411633e-18
1.963730664062500000e+04 6.244573056108997881e-17 2.428570638797259100e-18
1.964746875000000000e+04 6.493694710319348204e-17 2.448599162969005559e-18
1.965762890625000000e+04 7.627499264544962475e-17 2.436906137829955960e-18
1.966779101562500000e+04 8.976452172606639158e-17 2.454799295250396778e-18
1.967795312500000000e+04 8.363978530314815601e-17 2.400077575417257509e-18
1.968811523437500000e+04 7.831202747425741197e-17 2.493548984635749636e-18
1.969827539062500000e+04 7.366466871258338595e-17 2.280463122939026942e-18
1.970843750000000000e+04 7.270022905790575907e-17 2.263905862207859263e-18
1.971859960937500000e+04 7.244168548564618474e-17 2.189200079160898260e-18
1.972876171875000000e+04 6.616650807036170492e-17 2.129688983581076961e-18
1.973892187500000000e+04 7.551765916382057473e-17 2.218666734121874765e-18
1.974908398437500000e+04 8.077426622514195754e-17 2.042131088561726428e-18
1.975924609375000000e+04 8.761103310190093891e-17 2.043039126079156514e-18
1.976940820312500000e+04 9.902962618348504524e-17 2.098277626999988288e-18
1.977956835937500000e+04 8.608660540741471315e-17 2.153498757127956448e-18
1.978973046875000000e+04 7.416145353614803310e-17 2.150534968993178949e-18
1.979989257812500000e+04 6.851767300859262994e-17 2.068662699914211653e-18
1.981005468750000000e+04 7.141776161875864454e-17 1.997719347883448096e-18
1.982021484375000000e+04 7.586205746621825291e-17 1.941623887848011386e-18
1.983037695312500000e+04 7.097298329466643135e-17 1.926635788738856801e-18
1.984053906250000000e+04 7.120536148978972831e-17 1.972061652848125145e-18
1.985069921875000000e+04 7.471150879116109523e-17 2.010588003468088686e-18
1.986086132812500000e+04 6.839772520232754050e-17 1.978551091548756786e-18
1.987102343750000000e+04 7.396394265820507136e-17 1.975847244921474076e-18
1.988118554687500000e+04 6.960379424009925740e-17 1.966104091281365102e-18
1.989134570312500000e+04 7.187320726403034158e-17 2.007980730177321542e-18
1.990150781250000000e+04 7.930956097088206038e-17 1.992173515466586322e-18
1.991166992187500000e+04 8.114949520333071217e-17 1.978541992562018702e-18
1.992183203125000000e+04 8.140702630652052159e-17 2.037119614820573910e-18
1.993199218750000000e+04 8.767663183319884422e-17 2.059673934992751039e-18
1.994215429687500000e+04 9.268214656521853037e-17 2.145666183907691829e-18
1.995231640625000000e+04 7.656320884064270129e-17 2.213764448221579247e-18
1.996247851562500000e+04 7.023885057485826865e-17 2.328510322409475831e-18
1.997263867187500000e+04 7.400940450467098576e-17 2.482769373688111718e-18
1.998280078125000000e+04 7.182988946971216463e-17 2.711239554007401897e-18
1.999296289062500000e+04 6.275689605519772655e-17 2.687251109448210956e-18
2.000312500000000000e+04 6.563534562053935395e-17 3.018031744216581778e-18
2.001328515625000000e+04 5.199805892146346488e-17 2.897560953009205690e-18
2.002344726562500000e+04 5.366343157488382613e-17 3.970971934018496463e-18
2.003360937500000000e+04 4.291277360304648881e-17 3.254882918502259234e-18
2.004376953125000000e+04 3.482579271358506056e-17 3.114160677948053645e-18
2.005393164062500000e+04 3.035650608545900013e-17 2.782774546971294007e-18
2.006409375000000000e+04 5.266626865517360148e-17 2.450028737862650329e-18
2.007425585937500000e+04 5.129026694108144080e-17 2.523404414484626064e-18
2.008441601562500000e+04 6.556183242514054127e-17 2.670511662187128473e-18
2.009457812500000000e+04 6.774996337335971474e-17 2.810018981216646803e-18
2.010474023437500000e+04 6.365670312553291005e-17 2.997953175617775861e-18
2.011490234375000000e+04 5.565618577114042468e-17 2.960139441095526754e-18
2.012506250000000000e+04 5.671682322233551846e-17 3.061629125581801655e-18
2.013522460937500000e+04 5.671460637829387635e-17 2.749910661234562217e-18
2.014538671875000000e+04 5.722106590630294371e-17 2.715648633467462673e-18
2.015554882812500000e+04 4.230572229510607286e-17 2.671082416809790063e-18
2.016570898437500000e+04 5.437683183981895975e-17 2.575705390255128898e-18
2.017587109375000000e+04 5.916792481345265007e-17 2.590945159065652741e-18
2.018603320312500000e+04 6.695534720716167466e-17 2.431273037858469842e-18
2.019619531250000000e+04 6.853342914490054001e-17 2.365856286295326201e-18
2.020635546875000000e+04 5.736233512003719999e-17 2.203720407633654108e-18
2.021651757812500000e+04 6.851053940298997263e-17 2.175136974771731099e-18
2.022667968750000000e+04 8.050919123476566451e-17 2.186250353096534164e-18
2.023683984375000000e+04 7.022147316454975465e-17 2.096472718903397581e-18
2.024700195312500000e+04 8.031848309018033887e-17 2.105146328011475491e-18
2.025716406250000000e+04 8.217080517948258480e-17 2.093522992839033485e-18
2.026732617187500000e+04 7.508196659157664399e-17 2.079543640486887317e-18
2.027748632812500000e+04 6.973865114972500260e-17 2.032217122125125253e-18
2.028764843750000000e+04 6.872853789034464775e-17 2.012163782535002203e-18
2.029781054687500000e+04 8.317514802690976973e-17 2.083977535365324684e-18
2.030797265625000000e+04 7.776811320811194352e-17 2.007119635159653841e-18
2.031813281250000000e+04 8.122104301759409885e-17 2.018216883462512122e-18
2.032829492187500000e+04 8.158495616500312806e-17 2.011888331391022045e-18
2.033845703125000000e+04 7.114702871299248880e-17 1.984005106917625174e-18
2.034861914062500000e+04 7.912567541198907211e-17 2.000506119367139246e-18
2.035877929687500000e+04 8.157178744965128386e-17 2.011057221670559391e-18
2.036894140625000000e+04 7.969131474974263329e-17 2.001550848480793720e-18
2.037910351562500000e+04 8.156653981584524745e-17 1.993547876054343177e-18
2.038926562500000000e+04 7.734362397008443099e-17 1.996123509686680167e-18
2.039942578125000000e+04 8.466602527575084469e-17 2.044790267435931274e-18
2.040958789062500000e+04 8.315303914349745241e-17 2.032647049248499690e-18
2.041975000000000000e+04 8.081067540698409161e-17 2.038888540560518560e-18
2.042991015625000000e+04 9.196085830596209109e-17 2.103210932173254545e-18
2.044007226562500000e+04 9.464302783811223566e-17 2.111031304479484007e-18
2.045023437500000000e+04 9.530963615015646960e-17 2.103983725660532211e-18
2.046039648437500000e+04 9.141266917041094859e-17 2.142122542163514658e-18
2.047055664062500000e+04 8.932448810996778256e-17 2.192448210631240862e-18
2.048071875000000000e+04 9.448761052718087240e-17 2.240496237282302304e-18
2.049088085937500000e+04 8.086147091403974793e-17 2.231167087538776119e-18
2.050104296875000000e+04 7.478750352839756699e-17 2.278449558532919734e-18
2.051120312500000000e+04 7.811250489306472127e-17 2.316605125443306380e-18
2.052136523437500000e+04 6.863760757996791853e-17 2.590989620023577467e-18
2.053152734375000000e+04 7.434392957927723100e-17 2.569731078280964655e-18
2.054168945312500000e+04 6.046230365342052820e-17 2.355266099707962926e-18
2.055184960937500000e+04 6.244529380972655081e-17 2.254844718982800260e-18
2.056201171875000000e+04 6.158149225709457549e-17 2.195347065087932947e-18
2.057217382812500000e+04 7.140052317479303945e-17 2.213187282949170372e-18
2.058233593750000000e+04 7.210005989266178431e-17 2.126733674047578131e-18
2.059249609375000000e+04 6.709372459747444555e-17 2.040361956026628640e-18
2.060265820312500000e+04 7.604372618106959906e-17 2.091418024975239168e-18
2.061282031250000000e+04 8.313772637599787076e-17 2.199255700277399141e-18
2.062298046875000000e+04 8.287410060605477063e-17 2.234016724749021300e-18
2.063314257812500000e+04 7.413049051145894817e-17 2.340256907493188239e-18
2.064330468750000000e+04 7.229084082914101462e-17 2.187592453640401451e-18
2.065346679687500000e+04 6.931786106339682721e-17 2.163637303100865770e-18
2.066362695312500000e+04 7.330383267705305400e-17 2.177847852434220508e-18
2.067378906250000000e+04 6.878736697550941908e-17 2.148550562703664236e-18
2.068395117187500000e+04 7.883557324499937467e-17 2.168576191743266760e-18
2.069411328125000000e+04 6.951880639524310912e-17 2.126292786781087367e-18
2.070427343750000000e+04 8.380656476697354767e-17 2.120339154322236951e-18
2.071443554687500000e+04 8.645539561171535501e-17 2.116253088891378132e-18
2.072459765625000000e+04 6.932538509824860955e-17 2.070657859551689555e-18
2.073475976562500000e+04 7.266733373930575027e-17 2.064692853359416535e-18
2.074491992187500000e+04 7.388892730281386239e-17 2.032650564766103040e-18
2.075508203125000000e+04 8.098175620999475900e-17 2.032124271101366176e-18
2.076524414062500000e+04 7.777178589003167896e-17 1.981127138771400052e-18
2.077540625000000000e+04 7.988450443616561801e-17 1.976548487285765906e-18
2.078556640625000000e+04 8.128208894680051229e-17 1.929891778425018656e-18
2.079572851562500000e+04 7.739268570657617616e-17 1.932788358135026221e-18
2.080589062500000000e+04 7.614105556066503851e-17 1.926627310137578132e-18
2.081605078125000000e+04 8.531890900707159880e-17 1.973384935033056851e-18
2.082621289062500000e+04 8.239971583347805947e-17 1.966273663306938472e-18
2.083637500000000000e+04 7.597904727461285272e-17 1.931092637879292514e-18
2.084653710937500000e+04 8.226822058586172976e-17 1.945762686042920460e-18
2.085669726562500000e+04 8.144644642579234868e-17 1.944552107216449104e-18
2.086685937500000000e+04 7.781961678177194523e-17 1.956705044776078186e-18
2.087702148437500000e+04 7.497028397399218441e-17 1.930395324622910312e-18
2.088718359375000000e+04 7.494636191067715085e-17 2.033775323604022019e-18
2.089734375000000000e+04 8.078851358401257089e-17 2.124693433066716088e-18
2.090750585937500000e+04 8.017622125971101896e-17 1.919386584645595205e-18
2.091766796875000000e+04 7.833888768310823389e-17 1.898240746261442743e-18
2.092783007812500000e+04 7.879501492520467462e-17 1.885005856460594301e-18
2.093799023437500000e+04 7.577424397238962349e-17 1.871850789588857225e-18
2.094815234375000000e+04 7.939559437203247568e-17 1.869334712960624053e-18
2.095831445312500000e+04 8.429040586831296504e-17 1.888748435142090474e-18
2.096847656250000000e+04 8.425463857862617212e-17 1.884031024108700558e-18
2.097863671875000000e+04 8.005201181893005632e-17 1.894398492316133930e-18
2.098879882812500000e+04 8.495717299903480916e-17 1.937903643043054144e-18
2.099896093750000000e+04 7.632714472870986804e-17 1.886723497002560663e-18
2.100912109375000000e+04 7.789291160148904391e-17 1.872373154145684462e-18
2.101928320312500000e+04 8.164560504751551605e-17 1.881436985707734263e-18
2.102944531250000000e+04 8.053423164626886976e-17 1.891158839447069997e-18
2.103960742187500000e+04 8.354031848884987954e-17 1.911228102263984693e-18
2.104976757812500000e+04 8.205967180982486043e-17 1.931374706468173096e-18
2.105992968750000000e+04 8.511140578732899649e-17 1.951617056828264513e-18
2.107009179687500000e+04 8.001982456693439291e-17 1.926918064122890522e-18
2.108025390625000000e+04 8.582985516272315378e-17 1.905683924208348025e-18
2.109041406250000000e+04 8.682433801724870662e-17 1.937877793648911862e-18
2.110057617187500000e+04 7.991913352532953796e-17 1.920268565973729870e-18
2.111073828125000000e+04 7.637765568563480612e-17 1.914082288967598915e-18
2.112090039062500000e+04 7.661741894926697651e-17 1.899027188228827534e-18
2.113106054687500000e+04 8.009974344899681623e-17 1.900366393640550886e-18
2.114122265625000000e+04 8.638384118000706790e-17 1.942533786521819716e-18
2.115138476562500000e+04 8.034347717956924115e-17 1.890228881643407256e-18
2.116154687500000000e+04 7.176200771992361296e-17 1.866322121169705926e-18
2.117170703125000000e+04 7.384090450517148381e-17 1.877004331600215726e-18
2.118186914062500000e+04 7.923436694447853995e-17 1.875717652157389491e-18
2.119203125000000000e+04 7.570800334893637703e-17 1.844954184791082977e-18
2.120219140625000000e+04 8.054793637465764832e-17 1.864428704747572046e-18
2.121235351562500000e+04 7.730516999776806584e-17 1.879872373579090211e-18
2.122251562500000000e+04 7.404621073320714528e-17 1.839544423584986176e-18
2.123267773437500000e+04 7.868662779518062630e-17 1.881210545015047871e-18
2.124283789062500000e+04 8.017696241353986647e-17 1.840997986716394984e-18
2.125300000000000000e+04 7.941721356452216161e-17 1.846421603197752048e-18
2.126316210937500000e+04 7.316351637538445881e-17 1.822667457547066752e-18
2.127332421875000000e+04 7.002863420270649241e-17 1.826614143044710386e-18
2.128348437500000000e+04 7.446794049671118091e-17 1.819728071240359569e-18
2.129364648437500000e+04 8.264864425829731740e-17 1.836763235570429759e-18
2.130380859375000000e+04 7.702973870612260889e-17 1.854113969304188929e-18
2.131397070312500000e+04 8.360192028342792862e-17 1.892823954020139242e-18
2.132413085937500000e+04 9.467491730508737998e-17 1.945014707974019385e-18
2.133429296875000000e+04 9.781795216988266903e-17 1.993575793400016842e-18
2.134445507812500000e+04 1.048128561274270880e-16 1.989491382330383130e-18
2.135461718750000000e+04 8.840142733825250834e-17 1.770145624553012260e-18
2.136477734375000000e+04 7.313132912338879540e-17 1.713688686589889877e-18
2.137493945312500000e+04 7.900021527412192930e-17 1.774558426325829525e-18
2.138510156250000000e+04 7.235733953294537762e-17 1.824508348000303516e-18
2.139526171875000000e+04 7.772226754984180451e-17 1.833189815324200679e-18
2.140542382812500000e+04 7.238816359129155364e-17 1.855667414494563515e-18
2.141558593750000000e+04 7.694070760243230142e-17 1.826330213299451559e-18
2.142574804687500000e+04 7.485142142869076454e-17 1.845545825724211530e-18
2.143590820312500000e+04 7.952906823567403223e-17 1.846458619530163796e-18
2.144607031250000000e+04 7.804556282045202985e-17 1.832064849691128562e-18
2.145623242187500000e+04 7.345497511857874322e-17 1.819286770383562528e-18
2.146639453125000000e+04 8.160274385689546836e-17 1.811583857724315596e-18
2.147655468750000000e+04 7.963734948657967376e-17 1.830183634183029838e-18
2.148671679687500000e+04 7.643191873381828473e-17 1.822433985819173660e-18
2.149687890625000000e+04 7.615288093470209659e-17 1.814587557323648778e-18
2.150704101562500000e+04 7.913185610552606834e-17 1.815674265853390318e-18
2.151720117187500000e+04 7.386697723807915525e-17 1.815362418762457827e-18
2.152736328125000000e+04 7.940610949197924977e-17 1.826591809168171454e-18
2.153752539062500000e+04 7.464532772471195259e-17 1.802560971602587171e-18
2.154768750000000000e+04 7.383267240371535608e-17 1.804895482086364953e-18
2.155784765625000000e+04 7.212621865235316126e-17 1.793910730346813884e-18
2.156800976562500000e+04 6.277233455415041625e-17 1.734085099339069295e-18
2.157817187500000000e+04 7.108323654415239930e-17 1.754897583936362886e-18
2.158833203125000000e+04 7.265759947785722624e-17 1.776684487295243944e-18
2.159849414062500000e+04 6.985741443335291611e-17 1.767432678938991468e-18
2.160865625000000000e+04 6.840137141446767425e-17 1.795981577010340388e-18
2.161881835937500000e+04 7.879120989438693069e-17 1.801502387213672433e-18
2.162897851562500000e+04 7.738807334748058048e-17 1.801571249999667473e-18
2.163914062500000000e+04 8.279109137722384919e-17 1.817169601605733054e-18
2.164930273437500000e+04 8.660606159720821368e-17 1.816187117833173195e-18
2.165946484375000000e+04 7.336172870248686552e-17 1.731290779832288599e-18
2.166962500000000000e+04 7.796730491705961301e-17 1.743700246779385689e-18
2.167978710937500000e+04 7.433562468592719861e-17 1.729680672769954130e-18
2.168994921875000000e+04 7.515482465993031467e-17 1.748536565025830104e-18
2.170011132812500000e+04 7.719774239725457903e-17 1.754227360845041796e-18
2.171027148437500000e+04 7.944170472809863165e-17 1.779018790983868588e-18
2.172043359375000000e+04 7.178109904846133684e-17 1.771991064499618065e-18
2.173059570312500000e+04 6.944097862576921985e-17 1.969283359965712664e-18
2.174075781250000000e+04 7.438059684147048161e-17 1.764215359946466467e-18
2.175091796875000000e+04 7.775169532731399102e-17 1.772431124585496276e-18
2.176108007812500000e+04 8.744557050961073168e-17 1.821895491240401639e-18
2.177124218750000000e+04 1.022889097028460866e-16 1.991460899368871889e-18
2.178140234375000000e+04 1.128406836769236241e-16 2.204889007044038398e-18
2.179156445312500000e+04 1.171619413713496450e-16 2.028033035791678901e-18
2.180172656250000000e+04 9.330344523202955967e-17 1.860960129643984063e-18
2.181188867187500000e+04 8.007270456913368286e-17 1.977171767877324612e-18
2.182204882812500000e+04 7.060793194673452918e-17 1.744275757690569458e-18
2.183221093750000000e+04 7.722503274002392852e-17 1.763044485789397656e-18
2.184237304687500000e+04 7.333817721608625571e-17 1.753559412500405226e-18
2.185253515625000000e+04 5.046068088730710892e-17 1.974015453454975397e-18
2.186269531250000000e+04 7.127583066053434584e-17 1.756845387483772128e-18
2.187285742187500000e+04 7.950445134064445412e-17 1.783330263131648107e-18
2.188301953125000000e+04 7.913548908277640123e-17 1.736373701298850385e-18
2.189318164062500000e+04 7.081201394746361216e-17 1.707244225835065808e-18
2.190334179687500000e+04 7.169066504645213943e-17 1.698389464172838785e-18
2.191350390625000000e+04 6.949424905721763484e-17 1.737041442848333816e-18
2.192366601562500000e+04 6.702557814988987692e-17 1.701451169812627247e-18
2.193382812500000000e+04 7.433394385492249085e-17 1.787313551371397211e-18
2.194398828125000000e+04 7.178292546325385393e-17 1.706935273876277252e-18
2.195415039062500000e+04 6.870163135937952287e-17 1.712411829916837710e-18
2.196431250000000000e+04 6.808391273025962307e-17 1.713032111978675911e-18
2.197447265625000000e+04 6.503929250602344305e-17 1.738521682554497459e-18
2.198463476562500000e+04 6.731230541998035801e-17 1.756353421814456215e-18
2.199479687500000000e+04 6.597116771434608233e-17 1.767060654458495744e-18
2.200495898437500000e+04 6.495006287898612285e-17 1.756423111781063808e-18
2.201511914062500000e+04 6.367223426871420570e-17 1.717210925035717238e-18
2.202528125000000000e+04 6.503401840243780495e-17 1.700509011094929349e-18
2.203544335937500000e+04 7.204219033700757450e-17 1.747751570624517280e-18
2.204560546875000000e+04 8.314613714846630995e-17 1.760042854141595857e-18
2.205576562500000000e+04 6.302915759073588029e-17 1.676142441598225105e-18
2.206592773437500000e+04 6.633580216324925778e-17 1.685489582520074318e-18
2.207608984375000000e+04 7.999966782976770073e-17 1.744907723678559971e-18
2.208625195312500000e+04 7.268702725532941275e-17 1.730978312355896692e-18
2.209641210937500000e+04 7.800466701096740816e-17 1.713311905820871973e-18
2.210657421875000000e+04 7.092497373191385362e-17 1.805827094251252800e-18
2.211673632812500000e+04 6.753525375612055045e-17 1.715769666215920157e-18
2.212689843750000000e+04 6.709757595040649245e-17 1.705639805639442641e-18
2.213705859375000000e+04 5.621130337150231134e-17 2.187979574167076268e-18
2.214722070312500000e+04 5.936141890234105430e-17 1.881805081080320360e-18
2.215738281250000000e+04 6.839278197098692361e-17 1.673536409078376792e-18
2.216754492187500000e+04 6.748413399426477334e-17 1.642160621263627899e-18
2.217770507812500000e+04 5.755237490268758278e-17 1.688683843853024404e-18
2.218786718750000000e+04 6.155171375504266650e-17 1.631624821801539985e-18
2.219802929687500000e+04 5.970060927560209862e-17 1.631247730839792374e-18
2.220818945312500000e+04 6.513447783347114505e-17 1.692191193047825810e-18
2.221835156250000000e+04 7.894693822522861389e-17 1.697965740904058496e-18
2.222851367187500000e+04 7.389820496056425715e-17 1.684080273551437097e-18
2.223867578125000000e+04 6.771293215169694080e-17 1.687017591906612898e-18
2.224883593750000000e+04 6.131893851322534408e-17 1.828998697955547626e-18
2.225899804687500000e+04 7.376553180775565193e-17 1.689294406542665107e-18
2.226916015625000000e+04 6.429144182293670094e-17 1.662580505262688509e-18
2.227932226562500000e+04 6.455951451585288615e-17 1.840451633921803709e-18
2.228948242187500000e+04 8.233137747999137853e-17 1.728365869186301093e-18
2.229964453125000000e+04 7.983128032683150599e-17 1.829964638115856424e-18
2.230980664062500000e+04 6.813933383130067593e-17 1.695072263121348005e-18
2.231996875000000000e+04 7.001180604032471362e-17 1.854660322098780204e-18
2.233012890625000000e+04 7.635026608119195026e-17 1.678857661958930419e-18
2.234029101562500000e+04 8.344333983383416258e-17 1.885790437271600847e-18
2.235045312500000000e+04 6.747795330072777712e-17 1.813976891236431505e-18
2.236061523437500000e+04 6.808951108864538197e-17 1.719392096913443003e-18
2.237077539062500000e+04 6.998627593789887697e-17 1.798266870247671266e-18
2.238093750000000000e+04 6.204063705406560967e-17 1.637842324875794818e-18
2.239109960937500000e+04 6.391469083242084875e-17 1.645118825929270664e-18
2.240125976562500000e+04 6.798876049003642319e-17 1.748869505222382697e-18
2.241142187500000000e+04 6.640302878599266745e-17 1.889633931987828490e-18
2.242158398437500000e+04 6.628175749074749316e-17 1.644263624573467403e-18
2.243174609375000000e+04 6.907384940013858447e-17 1.657322428301418620e-18
2.244190625000000000e+04 6.986538183701302687e-17 1.688635763979919759e-18
2.245206835937500000e+04 6.921701782055926250e-17 1.657485899869974412e-18
2.246223046875000000e+04 6.659771401496314804e-17 1.655758643353387121e-18
2.247239257812500000e+04 6.055324719868705827e-17 1.752024992464119360e-18
2.248255273437500000e+04 5.938706150133019816e-17 1.619190849628796012e-18
2.249271484375000000e+04 6.707894122556689784e-17 1.610667373801896476e-18
2.250287695312500000e+04 7.312966152727388850e-17 1.657484245508749306e-18
2.251303906250000000e+04 6.868023054257155094e-17 1.646738548966226061e-18
2.252319921875000000e+04 5.342494216939498741e-17 1.819875102594240869e-18
2.253336132812500000e+04 6.655324478523229727e-17 1.650280949939484402e-18
2.254352343750000000e+04 7.768250994088005579e-17 1.713681448759530038e-18
2.255368554687500000e+04 7.001616031906919275e-17 1.622486440586783843e-18
2.256384570312500000e+04 7.120185424399250347e-17 1.774051984995793933e-18
2.257400781250000000e+04 7.501801560405894432e-17 1.678815165554960507e-18
2.258416992187500000e+04 6.967602365118738777e-17 1.686235596035020580e-18
2.259433007812500000e+04 6.609119492994997686e-17 1.685712094104851083e-18
2.260449218750000000e+04 5.856345430902339957e-17 1.784961670094755815e-18
2.261465429687500000e+04 6.647298179603505189e-17 1.658613864032767034e-18
2.262481640625000000e+04 6.386805108076265883e-17 1.664069533762860528e-18
2.263497656250000000e+04 6.467514113059799857e-17 1.650472959239173274e-18
2.264513867187500000e+04 6.029893217371885502e-17 1.625030951548573525e-18
2.265530078125000000e+04 6.464872429055550508e-17 1.631186312679310312e-18
2.266546289062500000e+04 6.490992807566504995e-17 1.643928202835077150e-18
2.267562304687500000e+04 6.279361625695018055e-17 1.682064847988951645e-18
2.268578515625000000e+04 5.920717949660196655e-17 1.706268669700136081e-18
2.269594726562500000e+04 6.436977913566792288e-17 1.766176605178829695e-18
2.270610937500000000e+04 6.777935144616249871e-17 1.742801928634153101e-18
2.271626953125000000e+04 6.982291107564210422e-17 1.634887635727755403e-18
2.272643164062500000e+04 6.285725622455756029e-17 1.675876503031289307e-18
2.273659375000000000e+04 5.886843910959415108e-17 1.634739260205378704e-18
2.274675585937500000e+04 5.870753593684033614e-17 1.607190630289759532e-18
2.275691601562500000e+04 5.909316092096765722e-17 1.609809897699408694e-18
2.276707812500000000e+04 5.580790393037245081e-17 1.544868568193329906e-18
2.277724023437500000e+04 6.997241239083248823e-17 1.700754890532010736e-18
2.278740039062500000e+04 5.809622961182894741e-17 1.667971344712273160e-18
2.279756250000000000e+04 6.717836171775087135e-17 1.617907375510843420e-18
2.280772460937500000e+04 7.220812276788571185e-17 1.818542101037111665e-18
2.281788671875000000e+04 7.098866002163553633e-17 1.673508078142396850e-18
2.282804687500000000e+04 6.622597243023691698e-17 1.730521605260190852e-18
2.283820898437500000e+04 7.552374059568406459e-17 1.626674766220869530e-18
2.284837109375000000e+04 5.181113264663873169e-17 1.595599038173324248e-18
2.285853320312500000e+04 6.856048787709837465e-17 1.590769957757239672e-18
2.286869335937500000e+04 7.415625222445629966e-17 1.604557817797579814e-18
2.287885546875000000e+04 6.512173263459292800e-17 1.774019931747057504e-18
2.288901757812500000e+04 6.437536425916388092e-17 1.627499258496431760e-18
2.289917968750000000e+04 7.401914538356441022e-17 1.852396535557375705e-18
2.290933984375000000e+04 5.724400197032781406e-17 1.604922501050139130e-18
2.291950195312500000e+04 6.614917036472259346e-17 1.727867699662391032e-18
2.292966406250000000e+04 6.837033559788468465e-17 1.694707683266365258e-18
2.293982617187500000e+04 6.220394897676317903e-17 1.621455670145966201e-18
2.294998632812500000e+04 4.733003387936541401e-17 1.619565665843859102e-18
2.296014843750000000e+04 5.076685682795993679e-17 1.573212532267918814e-18
2.297031054687500000e+04 5.752358901737073742e-17 1.760467611386141836e-18
2.298047070312500000e+04 4.613551559166738760e-17 1.701386649724848111e-18
2.299063281250000000e+04 5.905045854902521972e-17 1.637779665944393926e-18
2.300079492187500000e+04 6.495163783087242381e-17 1.715863344420291787e-18
2.301095703125000000e+04 5.857314886580252105e-17 1.602002553487826942e-18
2.302111718750000000e+04 6.618930516804366637e-17 1.752609395566888074e-18
2.303127929687500000e+04 6.474709922644521156e-17 1.734029678238028242e-18
2.304144140625000000e+04 4.977627164848073382e-17 1.622993295507125711e-18
2.305160351562500000e+04 4.200047610546175458e-17 1.452791061704566199e-18
2.306176367187500000e+04 4.712423465168467094e-17 1.504217293977294207e-18
2.307192578125000000e+04 3.606351299031550651e-17 1.428691257955410307e-18
2.308208789062500000e+04 4.044262700550593629e-17 1.349570605184100657e-18
2.309225000000000000e+04 3.927514428894859303e-17 1.428349632362425907e-18
2.310241015625000000e+04 3.966439563288134658e-17 1.382997387327674782e-18
2.311257226562500000e+04 3.547731655997877749e-17 1.689722162316931592e-18
2.312273437500000000e+04 4.742988781419036530e-17 1.692788210654935958e-18
2.313289648437500000e+04 7.038996654660435617e-17 1.605377553784619864e-18
2.314305664062500000e+04 5.016223412229797653e-17 1.656444272683617012e-18
2.315321875000000000e+04 5.150726950297860208e-17 1.664942312706680542e-18
2.316338085937500000e+04 5.048527462127953554e-17 1.902012483059531411e-18
2.317354101562500000e+04 4.887886340192195409e-17 1.548247187405302747e-18
2.318370312500000000e+04 4.974965297636877739e-17 1.789741119674087209e-18
2.319386523437500000e+04 5.465455607612241368e-17 1.804151846715679781e-18
2.320402734375000000e+04 4.398334383903711934e-17 1.450225561034732984e-18
2.321418750000000000e+04 5.221340381341306989e-17 1.540131925210698131e-18
2.322434960937500000e+04 4.784344834196482723e-17 1.649191863265481772e-18
2.323451171875000000e+04 6.070674545059729851e-17 1.456207627827139911e-18
2.324467382812500000e+04 6.199150252567995983e-17 1.547877334273914975e-18
2.325483398437500000e+04 5.327978520678173190e-17 1.433620220430460661e-18
2.326499609375000000e+04 5.027688135519782617e-17 1.579119946010042830e-18
2.327515820312500000e+04 4.554268848154043351e-17 1.670247642360442523e-18
2.328532031250000000e+04 4.024247907577015550e-17 1.454476338805066424e-18
2.329548046875000000e+04 4.589010103009025492e-17 1.729565177676926414e-18
2.330564257812500000e+04 6.011347828038446622e-17 1.732037310335117706e-18
2.331580468750000000e+04 4.895221777864315659e-17 1.671484690966515576e-18
2.332596679687500000e+04 5.063961328869212965e-17 1.532636428090048871e-18
2.333612695312500000e+04 4.598740063118364246e-17 1.464085282390788670e-18
2.334628906250000000e+04 3.332838735534971711e-17 1.399655977683880206e-18
2.335645117187500000e+04 2.945375756086557805e-17 1.304294047175398134e-18
2.336661132812500000e+04 3.314074308775328789e-17 1.342332154438802250e-18
2.337677343750000000e+04 3.309381216851947931e-17 1.557304401522452124e-18
2.338693554687500000e+04 3.375603973203963242e-17 1.539439885230720954e-18
2.339709765625000000e+04 3.539423784797640160e-17 1.559947140181982478e-18
2.340725781250000000e+04 2.229626463647896105e-17 1.681032112994179190e-18
2.341741992187500000e+04 4.371899676759987297e-17 1.640042211714879595e-18
2.342758203125000000e+04 3.290689251113964654e-17 1.403877183747314876e-18
2.343774414062500000e+04 4.480815871503824536e-17 1.504078120839232160e-18
2.344790429687500000e+04 3.595725336882694457e-17 1.464687159683997567e-18
2.345806640625000000e+04 3.311287371855515128e-17 1.537384444806103250e-18
2.346822851562500000e+04 5.683469315090187469e-17 1.688696148164636130e-18
2.347839062500000000e+04 3.743993491215884413e-17 1.613985815624306085e-18
2.348855078125000000e+04 4.533458969175679302e-17 1.497384782117606198e-18
2.349871289062500000e+04 2.749020614895455160e-17 1.719843737527896956e-18
2.350887500000000000e+04 3.774732515395089986e-17 1.555449448998801959e-18
2.351903710937500000e+04 4.480036998239044605e-17 1.824477949112792192e-18
2.352919726562500000e+04 4.978038108176389726e-17 1.785156677924165192e-18
2.353935937500000000e+04 3.687929505402755346e-17 1.376649396511789709e-18
2.354952148437500000e+04 3.486083208433280681e-17 1.396425320403977788e-18
2.355968164062500000e+04 6.146208708131132084e-17 1.755879240528310192e-18
2.356984375000000000e+04 2.646637161757316712e-17 1.610844390452982824e-18
2.358000585937500000e+04 3.437194187253436576e-17 1.471137100510379800e-18
2.359016796875000000e+04 1.473717056161417380e-17 1.472183380587682811e-18
2.360032812500000000e+04 2.825315453258161157e-17 1.316883942893608354e-18
2.361049023437500000e+04 2.968610928620927332e-17 1.893029094812052393e-18
2.362065234375000000e+04 4.838281973218615446e-17 1.430731498936272350e-18
2.363081445312500000e+04 4.039100762656017715e-17 1.652256360639837602e-18
2.364097460937500000e+04 2.362901473070194903e-17 1.374092684635964870e-18
2.365113671875000000e+04 2.560317721551080573e-17 1.288369062624950676e-18
2.366129882812500000e+04 2.919895946241964383e-17 1.510678401741945906e-18
2.367146093750000000e+04 1.732279157266712898e-17 1.243020229710226333e-18
2.368162109375000000e+04 2.091642480434455432e-17 1.518256099935967623e-18
2.369178320312500000e+04 2.448451800742879237e-17 1.389010783585782155e-18
2.370194531250000000e+04 1.988282788737381901e-17 1.704980749486391017e-18
2.371210742187500000e+04 2.575619901138821542e-17 1.688498451998235956e-18
2.372226757812500000e+04 3.709217825647420066e-17 1.870117019024946079e-18
2.373242968750000000e+04 4.087858758426833421e-17 1.490776022613613783e-18
2.374259179687500000e+04 2.205714657372458203e-17 1.494416341091883089e-18
2.375275195312500000e+04 4.885710193436690904e-17 1.725945848906700641e-18
2.376291406250000000e+04 3.971894984864044386e-17 1.499744418212490278e-18
2.377307617187500000e+04 2.628396174889297346e-17 1.562538076655651699e-18
2.378323828125000000e+04 3.470621548423439488e-17 1.428256884736243399e-18
2.379339843750000000e+04 3.984082333137155675e-17 1.950679447603935656e-18
2.380356054687500000e+04 3.591479915106827298e-17 1.413620957772883265e-18
2.381372265625000000e+04 3.630766361991665816e-17 1.641628950924909440e-18
2.382388476562500000e+04 2.711021426479871664e-17 1.645050066540852194e-18
2.383404492187500000e+04 9.669148272245692998e-18 1.748870539198148388e-18
2.384420703125000000e+04 4.071567601698724051e-17 1.550537547123885512e-18
2.385436914062500000e+04 4.314876161436296718e-17 1.949290611355459123e-18
2.386453125000000000e+04 2.689129926132533276e-17 1.474964671999815798e-18
2.387469140625000000e+04 4.449961042038861540e-17 1.577994049798781590e-18
2.388485351562500000e+04 4.208116261113262712e-17 1.605806033341922333e-18
2.389501562500000000e+04 3.036160813547722720e-17 1.551629011942149232e-18
2.390517773437500000e+04 4.704114270479249421e-17 1.579314230056416223e-18
2.391533789062500000e+04 4.402840863880900829e-17 1.902823326854986517e-18
2.392550000000000000e+04 1.979826025026884767e-17 1.605245101489034811e-18
2.393566210937500000e+04 2.808865477852441606e-17 1.393002860619539636e-18
2.394582226562500000e+04 3.171599065707970196e-17 1.318098761020719044e-18
2.395598437500000000e+04 3.920486371538363759e-17 1.351489250614917405e-18
2.396614648437500000e+04 2.473298817418869593e-17 1.557968007168872790e-18
2.397630859375000000e+04 1.059455099907025798e-18 1.551656619095093189e-18
2.398646875000000000e+04 2.794006005328539017e-17 1.310720620149475745e-18
2.399663085937500000e+04 3.142675206664950988e-17 1.490969065889068346e-18
2.400679296875000000e+04 3.068752060554557032e-17 1.542089861720611148e-18
2.401695507812500000e+04 2.260320654637901303e-17 1.369273116796924654e-18
2.402711523437500000e+04 2.690605285473082856e-17 1.317623959349113606e-18
2.403727734375000000e+04 1.980226876751727964e-17 1.385430539099499513e-18
2.404743945312500000e+04 2.364035868562250125e-17 1.889513990799008301e-18
2.405760156250000000e+04 4.964664582904877396e-17 2.151815030991104760e-18
2.406776171875000000e+04 1.642958374925889353e-17 1.921145584218189218e-18
2.407792382812500000e+04 3.378097095570198067e-17 1.631118277073927825e-18
2.408808593750000000e+04 2.847735356580798419e-17 1.682172898456466384e-18
2.409824804687500000e+04 2.971453121205659535e-17 1.632906848353420609e-18
2.410840820312500000e+04 4.694194389701268491e-17 1.483340082497068341e-18
2.411857031250000000e+04 3.073224791562753763e-17 1.525218168959096750e-18
2.412873242187500000e+04 2.184528907523750058e-17 1.783443793670721010e-18
2.413889257812500000e+04 1.831016729136962620e-17 1.859839299913974710e-18
2.414905468750000000e+04 1.458351679974877359e-17 1.584341523626783817e-18
2.415921679687500000e+04 4.700058769372024436e-17 2.028369284710681707e-18
2.416937890625000000e+04 2.529068326933929783e-17 1.432888475781080939e-18
2.417953906250000000e+04 3.334161562770566513e-17 1.969063536717926696e-18
2.418970117187500000e+04 2.726000840192594442e-17 1.986121448514842095e-18
2.419986328125000000e+04 2.889319380335064226e-17 1.590751346193457229e-18
2.421002539062500000e+04 4.112695021754860587e-17 1.434152511154638534e-18
2.422018554687500000e+04 2.879423653230969845e-17 1.620418075465094997e-18
2.423034765625000000e+04 4.019133615285722691e-17 1.542549050358154647e-18
2.424050976562500000e+04 2.032570038733471003e-17 1.528684469316000212e-18
2.425067187500000000e+04 6.031606473856605333e-17 1.983539611027910957e-18
2.426083203125000000e+04 4.869672484848267782e-17 1.401782452243600902e-18
2.427099414062500000e+04 4.533772636063959410e-17 1.553058380040640864e-18
2.428115625000000000e+04 2.205157468511842483e-17 1.387897191686132641e-18
2.429131835937500000e+04 4.226254346713080481e-17 1.311352379342313119e-18
2.430147851562500000e+04 3.213021292934420631e-17 1.435391110724360124e-18
2.431164062500000000e+04 2.372854441072677953e-17 1.229962046367734531e-18
2.432180273437500000e+04 2.054492971944086406e-17 1.546646592920012639e-18
2.433196289062500000e+04 3.433970168097949895e-17 1.865412636086203872e-18
2.434212500000000000e+04 3.539295075494326909e-17 1.274328602305052154e-18
2.435228710937500000e+04 7.931819177339343867e-18 2.195635130736254539e-18
2.436244921875000000e+04 1.563415529169932637e-17 1.555728415660385468e-18
2.437260937500000000e+04 3.651894870941985291e-17 1.935803638262935145e-18
2.438277148437500000e+04 3.531953020377306236e-17 1.502015028993948339e-18
2.439293359375000000e+04 2.494391426730604267e-17 1.286441525002548984e-18
2.440309570312500000e+04 4.087340943363375226e-17 1.441618850158695300e-18
2.441325585937500000e+04 1.890432781664401577e-17 1.422918674653132435e-18
2.442341796875000000e+04 1.884564266090582867e-17 1.861461607890344336e-18
2.443358007812500000e+04 1.860487520001001890e-17 1.698335180445139992e-18
2.444374218750000000e+04 6.531847588892744053e-17 2.114456659396066094e-18
2.445390234375000000e+04 7.219729001058371740e-17 2.897675310728891146e-18
2.446406445312500000e+04 3.412286455520484828e-17 1.411100745241587328e-18
2.447422656250000000e+04 3.059999497057010935e-17 1.664946552007319876e-18
2.448438867187500000e+04 5.437771609589377893e-18 1.254992945293895425e-18
2.449454882812500000e+04 4.139560441843541586e-18 1.429821083274581174e-18
2.450471093750000000e+04 2.652844821382282164e-17 1.748837038383339991e-18
2.451487304687500000e+04 3.537117936122087340e-17 1.826293196967039811e-18
2.452503320312500000e+04 2.069617969444618517e-17 1.251678018989089166e-18
2.453519531250000000e+04 8.790510408146966578e-18 1.355860796754683587e-18
2.454535742187500000e+04 1.205423506021680512e-17 1.447841212919048882e-18
2.455551953125000000e+04 1.051110088297284578e-18 1.170635412064512556e-18
2.456567968750000000e+04 5.820081667411892713e-18 1.247475527887013509e-18
2.457584179687500000e+04 1.604490175102988290e-17 1.679968979111895411e-18
2.458600390625000000e+04 3.457384342516875897e-17 1.628521446938394164e-18
2.459616601562500000e+04 -1.752085997034295145e-18 1.232630841216560305e-18
2.460632617187500000e+04 6.096005131521818707e-18 1.266066412154142806e-18
2.461648828125000000e+04 1.535409840606847290e-17 1.509633569230714863e-18
2.462665039062500000e+04 3.893571899639358366e-17 1.396943135467435983e-18
2.463681250000000000e+04 7.854181659406341795e-18 1.560367658125889124e-18
2.464697265625000000e+04 3.019562607376233667e-17 1.489917202342630602e-18
2.465713476562500000e+04 7.441500424623023735e-18 1.074363272689492446e-18
2.466729687500000000e+04 7.417325244040548948e-18 1.187727858652002044e-18
2.467745898437500000e+04 1.070688522818225621e-17 1.492514446068470540e-18
2.468761914062500000e+04 1.733204772372159736e-17 1.265214002532906911e-18
2.469778125000000000e+04 3.114269493557634996e-17 1.259762158513146475e-18
2.470794335937500000e+04 3.230061875297503043e-17 1.602007516571502260e-18
2.471810546875000000e+04 1.553312179732087447e-17 1.928121611914155177e-18
2.472826562500000000e+04 1.504747909660731660e-17 1.141703839562281291e-18
2.473842773437500000e+04 2.872241740280539438e-17 1.521542074919334526e-18
2.474858984375000000e+04 1.033384496989431689e-17 1.058342748778295114e-18
2.475875000000000000e+04 1.963765444894524554e-18 1.722898618927631856e-18
2.476891210937500000e+04 1.517947892439730365e-17 1.301865651692095583e-18
2.477907421875000000e+04 4.728770208433740027e-17 1.740962278951835167e-18
2.478923632812500000e+04 -8.816220008765727231e-18 1.345296149368732887e-18
2.479939648437500000e+04 -3.047359019244343098e-18 1.614587279327208705e-18
2.480955859375000000e+04 -4.358786465227245405e-18 1.551368450049195028e-18
2.481972070312500000e+04 1.028647316339401755e-17 1.541084630481206081e-18
2.482988281250000000e+04 3.278705058399296389e-17 1.867830898607002649e-18
2.484004296875000000e+04 -1.594782197318428133e-18 1.309369420618870374e-18
2.485020507812500000e+04 1.608603413416969475e-17 1.375540560900662376e-18
2.486036718750000000e+04 1.573769431615320140e-18 1.174780310716439209e-18
2.487052929687500000e+04 3.607398178814797763e-17 2.045110179537836157e-18
2.488068945312500000e+04 8.208168639464734671e-18 1.679478254213498328e-18
2.489085156250000000e+04 3.138843044323115321e-17 2.575271534023844835e-18
2.490101367187500000e+04 4.796572218011241578e-17 1.511879261196219764e-18
2.491117578125000000e+04 2.185371266900543433e-18 2.828446704107950015e-18
2.492133593750000000e+04 -2.049417308987399773e-18 1.576869497756015749e-18
2.493149804687500000e+04 -1.314127032630030368e-17 1.672115416183587259e-18
2.494166015625000000e+04 -1.064182664582434803e-17 2.621053912977123534e-18
2.495182031250000000e+04 3.666802319941415956e-17 1.497755255634453385e-18
2.496198242187500000e+04 1.554448064149245264e-17 9.673539153732277608e-19
2.497214453125000000e+04 4.303486215273686548e-17 1.808663703366850270e-18
2.498230664062500000e+04 9.060692411625162007e-19 1.050174960614793380e-18
2.499246679687500000e+04 -4.287951267061573156e-18 1.006449573049780923e-18
2.500262890625000000e+04 2.496218834139856416e-17 1.116758864022249343e-18
2.501279101562500000e+04 7.667747887918322674e-17 1.973025525056902561e-18
2.502295312500000000e+04 2.791461266892080882e-17 1.007728394276787903e-18
2.503311328125000000e+04 1.431391382269936528e-17 1.008913744094576392e-18
2.504327539062500000e+04 5.777572028552180067e-18 7.189914371893209490e-19
2.505343750000000000e+04 1.235017567476505497e-18 1.196987938814380050e-18
2.506359960937500000e+04 1.853803569779328405e-17 1.028137938518191601e-18
2.507375976562500000e+04 -1.463289948231818934e-18 1.417895723780980743e-18
2.508392187500000000e+04 -1.184172636379249131e-18 9.930943284698060142e-19
2.509408398437500000e+04 2.548202337991261398e-17 1.265112569510292596e-18
2.510424609375000000e+04 -2.647771226377126913e-18 7.176902303869867519e-19
2.511440625000000000e+04 2.649376287637724808e-17 1.327008530193680843e-18
2.512456835937500000e+04 8.446617513103558299e-18 1.012137577134425248e-18
2.513473046875000000e+04 5.844406567685239598e-18 5.701289639257692994e-19
2.514489062500000000e+04 2.137541202340889714e-18 1.392311751217751581e-18
2.515505273437500000e+04 4.854757653261870082e-19 1.627897235768646335e-18
2.516521484375000000e+04 4.424343589340339294e-17 1.354828682145370547e-18
2.517537695312500000e+04 4.392019025362992079e-17 1.573539061814724122e-18
2.518553710937500000e+04 2.925437394601579626e-17 1.100904500016598600e-18
2.519569921875000000e+04 6.510024744536247566e-18 1.005352317967229331e-18
2.520586132812500000e+04 1.452702201827262690e-17 9.186239817046929165e-19
2.521602343750000000e+04 -3.169198173980035033e-18 1.093403212631661468e-18
2.522618359375000000e+04 8.263898278874269804e-19 2.073508944328006704e-18
2.523634570312500000e+04 4.978062592722521296e-17 1.396396679275268139e-18
2.524650781250000000e+04 1.252201065969921759e-17 3.483662360973067677e-19
2.525666992187500000e+04 3.802572436963419706e-18 2.014491623875091277e-19
2.526683007812500000e+04 4.309682542524260023e-18 1.387597752304388445e-18
2.527699218750000000e+04 4.960271922979975798e-17 1.070420516299758440e-18
2.528715429687500000e+04 1.955778892003233189e-17 2.199296645717720516e-18
2.529731640625000000e+04 -4.586390587445192564e-17 2.757080042398712447e-18
2.530747656250000000e+04 -6.265375325025726442e-18 7.223210976487883082e-19
2.531763867187500000e+04 -5.794810886108091441e-18 2.620179169479348707e-18
2.532780078125000000e+04 1.203027130699889889e-16 9.608625121186413069e-18
2.533796093750000000e+04 6.757969651607179952e-17 3.503793972528653557e-18
2.534812304687500000e+04 9.198855231287036646e-17 9.121787971668328631e-19
2.535828515625000000e+04 9.020662660241883339e-17 8.943593622184858336e-19
2.536844726562500000e+04 8.846774737104455989e-17 8.769952901973492458e-19
