1.496391503906250000e+04 8.152783173364470601e-16 2.818889459310512333e-18
1.497408300781250000e+04 7.920187396652847694e-16 2.468830759981133787e-18
1.498425000000000000e+04 7.640195361982018377e-16 2.203294616413342437e-18
1.499441699218750000e+04 7.778452844193193584e-16 4.001640482409512517e-18
1.500458496093750000e+04 7.614613908183754439e-16 4.043020192552477726e-18
1.501475195312500000e+04 7.818691673748101156e-16 2.245751315713851689e-18
1.502491894531250000e+04 7.762269220944716108e-16 2.286420064120327571e-18
1.503508593750000000e+04 7.920816318616184012e-16 4.532214393226032017e-18
1.504525390625000000e+04 7.888477130085606859e-16 3.713809339791579412e-18
1.505542089843750000e+04 7.357578583965884798e-16 3.803887240547072744e-18
1.506558789062500000e+04 7.412438260981585661e-16 2.160057679000042542e-18
1.507575488281250000e+04 7.314985532213202305e-16 4.202582919123650488e-18
1.508592285156250000e+04 7.642198065506682764e-16 2.280522886738283898e-18
1.509608984375000000e+04 7.709050140868728418e-16 2.272161951901751033e-18
1.510625683593750000e+04 6.241080633388349994e-16 2.687720534445834799e-18
1.511642382812500000e+04 7.432408650899881893e-16 2.190418309408035732e-18
1.512659179687500000e+04 6.706997458772682302e-16 2.431768312250235967e-18
1.513675878906250000e+04 7.440682574607780306e-16 2.287342990888783611e-18
1.514692578125000000e+04 6.971718548195700652e-16 2.378200509371608171e-18
1.515709375000000000e+04 7.474878353479620478e-16 2.190221647217401249e-18
1.516726074218750000e+04 7.189854413706508584e-16 4.027797587739664358e-18
1.517742773437500000e+04 7.527188461324085898e-16 2.285772174905545412e-18
1.518759472656250000e+04 7.061383867805264784e-16 2.105167214321942455e-18
1.519776269531250000e+04 7.440046241106155513e-16 2.311238377629062337e-18
1.520792968750000000e+04 7.016946931205528086e-16 4.080361193354652778e-18
1.521809667968750000e+04 6.472911962865075895e-16 2.334630838556908821e-18
1.522826367187500000e+04 6.962604473683244380e-16 3.801925168134096962e-18
1.523843164062500000e+04 7.435912720323554527e-16 2.183530583242459809e-18
1.524859863281250000e+04 6.845255999775041577e-16 2.005197887801540019e-18
1.525876562500000000e+04 6.117856397804162516e-16 2.220534094354713225e-18
1.526893261718750000e+04 7.416318730671194424e-16 1.789753113792969228e-18
1.527910058593750000e+04 7.000112680774440901e-16 1.951652625594604293e-18
1.528926757812500000e+04 6.760969868776134286e-16 3.848269616313605444e-18
1.529943457031250000e+04 6.301491023186526694e-16 2.140341001919228575e-18
1.530960253906250000e+04 6.419433478948991575e-16 2.435436444676602368e-18
1.531976953125000000e+04 6.584512788830566236e-16 3.669249947373960365e-18
1.532993652343750000e+04 6.565284611532301584e-16 3.812921707197376912e-18
1.534010351562500000e+04 6.803099699385787083e-16 1.569539436757877095e-18
1.535027148437500000e+04 6.201305024976472118e-16 1.706044400356557641e-18
1.536043847656250000e+04 6.303910361042121789e-16 1.857907006003050837e-18
1.537060546875000000e+04 6.181563333953934546e-16 2.388245790730452139e-18
1.538077246093750000e+04 6.457419200864202707e-16 3.252141228361952224e-18
1.539094042968750000e+04 5.030384678142256483e-16 1.681229912558155933e-18
1.540110742187500000e+04 6.171215767712039200e-16 1.755422016444721506e-18
1.541127441406250000e+04 6.380391612827672736e-16 2.940186810744982035e-18
1.542144238281250000e+04 5.980775761994078753e-16 1.864071362722949138e-18
1.543160937500000000e+04 6.347921663585863201e-16 3.283804668234716432e-18
1.544177636718750000e+04 6.255292258056501051e-16 3.017605746201116969e-18
1.545194335937500000e+04 6.118670608224710712e-16 1.728626741271985004e-18
1.546211132812500000e+04 5.606277085024534944e-16 1.906310927112663220e-18
1.547227832031250000e+04 6.361912530292136107e-16 1.730666465264964201e-18
1.548244531250000000e+04 6.010545793716515206e-16 1.607552625205328051e-18
1.549261230468750000e+04 6.114429620136926837e-16 1.623867315221864554e-18
1.550278027343750000e+04 5.957097485349176821e-16 1.584778481785364954e-18
1.551294726562500000e+04 5.889621252584123154e-16 1.616423516889499858e-18
1.552311425781250000e+04 5.861781926585834471e-16 1.543637620044274432e-18
1.553328125000000000e+04 5.886545993589998010e-16 2.138244305861559788e-18
1.554344921875000000e+04 5.936313414405924426e-16 1.373181234998508003e-18
1.555361621093750000e+04 5.847688886530299016e-16 2.209068543884115709e-18
1.556378320312500000e+04 5.876680177336853547e-16 2.173834785692419495e-18
1.557395117187500000e+04 5.643543887725763989e-16 1.546101997884223039e-18
1.558411816406250000e+04 5.571375092432921498e-16 1.486165834867126053e-18
1.559428515625000000e+04 5.614080376051115186e-16 1.492687120021340985e-18
1.560445214843750000e+04 3.746060913351674949e-16 1.671031395990836516e-18
1.561462011718750000e+04 5.705440290950779952e-16 3.370256415979930428e-18
1.562478710937500000e+04 4.924019045186389752e-16 1.650036001080592137e-18
1.563495410156250000e+04 5.340113922008816148e-16 1.553115972490789868e-18
1.564512109375000000e+04 5.252115669118566886e-16 1.510739819902427968e-18
1.565528906250000000e+04 5.484974026043838626e-16 2.233278879642623999e-18
1.566545605468750000e+04 4.191791884811753213e-16 1.573529239044950054e-18
1.567562304687500000e+04 5.666822470698680298e-16 1.451679847949177776e-18
1.568579003906250000e+04 5.422201473114006496e-16 1.491642287510109942e-18
1.569595800781250000e+04 5.689044909465488901e-16 1.555524722434544285e-18
1.570612500000000000e+04 5.549249533059455106e-16 1.497683290921161272e-18
1.571629199218750000e+04 5.107017337067129136e-16 1.472654253151378622e-18
1.572645996093750000e+04 5.500546197383516904e-16 1.404998633862783643e-18
1.573662695312500000e+04 4.570837540521276512e-16 1.569302966500263498e-18
1.574679394531250000e+04 5.489985284718031881e-16 1.427678271897762556e-18
1.575696093750000000e+04 5.194922416333180425e-16 1.377298112907184421e-18
1.576712890625000000e+04 5.235954280484954836e-16 2.542129715601295228e-18
1.577729589843750000e+04 5.189318234595909161e-16 1.229912932518864195e-18
1.578746289062500000e+04 5.064934093269575326e-16 1.356801301111156379e-18
1.579762988281250000e+04 4.884756421103192761e-16 1.413911504963042516e-18
1.580779785156250000e+04 5.430124407544386408e-16 1.373187749045831858e-18
1.581796484375000000e+04 5.067683244579007564e-16 1.224314470735528734e-18
1.582813183593750000e+04 5.201331808765935309e-16 1.325770964599724945e-18
1.583829882812500000e+04 4.898586880945079384e-16 1.235290537078647997e-18
1.584846679687500000e+04 5.617164634770304907e-16 1.372843952103739506e-18
1.585863378906250000e+04 4.010910116507965511e-16 1.366773066793059697e-18
1.586880078125000000e+04 5.005814369924777366e-16 1.222219325641508484e-18
1.587896875000000000e+04 5.049696499944062496e-16 2.140831726817625658e-18
1.588913574218750000e+04 4.903746899780634175e-16 1.257554310060665875e-18
1.589930273437500000e+04 5.036368436519016081e-16 1.140806245200084687e-18
1.590946972656250000e+04 4.912809622920663154e-16 1.171653257808259057e-18
1.591963769531250000e+04 5.265080037771885987e-16 1.281765989987669564e-18
1.592980468750000000e+04 4.909537958161893419e-16 1.199285846556052361e-18
1.593997167968750000e+04 5.077625293797404914e-16 1.235240389254011969e-18
1.595013867187500000e+04 4.922650028185389989e-16 2.078337817948938141e-18
1.596030664062500000e+04 5.070377338746868273e-16 1.213115169024596723e-18
1.597047363281250000e+04 4.979389588948403365e-16 1.141661653351041087e-18
1.598064062500000000e+04 4.318549306577175190e-16 9.894672448813375570e-19
1.599080859375000000e+04 5.071338721142001904e-16 1.274407701451127537e-18
1.600097558593750000e+04 4.352583884491241029e-16 9.665042974865592322e-19
1.601114257812500000e+04 4.472833181545993794e-16 9.633213064894551817e-19
1.602130957031250000e+04 4.651022443868696888e-16 7.589371263428489158e-19
1.603147753906250000e+04 4.894704293673102485e-16 9.164240948656081394e-19
1.604164453125000000e+04 5.387122662394653715e-16 1.262518220916596594e-18
1.605181152343750000e+04 3.943242242538595559e-16 9.402856705983487596e-19
1.606197851562500000e+04 4.770097806198114396e-16 2.481464082681503040e-18
1.607214648437500000e+04 4.252961163191110562e-16 9.726269849831001739e-19
1.608231347656250000e+04 4.122028133693520901e-16 7.653315943694018117e-19
1.609248046875000000e+04 5.451178999635168144e-16 1.261074480554961853e-18
1.610264746093750000e+04 3.736787490766016462e-16 9.682640208421892295e-19
1.611281542968750000e+04 4.864461511686979725e-16 1.145337023607767327e-18
1.612298242187500000e+04 4.962742215161304159e-16 9.359847450033792922e-19
1.613314941406250000e+04 4.756286933993133029e-16 1.101140866876635627e-18
1.614331738281250000e+04 4.121607264197853920e-16 9.206394072671783685e-19
1.615348437500000000e+04 4.835082173911464318e-16 1.077055538788199413e-18
1.616365136718750000e+04 4.865476363036908784e-16 1.095653247295382273e-18
1.617381835937500000e+04 4.101144006983374092e-16 1.181505082301342185e-18
1.618398632812500000e+04 3.844039331942948005e-16 9.431929002587429445e-19
1.619415332031250000e+04 3.787978456328922137e-16 7.286985567739955825e-19
1.620432031250000000e+04 4.913460250103272864e-16 1.073327022177116641e-18
1.621448730468750000e+04 4.643274739379280210e-16 1.132341809389406124e-18
1.622465527343750000e+04 4.206921746134287135e-16 9.475785084689225281e-19
1.623482226562500000e+04 4.599191439035022182e-16 9.526971020994006634e-19
1.624498925781250000e+04 4.137502366848672900e-16 9.523149446564011646e-19
1.625515625000000000e+04 4.331812519042197449e-16 1.113496153493610494e-18
1.626532421875000000e+04 4.758073644116247568e-16 1.065605187761357558e-18
1.627549121093750000e+04 5.092493898395270089e-16 1.018283322290541106e-18
1.628565820312500000e+04 4.603349312014856729e-16 1.100442106054181457e-18
1.629582617187500000e+04 5.112799395723323804e-16 1.033021716252281245e-18
1.630599316406250000e+04 4.815064667785477065e-16 1.083131180387401401e-18
1.631616015625000000e+04 4.553779355754758972e-16 7.295910846549402993e-19
1.632632714843750000e+04 5.216871686974499517e-16 3.360002271516416821e-18
1.633649511718750000e+04 5.167944416963130960e-16 1.016803185981954032e-18
1.634666210937500000e+04 4.351448595644124250e-16 9.613281114059320924e-19
1.635682910156250000e+04 4.351459183555964928e-16 9.692432992898754451e-19
1.636699609375000000e+04 4.997332923144801650e-16 1.020378570782137925e-18
1.637716406250000000e+04 5.166956564788395632e-16 1.013119957509408538e-18
1.638733007812500000e+04 5.096101199959389341e-16 1.012747209245876830e-18
1.639749804687500000e+04 5.582372756461834520e-16 1.047306918635918895e-18
1.640766601562500000e+04 4.897223687295591994e-16 1.056628416958778964e-18
1.641783203125000000e+04 5.070829971978057290e-16 9.842919893788995393e-19
1.642800000000000000e+04 4.836605774425337990e-16 1.029125798964733054e-18
1.643816796875000000e+04 4.719219713430100778e-16 1.032315097214007821e-18
1.644833398437500000e+04 4.989223641466025792e-16 1.018429216271080146e-18
1.645850195312500000e+04 5.045350691529055902e-16 9.853099385202226090e-19
1.646866992187500000e+04 5.202639945273851169e-16 9.790353599837016176e-19
1.647883593750000000e+04 4.335258090252950332e-16 1.023490527644138984e-18
1.648900390625000000e+04 4.737653267944722489e-16 9.954129157267921508e-19
1.649916992187500000e+04 4.393857153032982915e-16 9.876565465204589794e-19
1.650933789062500000e+04 4.938284138809336237e-16 9.550892050333274503e-19
1.651950585937500000e+04 5.331487420836623133e-16 9.433316598064987149e-19
1.652967187500000000e+04 4.955297854346122927e-16 1.002308189915457620e-18
1.653983984375000000e+04 4.607983641027521820e-16 9.943067684526556145e-19
1.655000781250000000e+04 4.508267216707601346e-16 1.050827089130214873e-18
1.656017382812500000e+04 3.777943762881918847e-16 1.054030552847479611e-18
1.657034179687500000e+04 3.469253987260317819e-16 1.029705238983826450e-18
1.658050976562500000e+04 4.003512077807087248e-16 1.031307384432765095e-18
1.659067578125000000e+04 3.848740894195801406e-16 1.021960450306069021e-18
1.660084375000000000e+04 3.791862631787675138e-16 1.029142652769713822e-18
1.661100976562500000e+04 4.009294665858873950e-16 1.049513319522327527e-18
1.662117773437500000e+04 3.412419135290738334e-16 1.048275030145335645e-18
1.663134570312500000e+04 4.103287000339927472e-16 1.075634132303103604e-18
1.664151171875000000e+04 5.080337916810986811e-16 2.051820061871713180e-18
1.665167968750000000e+04 4.031005443785981752e-16 1.120348517687999776e-18
1.666184765625000000e+04 4.751801894537421508e-16 1.111030224690013350e-18
1.667201367187500000e+04 4.542856336504322735e-16 1.058472202544159663e-18
1.668218164062500000e+04 4.346892881876876199e-16 1.071343546465791050e-18
1.669234765625000000e+04 4.406049927610912551e-16 1.068925594137721981e-18
1.670251562500000000e+04 3.729402951652735065e-16 1.064058670208613104e-18
1.671268359375000000e+04 3.692245469141261028e-16 1.070450915187269764e-18
1.672284960937500000e+04 3.367389275627923626e-16 1.078704419941747305e-18
1.673301757812500000e+04 4.073182655301121587e-16 1.090492777646393640e-18
1.674318554687500000e+04 3.997928542497905307e-16 1.094051412039173335e-18
1.675335156250000000e+04 4.102316088824137230e-16 1.109192539561650230e-18
1.676351953125000000e+04 3.802530747060547034e-16 1.101208075301405561e-18
1.677368750000000000e+04 4.157428022839442265e-16 1.102903795557139268e-18
1.678385351562500000e+04 3.742300351763661872e-16 1.097662779196003284e-18
1.679402148437500000e+04 4.521024062288843143e-16 1.111092780223837672e-18
1.680418750000000000e+04 4.547912064408246840e-16 1.135184208769291465e-18
1.681435546875000000e+04 3.328579549473711669e-16 1.121870840207827054e-18
1.682452343750000000e+04 4.621169297038311106e-16 1.131294288541184283e-18
1.683468945312500000e+04 4.110195877513766376e-16 1.134263143157213669e-18
1.684485742187500000e+04 4.982968832546144818e-16 2.513639960943743849e-18
1.685502539062500000e+04 4.486602231499204479e-16 1.100110923616430539e-18
1.686519140625000000e+04 3.827112701981050897e-16 1.159046921875374346e-18
1.687535937500000000e+04 3.656189129461217581e-16 1.159303658057995492e-18
1.688552734375000000e+04 3.772379021116254111e-16 1.168880134804675031e-18
1.689569335937500000e+04 5.025094957386653377e-16 2.896694274522403255e-18
1.690586132812500000e+04 3.296929634003962703e-16 1.165987070612270817e-18
1.691602734375000000e+04 4.375681414171681731e-16 1.162485098091451005e-18
1.692619531250000000e+04 3.526155807772289597e-16 1.187286764590358142e-18
1.693636328125000000e+04 4.223351538333060392e-16 1.195632810175865053e-18
1.694652929687500000e+04 3.999028097142559796e-16 1.207663531799989425e-18
1.695669726562500000e+04 4.338832304592567463e-16 1.216100567252877169e-18
1.696686523437500000e+04 4.995169812755750980e-16 2.649017373969938049e-18
1.697703125000000000e+04 3.398979369395772757e-16 1.225640854847757514e-18
1.698719921875000000e+04 4.641758021008102978e-16 1.221372292694254184e-18
1.699736718750000000e+04 4.479793674790056007e-16 1.233681463992079219e-18
1.700753320312500000e+04 4.966843972208383109e-16 2.133143289819098404e-18
1.701770117187500000e+04 4.911784713054485451e-16 2.080131145516953105e-18
1.702786718750000000e+04 4.993177167747335238e-16 2.552858041350954859e-18
1.703803515625000000e+04 3.826973470940345972e-16 1.253987300464184081e-18
1.704820312500000000e+04 4.609873583291082978e-16 1.277191060814791906e-18
1.705836914062500000e+04 5.005506791085805648e-16 2.665373009426795927e-18
1.706853710937500000e+04 4.447056380774269332e-16 1.301275975312921844e-18
1.707870507812500000e+04 5.131586586493424185e-16 2.268003094576987548e-18
1.708887109375000000e+04 4.651792714455106267e-16 1.253261449476668799e-18
1.709903906250000000e+04 5.095991615071838315e-16 1.189014434697251709e-18
1.710920507812500000e+04 4.738830114345813933e-16 1.344261243024852480e-18
1.711937304687500000e+04 4.783064821829393666e-16 1.298800844125010047e-18
1.712954101562500000e+04 4.429597972940174135e-16 1.309437042633946584e-18
1.713970703125000000e+04 4.049877073153011547e-16 1.344594596811711350e-18
1.714987500000000000e+04 5.025803818084386820e-16 1.229904143724855819e-18
1.716004296875000000e+04 4.685493508448394708e-16 1.348989407406205586e-18
1.717020898437500000e+04 5.116504106076377300e-16 2.456437940043864326e-18
1.718037695312500000e+04 5.198174493455044905e-16 1.215623594232163780e-18
1.719054492187500000e+04 4.961582309419157802e-16 1.245034621296946093e-18
1.720071093750000000e+04 4.906508756584275228e-16 1.353918163086102801e-18
1.721087890625000000e+04 5.068511219284948643e-16 2.331477212471550403e-18
1.722104492187500000e+04 4.158232704139333850e-16 1.446027929618756076e-18
1.723121289062500000e+04 5.282015932156643688e-16 1.325713061956846233e-18
1.724138085937500000e+04 4.733378398539048442e-16 1.465821120906231199e-18
1.725154687500000000e+04 4.960790333613475031e-16 1.259636013469732138e-18
1.726171484375000000e+04 4.679515573423147484e-16 1.431645119922837169e-18
1.727188281250000000e+04 5.198812944539037834e-16 2.862587756710463679e-18
1.728204882812500000e+04 4.859769478554782935e-16 1.521885148078390894e-18
1.729221679687500000e+04 5.249737624119150438e-16 2.509955078109973249e-18
1.730238476562500000e+04 5.487112254840063701e-16 1.456753980621731186e-18
1.731255078125000000e+04 5.184972955576494600e-16 2.484336260563440290e-18
1.732271875000000000e+04 5.319939185391994816e-16 2.825522000257115648e-18
1.733288476562500000e+04 5.603274882622110483e-16 1.536205402240485478e-18
1.734305273437500000e+04 5.060362232936770240e-16 2.546074126352254340e-18
1.735322070312500000e+04 4.979777635917364241e-16 1.375764003063628262e-18
1.736338671875000000e+04 5.055280035253244438e-16 1.441119750056596117e-18
1.737355468750000000e+04 5.266611049824048135e-16 2.539531748092419306e-18
1.738372265625000000e+04 6.433374053074021257e-16 1.605982429607549266e-18
1.739388867187500000e+04 5.183020015237481404e-16 1.411739432072054835e-18
1.740405664062500000e+04 5.245378051418750961e-16 1.431580910027787740e-18
1.741422265625000000e+04 5.349824095957902634e-16 2.575710973724263631e-18
1.742439062500000000e+04 5.207835963009664268e-16 2.614852333129660347e-18
1.743455859375000000e+04 5.224504512620444831e-16 2.834293837062934230e-18
1.744472460937500000e+04 6.213300599696369112e-16 1.765446618288251648e-18
1.745489257812500000e+04 5.175000201413759281e-16 1.502721131044338918e-18
1.746506054687500000e+04 5.785611430012807446e-16 1.760584243852511813e-18
1.747522656250000000e+04 5.469463264592836285e-16 1.509876346740499176e-18
1.748539453125000000e+04 5.395041891055889390e-16 1.484140276342136826e-18
1.749556250000000000e+04 5.174673564333474342e-16 2.804290135089257672e-18
1.750572851562500000e+04 5.321455374367580014e-16 2.860689170409501343e-18
1.751589648437500000e+04 5.455022941028926566e-16 2.901907580333018712e-18
1.752606250000000000e+04 5.288324739426912124e-16 1.495495604996111652e-18
1.753623046875000000e+04 5.255499036347255782e-16 1.541070051422909834e-18
1.754639843750000000e+04 5.459713915369939288e-16 1.592895915329077522e-18
1.755656445312500000e+04 5.260413945023698860e-16 2.790152170854654461e-18
1.756673242187500000e+04 5.419794311357028181e-16 2.854578166839112712e-18
1.757690039062500000e+04 5.497873279039337552e-16 2.740983314473583666e-18
1.758706640625000000e+04 5.389661114258456447e-16 2.599664676697727344e-18
1.759723437500000000e+04 5.341550172250004221e-16 2.709354409391393547e-18
1.760740234375000000e+04 5.291191945953367930e-16 1.563456247135585560e-18
1.761756835937500000e+04 5.510295546606413901e-16 2.877953256974095583e-18
1.762773632812500000e+04 5.450023858453350092e-16 1.616081270911056042e-18
1.763790234375000000e+04 4.995435039947359983e-16 1.752949987184106783e-18
1.764807031250000000e+04 5.778698052976436253e-16 2.095208993722569693e-18
1.765823828125000000e+04 5.598548968172023521e-16 3.114758315940623208e-18
1.766840429687500000e+04 5.460485244747532736e-16 2.839576832840157279e-18
1.767857226562500000e+04 5.303141992652350006e-16 2.726276456772697111e-18
1.768874023437500000e+04 5.380622743315661028e-16 2.849271182824125625e-18
1.769890625000000000e+04 5.434736501942186073e-16 2.779604584068837667e-18
1.770907421875000000e+04 5.550988597579286591e-16 2.786930095573607280e-18
1.771924218750000000e+04 5.408106315476102904e-16 2.831947746050580705e-18
1.772940820312500000e+04 5.481985587926807048e-16 3.170924293123280063e-18
1.773957617187500000e+04 5.526965155008378532e-16 3.103022277409720851e-18
1.774974218750000000e+04 5.587998114022787143e-16 2.756980780725206083e-18
1.775991015625000000e+04 5.558735772673111235e-16 2.763284310583166431e-18
1.777007812500000000e+04 5.352459956610639610e-16 2.924784087353785245e-18
1.778024414062500000e+04 5.614463658459747757e-16 1.829670575408093823e-18
1.779041210937500000e+04 5.506732714272025500e-16 1.812978691032233139e-18
1.780058007812500000e+04 5.270364993967160787e-16 1.791629159422239495e-18
1.781074609375000000e+04 5.647978634600232285e-16 3.041621901310828436e-18
1.782091406250000000e+04 5.423053800017181136e-16 3.095912453249674440e-18
1.783108007812500000e+04 5.147536746285814695e-16 2.776940235315804364e-18
1.784124804687500000e+04 5.547524232825016503e-16 3.165651223513407650e-18
1.785141601562500000e+04 5.569098161991583532e-16 2.891979965416310412e-18
1.786158203125000000e+04 5.602847660379339095e-16 3.064470490985921305e-18
1.787175000000000000e+04 5.688098350146932221e-16 2.961356430571745396e-18
1.788191796875000000e+04 5.369097271881490170e-16 3.240417390745085024e-18
1.789208398437500000e+04 5.194874241334305337e-16 2.784603650100801889e-18
1.790225195312500000e+04 5.285665055972533621e-16 2.873129966822298879e-18
1.791241992187500000e+04 5.252122551261263327e-16 3.008095857493747948e-18
1.792258593750000000e+04 5.344525904872826985e-16 3.079046654150024482e-18
1.793275390625000000e+04 5.543808405164530294e-16 3.156357642536221246e-18
1.794291992187500000e+04 5.421163857753619978e-16 2.933621685018301793e-18
1.795308789062500000e+04 5.252536538614233867e-16 3.021886405871078887e-18
1.796325585937500000e+04 5.568498886181401115e-16 2.995885017291240154e-18
1.797342187500000000e+04 5.465189453978346306e-16 3.217494148019709245e-18
1.798358984375000000e+04 4.723415702892561768e-16 2.682650330881191016e-18
1.799375781250000000e+04 4.467455581122113054e-16 3.470057411245678323e-18
1.800392382812500000e+04 5.434863556884274218e-16 3.698469275331783514e-18
1.801409179687500000e+04 5.859634168668952786e-16 2.645345519230815159e-18
1.802425976562500000e+04 5.964945775001079947e-16 3.515267794805376604e-18
1.803442578125000000e+04 5.352213787660343829e-16 3.390196638621286852e-18
1.804459375000000000e+04 4.481106575858300172e-16 2.655618068462958072e-18
1.805475976562500000e+04 5.332745264763295769e-16 3.687769280518103825e-18
1.806492773437500000e+04 6.183016524854067705e-16 3.808795316711656133e-18
1.807509570312500000e+04 5.565292337080451554e-16 3.329129616309253307e-18
1.808526171875000000e+04 4.910710040002656557e-16 3.218525642243562871e-18
1.809542968750000000e+04 4.663290657318491361e-16 2.919085019728448023e-18
1.810559765625000000e+04 4.976527146982275863e-16 3.423232371130276533e-18
1.811576367187500000e+04 5.817337578447809299e-16 4.137527231897886244e-18
1.812593164062500000e+04 6.130952056564306033e-16 3.141718820440717177e-18
1.813609960937500000e+04 5.014838976582179902e-16 2.539154553733095126e-18
1.814626562500000000e+04 4.936792831426576635e-16 3.547626273187838493e-18
1.815643359375000000e+04 5.461307925497553475e-16 4.014365828953028295e-18
1.816659960937500000e+04 5.441406886401813688e-16 3.516592110966074001e-18
1.817676757812500000e+04 4.859980178000412442e-16 3.570118554814074145e-18
1.818693554687500000e+04 3.839747521878328872e-16 3.710276037805059155e-18
1.819710156250000000e+04 4.194772381994904282e-16 3.654400814607714688e-18
1.820726953125000000e+04 6.307611895021623082e-16 5.484267431820983579e-18
1.821743750000000000e+04 7.290966324807030517e-16 6.031507791209527757e-18
1.822760351562500000e+04 6.284861119453964608e-16 4.261566273472662956e-18
1.823777148437500000e+04 4.334974069517824125e-16 3.607492642840751318e-18
1.824793750000000000e+04 4.097425002949335680e-16 3.393478477701590989e-18
1.825810546875000000e+04 5.304803765415744537e-16 4.499265307886207265e-18
1.826827343750000000e+04 4.796459059703444324e-16 3.454062219740740427e-18
1.827843945312500000e+04 4.479616327266724637e-16 3.251043146098788080e-18
1.828860742187500000e+04 4.708505276042925913e-16 4.424866202051350297e-18
1.829877539062500000e+04 5.500584843261735381e-16 4.252441644135590508e-18
1.830894140625000000e+04 5.640081640553862036e-16 4.844729018912853743e-18
1.831910937500000000e+04 5.768558009806618210e-16 5.259529076835226384e-18
1.832927734375000000e+04 3.862949607188196277e-16 5.036166323208144874e-18
1.833944335937500000e+04 3.028671123234973582e-16 3.875253488666004036e-18
1.834961132812500000e+04 5.187708342600533956e-16 3.793989610927569491e-18
1.835977734375000000e+04 2.998860063354154499e-16 4.925706278569038664e-18
1.836994531250000000e+04 5.081522704145958764e-16 4.287722965212508521e-18
1.838011328125000000e+04 5.289081775123520655e-16 6.425958792472789640e-18
1.839027929687500000e+04 4.433179863515875757e-16 6.667863213120553542e-18
1.840044726562500000e+04 4.425546243776542392e-16 3.482960188030586725e-18
1.841061523437500000e+04 6.694414254945627637e-16 6.935194752207891238e-18
1.842078125000000000e+04 1.037892869555862106e-15 6.574738806169027410e-18
1.843094921875000000e+04 6.045629898391788326e-16 4.037549633571358278e-18
1.844111718750000000e+04 6.135347098769371784e-16 5.956734386147490544e-18
1.845128320312500000e+04 3.163039930124863499e-16 3.700601746950945220e-18
1.846145117187500000e+04 3.533265590573305380e-16 2.942316800822306081e-18
1.847161718750000000e+04 6.905778092043137438e-16 6.957873563062257598e-18
1.848178515625000000e+04 7.931601695012691425e-16 6.818947338413057770e-18
1.849195312500000000e+04 7.035235431327932498e-16 4.044380491069821180e-18
1.850211914062500000e+04 5.701613290215966617e-16 3.382986725607121524e-18
1.851228710937500000e+04 4.256012599383594179e-16 4.105665889063568724e-18
1.852245507812500000e+04 3.793442083536508391e-16 6.426580418703123240e-18
1.853262109375000000e+04 6.970617934759862095e-16 4.241857041017361966e-18
1.854278906250000000e+04 5.403230052677878304e-16 3.297651464893700977e-18
1.855295507812500000e+04 3.939923726269930820e-16 4.805392444882894512e-18
1.856312304687500000e+04 5.220355639365674861e-16 3.433186869416892806e-18
1.857329101562500000e+04 5.358490831195090228e-16 4.705840017391218802e-18
1.858345703125000000e+04 2.826977226021555687e-16 1.500791732265558981e-18
1.859362500000000000e+04 5.554811363149363655e-16 3.642973728035600887e-18
1.860379296875000000e+04 5.878035959448052461e-16 3.214576061613775302e-18
1.861395898437500000e+04 5.166762806001711211e-16 4.426025909270149642e-18
1.862412695312500000e+04 3.832091402826334064e-16 3.676048544828533699e-18
1.863429492187500000e+04 4.204069892080000313e-16 2.422538010589909869e-18
1.864446093750000000e+04 6.117935277747375573e-16 4.707108085270262594e-18
1.865462890625000000e+04 3.607728786362022957e-16 3.781236140243226910e-18
1.866479492187500000e+04 3.149254204210503744e-16 2.817815365285112227e-18
1.867496289062500000e+04 5.174760914606159942e-16 7.641831161274178743e-18
1.868513085937500000e+04 3.259795444898538159e-16 3.212210531857026781e-18
1.869529687500000000e+04 3.635525496015152907e-16 4.762261179792848267e-18
1.870546484375000000e+04 1.032779014015932674e-15 9.218622697257461369e-18
1.871563281250000000e+04 4.770426560860767471e-16 7.645766059448093495e-18
1.872579882812500000e+04 4.330663201211891770e-16 4.713464968277732611e-18
1.873596679687500000e+04 5.730598757671008774e-16 5.273517114583804358e-18
1.874613476562500000e+04 4.687127752641003474e-16 7.489454566274560409e-18
1.875630078125000000e+04 5.849203487319108111e-16 3.824511334759857383e-18
1.876646875000000000e+04 6.758368948232471550e-16 9.388630647013647488e-18
1.877663476562500000e+04 6.456660576980818075e-16 6.060019052563005515e-18
1.878680273437500000e+04 4.380931959653474326e-16 3.651169847135082562e-18
1.879697070312500000e+04 3.962144047454371288e-16 3.624902313193154892e-18
1.880713671875000000e+04 5.298025913650934032e-16 3.858584558552141699e-18
1.881730468750000000e+04 2.683088562897915485e-16 1.203650465058188411e-18
1.882747265625000000e+04 1.948307995234001256e-16 1.204557778792582514e-18
1.883763867187500000e+04 2.656042006798697624e-16 1.148032805224077644e-18
1.884780664062500000e+04 2.870966823346023707e-16 1.401623013180531306e-18
1.885797460937500000e+04 3.988062990942556861e-16 1.361762110039790025e-18
1.886814062500000000e+04 3.252766659623103568e-16 7.964125956933521192e-19
1.887830859375000000e+04 2.002397004616598714e-16 9.138000711674367974e-19
1.888847460937500000e+04 2.216158077303736194e-16 8.272344826904201908e-19
1.889864257812500000e+04 3.810477239594772456e-16 1.688731303340669634e-18
1.890881054687500000e+04 3.926622662020078135e-16 2.754348071630602934e-18
1.891897656250000000e+04 3.849506135524086462e-16 1.397864821464973194e-18
1.892914453125000000e+04 5.643866819036904691e-16 7.625439750255827946e-18
1.893931250000000000e+04 5.596211686633193686e-16 4.858899863576805937e-18
1.894947851562500000e+04 4.256818074776873816e-16 3.380363322294409597e-18
1.895964648437500000e+04 2.209190437219181523e-16 1.102521638114139769e-18
1.896981250000000000e+04 2.690816150354834874e-16 1.418921324342969928e-18
1.897998046875000000e+04 2.516572208681764700e-16 2.330546013896968832e-18
1.899014843750000000e+04 5.421843601693791554e-16 3.159580131407574704e-18
1.900031445312500000e+04 3.548956346525599260e-16 3.137582296992492624e-18
1.901048242187500000e+04 3.303992035899491449e-16 2.145957971868769909e-18
1.902065039062500000e+04 1.786391559317033356e-16 2.148737712317254359e-18
1.903081640625000000e+04 2.756238592920592879e-16 2.431847514793887919e-18
1.904098437500000000e+04 2.496970807491116122e-16 1.924780836215206636e-18
1.905115234375000000e+04 6.059790701083104126e-16 4.146366897513934174e-18
1.906131835937500000e+04 9.144777339211871900e-16 1.130646792237193087e-17
1.907148632812500000e+04 5.107886604629248862e-16 4.835072512441909698e-18
1.908165234375000000e+04 3.888718202328244212e-16 3.052040861511393235e-18
1.909182031250000000e+04 2.863497845635812897e-16 1.477368769052624603e-18
1.910198828125000000e+04 2.135509555766592097e-16 1.256573894239637399e-18
1.911215429687500000e+04 3.453682874711823609e-16 2.115907534190484105e-18
1.912232226562500000e+04 3.688124653852868856e-16 2.218432021623062844e-18
1.913249023437500000e+04 4.642623053405486432e-16 3.091369990915839489e-18
1.914265625000000000e+04 3.566992854346195518e-16 2.228585870437304397e-18
1.915282421875000000e+04 4.114395572745371604e-16 3.197956348746359870e-18
1.916299218750000000e+04 5.132494499933762389e-16 6.520721430627477043e-18
1.917315820312500000e+04 2.433240313237498582e-16 1.016060377791881413e-18
1.918332617187500000e+04 2.093958883934624428e-16 9.784791844193362756e-19
1.919349218750000000e+04 2.589385807805704527e-16 1.301629905217517970e-18
1.920366015625000000e+04 4.536869401754010933e-16 6.066993425897746368e-18
1.921382812500000000e+04 5.115807950872852672e-16 3.522081695101282169e-18
1.922399414062500000e+04 2.915632988237111100e-16 1.065081479036034923e-18
1.923416210937500000e+04 4.229763577743775446e-16 3.378271382525262990e-18
1.924433007812500000e+04 4.439399467628886474e-16 3.326136670057883315e-18
1.925449609375000000e+04 2.666159550655854225e-16 1.041365900681409912e-18
1.926466406250000000e+04 3.437443400228386552e-16 3.373132936560083582e-18
1.927483203125000000e+04 4.488436057830010040e-16 3.407021078690309158e-18
1.928499804687500000e+04 3.871319351498252832e-16 3.033718810943343672e-18
1.929516601562500000e+04 3.471678883769629270e-16 2.874720014754778936e-18
1.930533203125000000e+04 4.478831762999330342e-16 3.636861276899140289e-18
1.931550000000000000e+04 4.290771655165358462e-16 2.801574087547939805e-18
1.932566796875000000e+04 3.841714755898326984e-16 2.046492605136565405e-18
1.933583398437500000e+04 4.044087867656324421e-16 3.047779847380979451e-18
1.934600195312500000e+04 3.695825771530186548e-16 2.733260756274788600e-18
1.935616992187500000e+04 3.482480406731693718e-16 2.269956895183837799e-18
1.936633593750000000e+04 3.584493084432061397e-16 2.426005344922579023e-18
1.937650390625000000e+04 3.467619743067709053e-16 2.821034338638862334e-18
1.938666992187500000e+04 4.060129612886136802e-16 3.056201993582841240e-18
1.939683789062500000e+04 4.307447086918835466e-16 3.066280568961340468e-18
1.940700585937500000e+04 4.339204999089359355e-16 3.099655445521476890e-18
1.941717187500000000e+04 3.868931247982587739e-16 2.713428480703370347e-18
1.942733984375000000e+04 3.260504305596271602e-16 2.371091512392174313e-18
1.943750781250000000e+04 3.714376057772851743e-16 2.743697500858523288e-18
1.944767382812500000e+04 4.200670642983550399e-16 3.034310658671625363e-18
1.945784179687500000e+04 3.718365847652215514e-16 2.646440499566682230e-18
1.946800976562500000e+04 3.610081155675225759e-16 2.385449299874563491e-18
1.947817578125000000e+04 3.716323439458148583e-16 2.549317501534074762e-18
1.948834375000000000e+04 3.833779380671534275e-16 2.642549648760385926e-18
1.949850976562500000e+04 3.838678936875808368e-16 2.826312991717869480e-18
1.950867773437500000e+04 3.422151014459098211e-16 2.646956453473762181e-18
1.951884570312500000e+04 2.583324228276915940e-16 9.068528913953336253e-19
1.952901171875000000e+04 3.295659878676469303e-16 2.241879076471337828e-18
1.953917968750000000e+04 3.403503054729702755e-16 2.613144411959891483e-18
1.954934765625000000e+04 3.610549406076379777e-16 3.225288464136643287e-18
1.955951367187500000e+04 3.644690657202240454e-16 3.285766947442845352e-18
1.956968164062500000e+04 3.833637767350665197e-16 3.038832648285299627e-18
1.957984960937500000e+04 4.042724409309041015e-16 3.221501631292375526e-18
1.959001562500000000e+04 4.219277309856767208e-16 2.772710033663208181e-18
1.960018359375000000e+04 3.722263258000769364e-16 2.428498260493660710e-18
1.961034960937500000e+04 3.311277048641470466e-16 2.243025755595489462e-18
1.962051757812500000e+04 3.315510360493169849e-16 2.449350242965203708e-18
1.963068554687500000e+04 3.554052308494517944e-16 2.188564597655304397e-18
1.964085156250000000e+04 3.637476583469593985e-16 2.304560962134228021e-18
1.965101953125000000e+04 3.617823566208722098e-16 2.428986090259913858e-18
1.966118750000000000e+04 3.601719616996845730e-16 1.595058889233327121e-18
1.967135351562500000e+04 2.901178370992216465e-16 1.115970147308180031e-18
1.968152148437500000e+04 3.612857306159851728e-16 2.340007512538503501e-18
1.969168750000000000e+04 1.949827625280934674e-16 1.050394887260155916e-18
1.970185546875000000e+04 3.380941008690604380e-16 2.107535846005988050e-18
1.971202343750000000e+04 3.511849421293164464e-16 2.302840633255270861e-18
1.972218945312500000e+04 3.654627412464717465e-16 2.227351923758528417e-18
1.973235742187500000e+04 3.653960903414346737e-16 2.186945391606231845e-18
1.974252539062500000e+04 3.168983189738832501e-16 9.969267596453407605e-19
1.975269140625000000e+04 3.623020907433515281e-16 2.008723124777087885e-18
1.976285937500000000e+04 2.429519985714480084e-16 9.524416066876983470e-19
1.977302734375000000e+04 2.493127395492949734e-16 9.627121913658864460e-19
1.978319335937500000e+04 3.303084122459153246e-16 1.796592036302404523e-18
1.979336132812500000e+04 3.116439618438280115e-16 1.031792422464450877e-18
1.980352734375000000e+04 2.795969202707147870e-16 1.047735398193221363e-18
1.981369531250000000e+04 3.407173883764866079e-16 1.848282759575996360e-18
1.982386328125000000e+04 3.703815145107366719e-16 9.941597370987743138e-19
1.983402929687500000e+04 3.276701693130141960e-16 2.003422551411848083e-18
1.984419726562500000e+04 3.198365703887900112e-16 1.812538837741508067e-18
1.985436523437500000e+04 3.391177931253764634e-16 9.412506801804684355e-19
1.986453125000000000e+04 3.352899982971750768e-16 2.091792944587878827e-18
1.987469921875000000e+04 3.317299982292040575e-16 1.742513035805218956e-18
1.988486718750000000e+04 3.135727088042852568e-16 1.751803308059955148e-18
1.989503320312500000e+04 3.322013985341306774e-16 1.762679285548955494e-18
1.990520117187500000e+04 3.358571397949210342e-16 1.809374251513033321e-18
1.991536718750000000e+04 3.365576889818595440e-16 1.035365429120373680e-18
1.992553515625000000e+04 3.172094447633215953e-16 1.852283418608609079e-18
1.993570312500000000e+04 3.211541036684644737e-16 1.791558642275019349e-18
1.994586914062500000e+04 2.952450069382907315e-16 1.129595052767847226e-18
1.995603710937500000e+04 2.917331818691948006e-16 1.956534438774739125e-18
1.996620507812500000e+04 2.792367459796744975e-16 2.003054869629568263e-18
1.997637109375000000e+04 2.691279106800068552e-16 1.438474943445534380e-18
1.998653906250000000e+04 2.752201951531334104e-16 2.239441788796450332e-18
1.999670703125000000e+04 2.762356023684341046e-16 2.369795733962609995e-18
2.000687304687500000e+04 2.588820678011208298e-16 2.410214673824094863e-18
2.001704101562500000e+04 2.602248532505353111e-16 2.593393613678809703e-18
2.002720703125000000e+04 3.036170805889522361e-16 2.962478294277520440e-18
2.003737500000000000e+04 2.988798635429753495e-16 3.094636113564505118e-18
2.004754296875000000e+04 4.090734766155006792e-16 2.895440268713772865e-18
2.005770898437500000e+04 3.677808851346495546e-16 3.405082994515097414e-18
2.006787695312500000e+04 3.614137384701389790e-16 3.143934216916287323e-18
2.007804492187500000e+04 3.359355962216604638e-16 2.742046861946173722e-18
2.008821093750000000e+04 2.799834055226791633e-16 2.704105534814438310e-18
2.009837890625000000e+04 2.795239960279121121e-16 2.351173623627356821e-18
2.010854492187500000e+04 3.043286676739846534e-16 2.742793185653849691e-18
2.011871289062500000e+04 2.984091249825387721e-16 3.021228383693792954e-18
2.012888085937500000e+04 3.161194986486625226e-16 2.625261573958027648e-18
2.013904687500000000e+04 3.146340940267540985e-16 2.563401078643402611e-18
2.014921484375000000e+04 3.054646182655914753e-16 2.345487790891820447e-18
2.015938281250000000e+04 3.011007045213373199e-16 2.592327791459535127e-18
2.016954882812500000e+04 3.154742448313119577e-16 2.490932819153397548e-18
2.017971679687500000e+04 3.133791882456172509e-16 2.547895371265942969e-18
2.018988476562500000e+04 3.058247660868521631e-16 1.675443267185464659e-18
2.020005078125000000e+04 3.027918587400897340e-16 2.331141790733160150e-18
2.021021875000000000e+04 3.011862548490100043e-16 1.912586126034643626e-18
2.022038476562500000e+04 2.987330621453043386e-16 1.853440023900111350e-18
2.023055273437500000e+04 3.004271280398129393e-16 2.085441024664084128e-18
2.024072070312500000e+04 2.966613519052183285e-16 1.837862765399665871e-18
2.025088671875000000e+04 2.956983283837493924e-16 1.988012176599985178e-18
2.026105468750000000e+04 2.931721320279022467e-16 1.921521951396900846e-18
2.027122265625000000e+04 2.887240708542942970e-16 1.103380871975429226e-18
2.028138867187500000e+04 2.909356474097956734e-16 1.883363489354370264e-18
2.029155664062500000e+04 2.889628017965220012e-16 1.352478351832377688e-18
2.030172460937500000e+04 2.891043621778318761e-16 1.878094762442713754e-18
2.031189062500000000e+04 2.912036274584832527e-16 1.660005698810964072e-18
2.032205859375000000e+04 2.842460723599568280e-16 1.665991901506433764e-18
2.033222460937500000e+04 2.879409359549984929e-16 1.963189106802728232e-18
2.034239257812500000e+04 2.244328672593740113e-16 1.433480943894822045e-18
2.035256054687500000e+04 1.908888273008868194e-16 1.291818198984143664e-18
2.036272656250000000e+04 2.844737389343110229e-16 1.185067542404454937e-18
2.037289453125000000e+04 2.839726130668916975e-16 1.474757049666064988e-18
2.038306250000000000e+04 2.817956589831093405e-16 1.788754293203311447e-18
2.039322851562500000e+04 2.694357806865541917e-16 1.741169901285585977e-18
2.040339648437500000e+04 2.789771568511206562e-16 1.785389942856905146e-18
2.041356445312500000e+04 2.828878020894753540e-16 1.871607184898460358e-18
2.042373046875000000e+04 2.700657349712949759e-16 1.767701099047764925e-18
2.043389843750000000e+04 2.756536642638907986e-16 1.181964581131615392e-18
2.044406445312500000e+04 2.837877481261534465e-16 1.801032755420895452e-18
2.045423242187500000e+04 2.738888181787272605e-16 1.762796745195938024e-18
2.046440039062500000e+04 2.720920495393640759e-16 1.507083888390096724e-18
2.047456640625000000e+04 2.675099189320735314e-16 1.832585766681883831e-18
2.048473437500000000e+04 2.856003456937184458e-16 2.124198365470103101e-18
2.049490234375000000e+04 2.744227401030730883e-16 1.959370427504877180e-18
2.050506835937500000e+04 2.723906551230508184e-16 1.915547432627583465e-18
2.051523632812500000e+04 2.769926645348222373e-16 1.961067181736376578e-18
2.052540234375000000e+04 2.745110962273835525e-16 1.592916181254085071e-18
2.053557031250000000e+04 2.661992677950955101e-16 2.019560638367604515e-18
2.054573828125000000e+04 2.868321433572630121e-16 1.978272124887173277e-18
2.055590429687500000e+04 2.901401511234258769e-16 2.099121971610251791e-18
2.056607226562500000e+04 2.917283114297480884e-16 1.731719672979897344e-18
2.057624023437500000e+04 3.077403575668473650e-16 2.307047053465256145e-18
2.058640625000000000e+04 3.142601025107617232e-16 2.015338708521133862e-18
2.059657421875000000e+04 2.827311804035721136e-16 1.693753427032208772e-18
2.060674218750000000e+04 2.676396737916810495e-16 1.809379007801555501e-18
2.061690820312500000e+04 2.728797901803105752e-16 2.034392193545833440e-18
2.062707617187500000e+04 2.774539798537206106e-16 1.977951592399808979e-18
2.063724218750000000e+04 2.829113866631004660e-16 1.984327293766214578e-18
2.064741015625000000e+04 2.846687418006367239e-16 1.671750939726181081e-18
2.065757812500000000e+04 2.832566319984453984e-16 2.069209259503956066e-18
2.066774414062500000e+04 2.894719215373810391e-16 2.061961502976766437e-18
2.067791210937500000e+04 2.842764067273803727e-16 1.940888317488298606e-18
2.068808007812500000e+04 2.964437438471127784e-16 2.039890876667779691e-18
2.069824609375000000e+04 2.949939940183278399e-16 1.968598247623365618e-18
2.070841406250000000e+04 3.334129468162799455e-16 2.189018926606749147e-18
2.071858203125000000e+04 2.923095613200217503e-16 1.963524321745965347e-18
2.072874804687500000e+04 2.986367650871133653e-16 1.944577956610591386e-18
2.073891601562500000e+04 3.056361953769696745e-16 1.379329048106155243e-18
2.074908203125000000e+04 2.972870180856636377e-16 1.901820163567112832e-18
2.075925000000000000e+04 2.938071155707673533e-16 1.883255542284432094e-18
2.076941796875000000e+04 2.943877301863305745e-16 1.415588303462264072e-18
2.077958398437500000e+04 2.893425372546879447e-16 1.425735224638875494e-18
2.078975195312500000e+04 2.872761209705222739e-16 1.757204797459926419e-18
2.079991992187500000e+04 2.923934440515795277e-16 1.772171183078001487e-18
2.081008593750000000e+04 2.758560521987253730e-16 1.574074971454081914e-18
2.082025390625000000e+04 2.876551152748593699e-16 1.772983267644375422e-18
2.083041992187500000e+04 2.875451333406143194e-16 1.791735038540646283e-18
2.084058789062500000e+04 2.897203668887225660e-16 1.776298400744334818e-18
2.085075585937500000e+04 2.935098334760606956e-16 1.933093587781058288e-18
2.086092187500000000e+04 2.916857215543689581e-16 1.763567677526837446e-18
2.087108984375000000e+04 2.916883950021087295e-16 1.583138286028248870e-18
2.088125781250000000e+04 2.892430902927243695e-16 1.794818974659397108e-18
2.089142382812500000e+04 2.880927401410142245e-16 1.759158391271623532e-18
2.090159179687500000e+04 2.956738173678382211e-16 1.174485937815946900e-18
2.091175976562500000e+04 2.904148544961322872e-16 1.747374376265193100e-18
2.092192578125000000e+04 2.857219743309882430e-16 1.716584439119284889e-18
2.093209375000000000e+04 2.816796684088947048e-16 1.253135718023560739e-18
2.094225976562500000e+04 2.840804244792094089e-16 1.247948261607087564e-18
2.095242773437500000e+04 2.636188613306240892e-16 5.093205389527351450e-19
2.096259570312500000e+04 2.652703373497535596e-16 5.107890947327464765e-19
2.097276171875000000e+04 2.813884478937168357e-16 1.231339198690058753e-18
2.098292968750000000e+04 2.835727605762284644e-16 1.574175990886389953e-18
2.099309765625000000e+04 2.807193448049451418e-16 1.746010355435093157e-18
2.100326367187500000e+04 2.774708411033268915e-16 1.722556889937070887e-18
2.101343164062500000e+04 2.817943354941292557e-16 1.037307959391377896e-18
2.102359960937500000e+04 2.806038571565429383e-16 1.691224735899634166e-18
2.103376562500000000e+04 2.779828195803829127e-16 4.946319826229013252e-19
2.104393359375000000e+04 2.864387494928225929e-16 1.711094131201040737e-18
2.105409960937500000e+04 2.911721284207572334e-16 1.752500207726031074e-18
2.106426757812500000e+04 2.680256031782737901e-16 5.375923315188788014e-19
2.107443554687500000e+04 2.845395957459600448e-16 4.996656868430162060e-19
2.108460156250000000e+04 2.788260673491541703e-16 1.688793238489034541e-18
2.109476953125000000e+04 2.594723438862386704e-16 5.064606653824096210e-19
2.110493750000000000e+04 2.561146258739838187e-16 5.059141057926652079e-19
2.111510351562500000e+04 2.742987821251983418e-16 1.871740981362540811e-18
2.112527148437500000e+04 2.689375135553318495e-16 1.545305733147064181e-18
2.113543945312500000e+04 2.748428419751316196e-16 1.789989894243312532e-18
2.114560546875000000e+04 2.358302249602726563e-16 5.008103497144247426e-19
2.115577343750000000e+04 2.037346113415903180e-16 4.927623993421666290e-19
2.116593945312500000e+04 2.497352766410768608e-16 4.842240859630294236e-19
2.117610742187500000e+04 2.699707878718636891e-16 4.762062242855529264e-19
2.118627539062500000e+04 2.398285116388885726e-16 4.910627499785232954e-19
2.119644140625000000e+04 2.114102253862617750e-16 4.915795827650040840e-19
2.120660937500000000e+04 2.102562224049665958e-16 4.652414799770679835e-19
2.121677734375000000e+04 2.088746454935458277e-16 4.804692546687098082e-19
2.122694335937500000e+04 2.385250602819622128e-16 4.695206920809579339e-19
2.123711132812500000e+04 2.212613509117272964e-16 4.663526420336681224e-19
2.124727734375000000e+04 2.060598094260319784e-16 4.636153979891535847e-19
2.125744531250000000e+04 1.765501873953170191e-16 4.649952903472568886e-19
2.126761328125000000e+04 2.001222408146773415e-16 4.604152946931273435e-19
2.127777929687500000e+04 1.980047113861007940e-16 4.435641780493502020e-19
2.128794726562500000e+04 1.825971026662062658e-16 4.562505437064994183e-19
2.129811523437500000e+04 2.060317514596541797e-16 4.565832254091105891e-19
2.130828125000000000e+04 1.946231176326452118e-16 4.479430137182645076e-19
2.131844921875000000e+04 1.779958344082636945e-16 4.466858542835487593e-19
2.132861718750000000e+04 1.930964995638969456e-16 4.467234910014199220e-19
2.133878320312500000e+04 1.925820991020073692e-16 4.405981668666764675e-19
2.134895117187500000e+04 1.930959172287457083e-16 4.385876009902897646e-19
2.135911718750000000e+04 1.896105619392514743e-16 4.389411173045796148e-19
2.136928515625000000e+04 1.703196380284410002e-16 4.369811645419235003e-19
2.137945312500000000e+04 1.538866297514461371e-16 4.307005372471732149e-19
2.138961914062500000e+04 1.790988036544868020e-16 4.247615872441956144e-19
2.139978710937500000e+04 1.887146790137422423e-16 4.283873525135628153e-19
2.140995507812500000e+04 1.747251755011188239e-16 4.297846415139238750e-19
2.142012109375000000e+04 1.444252584957258015e-16 4.213621592699382358e-19
2.143028906250000000e+04 1.738192605291405488e-16 4.256928633669596122e-19
2.144045703125000000e+04 1.740300923236680645e-16 4.236839777011921576e-19
2.145062304687500000e+04 1.882799261186741718e-16 4.204340367732595965e-19
2.146079101562500000e+04 1.513927000569334600e-16 4.142928411105127808e-19
2.147095703125000000e+04 1.320001851320116732e-16 4.121072489863886857e-19
2.148112500000000000e+04 1.254430516244099182e-16 4.098228863272469306e-19
2.149129296875000000e+04 1.100751078692485327e-16 4.123361453715185938e-19
2.150145898437500000e+04 1.515185241542701261e-16 4.050239721541263983e-19
2.151162695312500000e+04 1.629068159556551899e-16 4.013372798627658385e-19
2.152179492187500000e+04 1.211883654256821650e-16 4.089153399483055478e-19
2.153196093750000000e+04 1.313011844271798627e-16 4.067879089610015875e-19
2.154212890625000000e+04 1.495386772842918050e-16 3.953099249318216332e-19
2.155229687500000000e+04 1.343016133543710098e-16 3.945035530815531426e-19
2.156246289062500000e+04 1.340830656190895994e-16 3.924968129154994975e-19
2.157263085937500000e+04 2.307343424006927770e-16 1.241447242377880182e-18
2.158279687500000000e+04 1.177703095508252453e-16 3.876709119748944226e-19
2.159296484375000000e+04 1.407269935340053186e-16 3.937554974644696405e-19
2.160313281250000000e+04 1.814610859001504397e-16 6.496017371440851165e-19
2.161329882812500000e+04 1.224956019610915674e-16 3.922807378298641613e-19
2.162346679687500000e+04 1.523742127194541813e-16 3.917373577155992490e-19
2.163363476562500000e+04 1.535536134542771886e-16 3.912607465864038513e-19
2.164380078125000000e+04 1.921129487283468936e-16 5.989685642836423247e-19
2.165396875000000000e+04 1.922331082928487966e-16 5.626231270474631262e-19
2.166413476562500000e+04 2.173232565119256388e-16 1.251149760770397489e-18
2.167430273437500000e+04 1.436105583842549739e-16 5.531368646863401512e-19
2.168447070312500000e+04 1.869178706697096552e-16 5.467663848975512931e-19
2.169463671875000000e+04 2.251052526008163156e-16 1.474828807584203963e-18
2.170480468750000000e+04 9.530923910346244415e-17 3.772410691793957235e-19
2.171497265625000000e+04 1.861254448777736555e-16 5.090684039622713253e-19
2.172513867187500000e+04 1.488198374796485227e-16 5.090723847689692367e-19
2.173530664062500000e+04 1.503040509614748704e-16 3.796131129834680995e-19
2.174547460937500000e+04 1.731878504065216713e-16 4.903054144289427140e-19
2.175564062500000000e+04 1.994179990934843950e-16 4.787489774885409334e-19
2.176580859375000000e+04 1.067782703500775839e-16 3.776181859905374773e-19
2.177597460937500000e+04 1.873068573158463918e-16 4.647385541646357426e-19
2.178614257812500000e+04 1.533399758631118930e-16 4.643079549570136072e-19
2.179631054687500000e+04 1.520606252405128783e-16 4.529953295021618316e-19
2.180647656250000000e+04 1.601074647092083332e-16 4.502750426602046309e-19
2.181664453125000000e+04 1.607484436571532242e-16 4.482616850492505616e-19
2.182681250000000000e+04 1.704888460945448475e-16 4.419430074463228368e-19
2.183697851562500000e+04 2.076018196716186313e-16 1.064860001427023850e-18
2.184714648437500000e+04 1.470428020609784031e-16 4.441527687539699657e-19
2.185731445312500000e+04 1.206978010003239166e-16 4.296705422881798417e-19
2.186748046875000000e+04 1.381338021659862781e-16 4.169318833066807887e-19
2.187764843750000000e+04 1.064819279325467864e-16 3.900274461424814293e-19
2.188781445312500000e+04 1.012920776553808831e-16 4.132985958636181838e-19
2.189798242187500000e+04 1.176150775283510939e-16 3.930978630280958412e-19
2.190815039062500000e+04 1.363870878798499023e-16 4.019876247699915142e-19
2.191831640625000000e+04 1.206768236999895719e-16 3.978474565571928993e-19
2.192848437500000000e+04 1.392150132533767908e-16 3.983055853695765652e-19
2.193865234375000000e+04 1.486059881302464135e-16 3.906420930363966135e-19
2.194881835937500000e+04 1.139045702935648262e-16 3.914199271555320246e-19
2.195898632812500000e+04 1.544412642783302928e-16 3.904897625567161450e-19
2.196915234375000000e+04 1.590920177892382365e-16 3.930405290718882595e-19
2.197932031250000000e+04 1.378319672691881285e-16 3.983158217296569089e-19
2.198948828125000000e+04 1.108642646434037228e-16 3.990636964009814151e-19
2.199965429687500000e+04 1.511353873294253645e-16 4.041727516050210482e-19
2.200982226562500000e+04 1.536535898118327977e-16 3.966073060238227726e-19
2.201999023437500000e+04 1.566801973510500230e-16 3.883635464909368719e-19
2.203015625000000000e+04 1.362990229231150568e-16 3.776557968590144978e-19
2.204032421875000000e+04 1.466019214119325398e-16 3.780837077296458359e-19
2.205049218750000000e+04 1.153190094363611010e-16 3.711971447868063154e-19
2.206065820312500000e+04 1.423862516683376878e-16 3.686016846691621951e-19
2.207082617187500000e+04 1.209037491205149193e-16 3.569242984135686766e-19
2.208099218750000000e+04 1.410553908546337710e-16 3.577310838541434437e-19
2.209116015625000000e+04 1.369120497838005558e-16 3.617109599738657672e-19
2.210132812500000000e+04 1.347435395597111401e-16 3.570846422054332525e-19
2.211149414062500000e+04 1.575740553384197252e-16 3.561603195696935287e-19
2.212166210937500000e+04 1.057295509171481541e-16 4.710670028385492500e-19
2.213183007812500000e+04 1.582194944442275020e-16 3.535079907849363877e-19
2.214199609375000000e+04 1.440736207086070592e-16 3.520757017049066780e-19
2.215216406250000000e+04 1.492415937129321600e-16 3.480417228032445580e-19
2.216233203125000000e+04 1.357021690977661945e-16 3.512027676647218110e-19
2.217249804687500000e+04 1.644838324847650870e-16 3.526982585134294005e-19
2.218266601562500000e+04 1.514556319579364943e-16 3.439812482725865988e-19
2.219283203125000000e+04 1.443885184416386462e-16 3.409088409836232312e-19
2.220300000000000000e+04 1.420276523291836993e-16 3.471749926176538387e-19
2.221316796875000000e+04 1.585393684958242080e-16 3.542884098434860270e-19
2.222333398437500000e+04 1.688955771207595086e-16 3.387301247983409832e-19
2.223350195312500000e+04 1.564216934834598513e-16 3.416330117605192647e-19
2.224366992187500000e+04 1.455933698695486850e-16 3.452958967598747826e-19
2.225383593750000000e+04 1.062186462697385083e-16 5.850284513118041412e-19
2.226400390625000000e+04 1.247292146081113566e-16 3.464730006209318833e-19
2.227417187500000000e+04 1.596107989996518937e-16 3.441805471014235940e-19
2.228433789062500000e+04 8.736094662422410674e-17 3.396823389303602295e-19
2.229450585937500000e+04 1.717500516832268990e-16 3.254641123269452327e-19
2.230467187500000000e+04 1.700703456441522189e-16 3.398465084325578632e-19
2.231483984375000000e+04 1.051662938595587457e-16 3.472159380579752136e-19
2.232500781250000000e+04 1.649057872413957370e-16 6.894777363310054907e-19
2.233517382812500000e+04 2.004302961096818898e-16 7.019414353070130889e-19
2.234534179687500000e+04 1.518740927036597204e-16 3.438150625176458671e-19
2.235550976562500000e+04 1.715562664267628761e-16 3.248587195161329856e-19
2.236567578125000000e+04 1.518247927391515599e-16 3.365913459270085610e-19
2.237584375000000000e+04 1.777956567000258618e-16 1.331076604446216634e-18
2.238600976562500000e+04 1.795659820295669512e-16 5.293744472295293251e-19
2.239617773437500000e+04 1.526757167440073097e-16 3.389464066791294576e-19
2.240634570312500000e+04 1.626218158386837196e-16 3.262375778984705982e-19
2.241651171875000000e+04 1.812852736240359690e-16 7.510287110001708411e-19
2.242667968750000000e+04 1.730308978483734096e-16 3.226591428697779159e-19
2.243684765625000000e+04 1.408529499802399932e-16 3.453082527702747935e-19
2.244701367187500000e+04 1.509724128964177168e-16 3.322204718714900782e-19
2.245718164062500000e+04 1.372373633751054105e-16 3.393993139138963826e-19
2.246734960937500000e+04 1.678980237718001589e-16 4.658710678207974066e-19
2.247751562500000000e+04 1.786214476491498004e-16 9.193934664695203705e-19
2.248768359375000000e+04 1.318748374907078376e-16 3.341699297801244262e-19
2.249784960937500000e+04 1.712546300533117393e-16 3.175895596905935475e-19
2.250801757812500000e+04 1.671300428213263263e-16 1.081160008987687536e-18
2.251818554687500000e+04 1.857785187114240153e-16 1.318685128677442572e-18
2.252835156250000000e+04 1.430313334321208418e-16 2.964504421489180796e-19
2.253851953125000000e+04 1.696299943906983895e-16 1.007448910627321549e-18
2.254868750000000000e+04 1.665800802105418701e-16 3.340961039104540685e-19
2.255885351562500000e+04 1.616535910055230500e-16 2.320553878892481396e-19
2.256902148437500000e+04 1.412990716456469925e-16 3.417349617710164253e-19
2.257918945312500000e+04 1.468045475747835294e-16 3.331286127864967335e-19
2.258935546875000000e+04 1.677177778076024040e-16 1.011398491257109118e-18
2.259952343750000000e+04 1.617652537707728083e-16 6.025765710192337777e-19
2.260968945312500000e+04 1.690095162870550128e-16 9.545834874863278430e-19
2.261985742187500000e+04 1.671882101620010552e-16 3.409747310892919084e-19
2.263002539062500000e+04 1.500983278344104823e-16 9.504802580577585492e-19
2.264019140625000000e+04 1.529146726793616283e-16 3.232797351243458249e-19
2.265035937500000000e+04 1.794001091556929176e-16 1.213461861098833011e-18
2.266052734375000000e+04 1.615083380899587384e-16 1.023307410536035057e-18
2.267069335937500000e+04 1.617895530284471661e-16 9.414480661541389018e-19
2.268086132812500000e+04 1.429571518747870863e-16 3.439354172967723327e-19
2.269102929687500000e+04 1.655667111682705066e-16 3.345983317892444677e-19
2.270119531250000000e+04 1.481371421590513575e-16 8.673274616917708811e-19
2.271136328125000000e+04 1.419968679755069258e-16 3.309506203842504693e-19
2.272152929687500000e+04 1.633179181026491442e-16 1.559828749956810826e-18
2.273169726562500000e+04 1.598460888705313773e-16 1.340590112068765574e-18
2.274186523437500000e+04 1.728878816291854414e-16 1.275589018763429830e-18
2.275203125000000000e+04 1.598044519072179081e-16 1.801333642368711616e-18
2.276219921875000000e+04 1.684262149888622194e-16 8.041018081737036417e-19
2.277236718750000000e+04 1.638764436871347494e-16 9.716916505054558379e-19
2.278253320312500000e+04 1.642004470243493201e-16 1.049444973724215333e-18
2.279270117187500000e+04 1.598837288971249903e-16 1.251739023559264952e-18
2.280286718750000000e+04 1.360127919613921075e-16 3.343211487358567766e-19
2.281303515625000000e+04 1.595652312740675725e-16 8.770535030329576651e-19
2.282320312500000000e+04 1.271201636250836320e-16 3.385235622897500068e-19
2.283336914062500000e+04 1.655948088393177078e-16 5.262598537293257531e-19
2.284353710937500000e+04 1.570350512163903715e-16 1.255697599778214035e-18
2.285370507812500000e+04 1.351287410273648341e-16 3.295659717376249856e-19
2.286387109375000000e+04 1.380805714392072656e-16 3.145333082729691062e-19
2.287403906250000000e+04 1.538200582557478695e-16 5.901537657847592698e-19
2.288420703125000000e+04 1.569748457026863119e-16 3.053562822139702521e-19
2.289437304687500000e+04 1.483145558568317308e-16 3.257065279452115544e-19
2.290454101562500000e+04 1.658482040394447521e-16 1.223398678399855963e-18
2.291470703125000000e+04 1.533844715626223455e-16 3.959465179613636148e-19
2.292487500000000000e+04 1.605513099735695866e-16 9.218268250364982397e-19
2.293504296875000000e+04 1.338597930281492862e-16 3.381268257884542609e-19
2.294520898437500000e+04 1.519775233674533509e-16 1.502920171379234490e-18
2.295537695312500000e+04 1.709336045663023594e-16 9.578716338188026971e-19
2.296554492187500000e+04 1.504825234504393117e-16 1.262448324154835863e-18
2.297571093750000000e+04 1.272405084780427469e-16 3.367831484315442943e-19
2.298587890625000000e+04 1.397489881172818220e-16 3.113150587022549829e-19
2.299604687500000000e+04 1.533068224641607677e-16 3.356173149063332286e-19
2.300621289062500000e+04 1.557153077101191673e-16 1.301340495400700980e-18
2.301638085937500000e+04 1.660413804909779360e-16 1.254179619956602660e-18
2.302654687500000000e+04 1.174556500458100736e-16 3.438814437618032476e-19
2.303671484375000000e+04 1.519526814792971584e-16 1.442861792426632794e-18
2.304688281250000000e+04 1.584381083539579166e-16 6.338588874247641783e-19
2.305704882812500000e+04 1.571853333900790056e-16 1.061750629504437019e-18
2.306721679687500000e+04 1.086218243248867677e-16 3.415866379474280106e-19
2.307738476562500000e+04 1.584505888550401167e-16 1.529537189129965815e-18
2.308755078125000000e+04 1.653785375050820434e-16 1.379937542844264564e-18
2.309771875000000000e+04 1.613819713621402374e-16 1.325003651184005443e-18
2.310788476562500000e+04 1.557254059310372147e-16 8.367189355939532061e-19
2.311805273437500000e+04 1.321419440366685609e-16 3.190202202587922934e-19
2.312822070312500000e+04 1.544221928021272702e-16 1.107572609729541694e-18
2.313838671875000000e+04 1.623719146494640993e-16 1.533470846532961738e-18
2.314855468750000000e+04 1.371764961169113085e-16 1.532755335303103369e-18
2.315872265625000000e+04 1.469897830924362042e-16 1.440501329151136160e-18
2.316888867187500000e+04 1.642729742204579696e-16 1.270095815713041742e-18
2.317905664062500000e+04 1.006718642495335234e-16 3.919817895866086686e-19
2.318922460937500000e+04 1.100673985459395385e-16 3.676695555163915020e-19
2.319939062500000000e+04 1.428916921098320899e-16 3.414904523518245788e-19
2.320955859375000000e+04 1.621176459466101990e-16 1.334368576489024545e-18
2.321972460937500000e+04 1.692754052231540580e-16 1.184489032963550664e-18
2.322989257812500000e+04 1.300134561193369109e-16 3.451055159720168749e-19
2.324006054687500000e+04 1.378916433873001541e-16 3.344584607175405792e-19
2.325022656250000000e+04 1.147580089274827372e-16 3.341322930622532634e-19
2.326039453125000000e+04 1.030369258220553393e-16 3.333568629367730845e-19
2.327056250000000000e+04 1.604230241867299627e-16 1.242240094995012259e-18
2.328072851562500000e+04 1.252700319100434265e-16 3.376215476811550724e-19
2.329089648437500000e+04 1.750468627326182461e-16 8.499398150231765320e-19
2.330106445312500000e+04 1.618410632195520682e-16 1.542713762697629269e-18
2.331123046875000000e+04 1.187911430709442874e-16 3.335200760113874538e-19
2.332139843750000000e+04 1.389280146680453923e-16 3.471700553833726628e-19
2.333156445312500000e+04 1.163591261909199793e-16 3.391477993088919776e-19
2.334173242187500000e+04 1.583041315645039278e-16 1.438633968918297700e-18
2.335190039062500000e+04 9.893201887120378797e-17 3.466202387699663222e-19
2.336206640625000000e+04 1.252416960109798100e-16 3.482967270764581711e-19
2.337223437500000000e+04 1.594961583841969445e-16 1.229631070725136750e-18
2.338240234375000000e+04 1.622065049967330954e-16 7.068228348968416435e-19
2.339256835937500000e+04 1.067653133929625533e-16 3.668447530480995643e-19
2.340273632812500000e+04 1.523085411962623714e-16 7.999629065812179986e-19
2.341290429687500000e+04 1.499851562917234272e-16 7.830601945467328619e-19
2.342307031250000000e+04 6.768554254725408495e-17 3.647918200147136610e-19
2.343323828125000000e+04 1.013352167786867486e-16 3.585508456905776364e-19
2.344340429687500000e+04 1.411243975700553948e-16 3.609584324115956503e-19
2.345357226562500000e+04 1.731245214588246115e-16 1.262737113586193439e-18
2.346374023437500000e+04 1.287774894655050774e-16 3.719944693491250072e-19
2.347390625000000000e+04 1.514272166495340727e-16 7.836850778007283898e-19
2.348407421875000000e+04 1.741525150543259126e-16 1.163390343874313725e-18
2.349424218750000000e+04 1.524592998259838360e-16 6.810690318140976879e-19
2.350440820312500000e+04 1.525835489714342011e-16 6.871262686446703713e-19
2.351457617187500000e+04 1.534970078305989598e-16 6.634035041584738060e-19
2.352474218750000000e+04 1.166929630512565804e-16 3.851520694614880265e-19
2.353491015625000000e+04 8.592277070657001027e-17 3.291886998301183781e-19
2.354507812500000000e+04 1.192793119812485822e-16 3.778690543606883252e-19
2.355524414062500000e+04 1.684824765054056261e-16 1.416430063133113347e-18
2.356541210937500000e+04 1.306074379735989890e-16 3.883831661810908640e-19
2.357558007812500000e+04 1.430661808969664757e-16 3.882410979108848815e-19
2.358574609375000000e+04 7.961104514310048748e-17 6.302862943591476518e-19
2.359591406250000000e+04 8.840469635603331790e-17 3.766371756334437288e-19
2.360608203125000000e+04 1.381452238758844103e-16 3.699042356399917909e-19
2.361624804687500000e+04 1.259842792079258144e-16 3.735400046248920549e-19
2.362641601562500000e+04 1.525160907381192766e-16 5.269511699262669460e-19
2.363658203125000000e+04 9.961462154757234726e-17 3.820228193548057805e-19
2.364675000000000000e+04 1.214048088134852404e-16 3.814141695203316059e-19
2.365691796875000000e+04 1.679009883871155490e-16 1.349998154163214003e-18
2.366708398437500000e+04 1.724071507269492234e-16 9.939561472705096999e-19
2.367725195312500000e+04 9.933324117296140894e-17 4.108625748090436595e-19
2.368741992187500000e+04 1.169967037721860522e-16 4.253248455425559417e-19
2.369758593750000000e+04 1.543156651741202411e-16 3.733050594815328527e-19
2.370775390625000000e+04 2.078300685811240636e-16 1.472356674926012670e-18
2.371792187500000000e+04 1.833195158910957772e-16 1.476983819875057738e-18
2.372808789062500000e+04 1.202447574875510736e-16 3.600414251543981922e-19
2.373825585937500000e+04 1.216406280799567580e-16 4.181700175873078174e-19
2.374842187500000000e+04 1.294781842362313965e-16 5.204112215094812864e-19
2.375858984375000000e+04 9.502842121166804189e-17 4.225267778736246142e-19
2.376875781250000000e+04 8.601589139120877992e-17 4.448917512337095268e-19
2.377892382812500000e+04 1.787076067817533237e-16 1.211899316921720342e-18
2.378909179687500000e+04 8.690603699198934406e-17 3.445420508785034093e-19
2.379925976562500000e+04 1.653495795661977870e-16 1.082089553201044001e-18
2.380942578125000000e+04 1.786490159246049677e-16 1.410899740352736942e-18
2.381959375000000000e+04 1.264186747609692620e-16 5.140723813791225816e-19
2.382976171875000000e+04 1.615950001483746940e-16 1.390543652658419484e-18
2.383992773437500000e+04 1.796528029066605170e-16 1.122097384298090014e-18
2.385009570312500000e+04 8.128783950641898094e-17 4.661560315418219247e-19
2.386026171875000000e+04 1.165488351013253408e-16 4.705528066902709742e-19
2.387042968750000000e+04 1.357949192054905404e-16 4.721677217399159070e-19
2.388059765625000000e+04 1.380302523881844399e-16 4.691242657723918954e-19
2.389076367187500000e+04 1.278128645223702386e-16 3.431259435192067682e-19
2.390093164062500000e+04 1.080969749174994215e-16 4.766151100020955449e-19
2.391109960937500000e+04 1.554678020359535006e-16 5.233420258173332326e-19
2.392126562500000000e+04 1.803941023192958391e-16 1.413053305077518750e-18
2.393143359375000000e+04 1.279354990112649003e-16 4.618737175106349004e-19
2.394159960937500000e+04 1.677603015085325300e-16 1.381575463854696127e-18
2.395176757812500000e+04 1.516006069408149881e-16 1.610359249023720473e-18
2.396193554687500000e+04 1.120052709629144687e-16 5.036559544191837269e-19
2.397210156250000000e+04 1.334089068024139815e-16 4.968684722040915738e-19
2.398226953125000000e+04 1.680258860421661557e-16 1.564335229933999721e-18
2.399243750000000000e+04 1.560320450928330722e-16 4.637011145801293922e-19
2.400260351562500000e+04 1.060981028934323807e-16 3.325078654355639708e-19
2.401277148437500000e+04 8.420443864161155398e-17 4.671765656225592226e-19
2.402293945312500000e+04 1.728664675774876686e-16 1.330442053518811892e-18
2.403310546875000000e+04 1.066882400122073124e-16 4.990044593408566295e-19
2.404327343750000000e+04 1.758285285591461560e-16 1.350493428554980129e-18
2.405343945312500000e+04 1.561574059690267087e-16 5.109381940381591598e-19
2.406360742187500000e+04 1.716305670981048393e-16 4.854024564443994961e-19
2.407377539062500000e+04 1.553341825885241347e-16 5.076435336583604505e-19
2.408394140625000000e+04 1.557513463150468776e-16 5.088590238697188401e-19
2.409410937500000000e+04 1.951838799135071603e-16 1.869270192872844917e-18
2.410427734375000000e+04 1.460587350647261180e-16 3.426390701805368846e-19
2.411444335937500000e+04 1.292361445715534802e-16 3.376498010689525868e-19
2.412461132812500000e+04 1.579830928426047471e-16 4.524493385990885487e-19
2.413477929687500000e+04 9.942151788793306805e-17 4.713475204637812955e-19
2.414494531250000000e+04 1.662605237963003845e-16 4.977591389286580463e-19
2.415511328125000000e+04 8.490991782500087980e-17 5.022006852277615284e-19
2.416527929687500000e+04 1.455963080150844734e-16 1.659288946810186874e-18
2.417544726562500000e+04 1.842912479700536716e-16 4.905778153444140829e-19
2.418561523437500000e+04 1.279686788799956274e-16 5.436615107695452191e-19
2.419578125000000000e+04 1.770657260577294684e-16 1.752929307668792957e-18
2.420594921875000000e+04 1.082009151245503847e-16 4.802900666685155086e-19
2.421611718750000000e+04 1.322215651337104651e-16 4.394473001406737832e-19
2.422628320312500000e+04 1.567768517512656192e-16 1.282746612603851178e-18
2.423645117187500000e+04 1.494617825745488755e-16 1.383084034496839712e-18
2.424661718750000000e+04 1.248127664674241128e-16 4.691419467579852163e-19
2.425678515625000000e+04 1.375165930801237110e-16 4.655912222798130605e-19
2.426695312500000000e+04 1.772269931899528067e-16 1.742556462787377990e-18
2.427711914062500000e+04 1.844792363447849228e-16 1.668957447400012938e-18
2.428728710937500000e+04 1.357334563772554003e-16 4.391581488177982155e-19
2.429745507812500000e+04 1.060922596895853061e-16 4.364159416896083596e-19
2.430762109375000000e+04 1.467022551115127718e-16 1.110597299036918409e-18
2.431778906250000000e+04 1.568784560002667327e-16 1.241398645516892691e-18
2.432795703125000000e+04 1.554745915344213358e-16 1.333983110323574835e-18
2.433812304687500000e+04 1.310842116437847533e-16 1.442045468559619524e-18
2.434829101562500000e+04 1.371550820652135357e-16 1.394861638853522858e-18
2.435845703125000000e+04 1.671696813162798674e-16 2.094157440368861657e-18
2.436862500000000000e+04 1.950471502669745951e-16 1.042225961723311922e-18
2.437879296875000000e+04 1.666163835132655974e-16 1.415824463527147962e-18
2.438895898437500000e+04 1.594544552464344711e-16 1.586479682112656825e-18
2.439912695312500000e+04 1.255454896714684851e-16 4.323095586349537074e-19
2.440929492187500000e+04 1.067764439352850668e-16 4.305093034293086118e-19
2.441946093750000000e+04 1.549482664368211950e-16 1.327984293123763709e-18
2.442962890625000000e+04 1.346003248171761591e-16 4.455071219106606948e-19
2.443979687500000000e+04 1.043172359741649155e-16 4.503705820209545056e-19
2.444996289062500000e+04 3.696005766031478087e-17 3.402819673262787477e-19
2.446013085937500000e+04 1.539986763285001200e-16 1.549882730271473221e-18
2.447029687500000000e+04 1.772132818441191277e-16 1.628897297129222946e-18
2.448046484375000000e+04 1.518711810279035337e-16 1.091516413654428012e-18
2.449063281250000000e+04 1.412422410288421493e-16 1.468363770711642637e-18
2.450079882812500000e+04 1.379947299439589626e-16 5.157652065027123528e-19
2.451096679687500000e+04 1.799829075280732788e-16 1.571400799931274545e-18
2.452113476562500000e+04 5.933240140645269409e-17 3.154438531816309937e-19
2.453130078125000000e+04 1.533830289596340530e-16 1.389760209220755198e-18
2.454146875000000000e+04 1.161615954606423163e-16 5.070393299196787484e-19
2.455163671875000000e+04 1.691686261322408128e-16 1.431099077320975602e-18
2.456180273437500000e+04 1.561754186540456634e-16 1.155759499325935476e-18
2.457197070312500000e+04 1.385654713317307509e-16 1.221401864401152955e-18
2.458213671875000000e+04 1.571371319214243155e-16 1.241403091612685164e-18
2.459230468750000000e+04 1.532292527750379950e-16 1.668033900246097482e-18
2.460247265625000000e+04 1.427291279584082685e-16 1.258389142093885018e-18
2.461263867187500000e+04 1.174553191735650524e-16 1.123100547585963699e-18
2.462280664062500000e+04 1.164014116638336900e-16 3.852885284131651338e-19
2.463297460937500000e+04 7.918152664694865254e-17 5.090807599726713361e-19
2.464314062500000000e+04 1.549715730777604891e-16 1.373347808494360869e-18
2.465330859375000000e+04 8.561060597828229848e-17 4.351036196477929812e-19
2.466347460937500000e+04 1.036879831385835763e-16 4.341482777390825188e-19
2.467364257812500000e+04 1.174119749094672737e-16 1.879201530102309705e-18
2.468381054687500000e+04 1.383394194139322595e-16 1.081858873207718276e-18
2.469397656250000000e+04 1.434162702019785188e-16 1.230524529184270589e-18
2.470414453125000000e+04 8.510682651545790293e-17 4.241333694183557322e-19
2.471431250000000000e+04 1.128665446515944820e-16 1.354235076658287180e-18
2.472447851562500000e+04 1.528475453182917250e-16 2.219492673963508963e-18
2.473464648437500000e+04 2.141094811611448149e-16 2.177368501269246029e-18
2.474481445312500000e+04 1.593409793012819965e-16 1.586344127889774697e-18
2.475498046875000000e+04 1.146820803646952697e-16 4.490276025976863806e-19
2.476514843750000000e+04 1.523557103435125952e-16 1.261386017453164637e-18
2.477531445312500000e+04 1.520901655145483720e-16 1.247388260332389165e-18
2.478548242187500000e+04 1.310993391228271231e-16 4.419994625231295810e-19
2.479565039062500000e+04 1.287911611066693538e-16 1.257068858438673817e-18
2.480581640625000000e+04 1.377789880053153322e-16 1.444739182224398459e-18
2.481598437500000000e+04 1.484905269516238117e-16 1.687185612968537732e-18
2.482615234375000000e+04 1.237840581878735659e-16 1.721602737100490969e-18
2.483631835937500000e+04 9.962718807543825285e-17 5.915585252600274491e-19
2.484648632812500000e+04 1.604538747148557404e-16 1.644478588135154621e-18
2.485665429687500000e+04 1.207427863907570005e-16 5.278219843161321459e-19
2.486682031250000000e+04 1.312521888651371218e-16 1.627648461199421012e-18
2.487698828125000000e+04 1.831365038349296449e-16 7.051319226284184012e-19
2.488715429687500000e+04 9.741300424664610922e-17 6.203372761440895423e-19
2.489732226562500000e+04 1.747146008241679460e-16 1.716737364135030630e-18
2.490749023437500000e+04 1.493447464440399728e-16 2.319850154986351908e-18
2.491765625000000000e+04 1.570788587016311798e-16 6.042689825525172723e-19
2.492782421875000000e+04 8.606815597103233042e-17 6.337437542232544538e-19
2.493799218750000000e+04 1.128151271047181858e-16 6.292294160302463052e-19
2.494815820312500000e+04 1.359461145865754330e-16 1.609875761955683229e-18
2.495832617187500000e+04 1.407864843636601323e-16 1.069198977330170756e-18
2.496849414062500000e+04 1.294176610851721166e-16 1.748383536612507793e-18
2.497866015625000000e+04 1.695829443574563733e-16 2.118152709168106160e-18
2.498882812500000000e+04 1.299793233385405228e-16 1.552535498495930781e-18
2.499899414062500000e+04 1.290562956540497507e-16 7.719967572514126859e-19
2.500916210937500000e+04 9.269523587123156948e-17 1.131313727285579280e-18
2.501933007812500000e+04 6.364449393969162736e-17 8.247567148643058810e-19
2.502949609375000000e+04 1.016913411934479785e-16 1.257860780477616771e-18
2.503966406250000000e+04 9.625032579508647395e-17 9.136925376878049038e-19
2.504983203125000000e+04 1.422559541782483349e-16 5.921581795053401096e-19
2.505999804687500000e+04 1.172045180118389744e-16 5.559939982208865933e-19
2.507016601562500000e+04 8.245476635760468857e-17 5.048634313183580091e-19
2.508033203125000000e+04 1.070530796019024010e-16 1.315326051607441295e-18
2.509050000000000000e+04 9.718361713661780401e-17 1.525786545437497249e-18
2.510066796875000000e+04 6.983555039540191448e-17 9.453426392731916943e-19
2.511083398437500000e+04 1.097282544947927971e-16 1.592152796946275196e-18
2.512100195312500000e+04 1.094086782282166102e-16 2.295502300451006676e-18
2.513116992187500000e+04 1.460544734302102448e-16 8.278671724614466878e-19
2.514133593750000000e+04 8.796183047351732731e-17 1.606625665931385814e-18
2.515150390625000000e+04 9.014886292588303036e-17 1.194196411042166720e-18
2.516167187500000000e+04 1.060485051439037012e-16 2.815473823766127744e-18
2.517183789062500000e+04 1.203339341750291904e-16 2.692086186923736541e-18
2.518200585937500000e+04 1.080411633872092436e-16 1.852711484575605271e-18
2.519217187500000000e+04 1.197881802592014040e-16 1.633125327432711178e-18
2.520233984375000000e+04 9.358853137578473556e-17 6.860448850901221413e-19
2.521250781250000000e+04 8.498986317684290481e-17 1.729506447853435149e-18
2.522267382812500000e+04 9.657941794742947090e-17 1.813557924256173397e-18
2.523284179687500000e+04 6.995287769348643592e-17 1.776012609842697747e-18
2.524300976562500000e+04 8.709900830273061478e-17 1.849984683686324215e-18
2.525317578125000000e+04 7.580445922580496048e-17 1.889961081920093213e-18
2.526334375000000000e+04 9.868183974929834986e-17 1.494691482043133540e-18
2.527351171875000000e+04 1.789807087327938313e-16 2.380902288047359498e-18
2.528367773437500000e+04 1.565165479386625320e-16 1.262676419208747360e-18
2.529384570312500000e+04 3.517128620311375895e-17 1.540901409975525585e-18
2.530401171875000000e+04 6.344274127956749370e-17 2.598911942340304089e-18
2.531417968750000000e+04 9.645102628147144016e-17 2.425683158073989619e-18
2.532434765625000000e+04 6.189866374419394825e-16 4.680778926372699723e-18
2.533451367187500000e+04 3.358075089581678526e-16 4.198761758283961777e-18
2.534468164062500000e+04 3.216666909504513339e-16 4.023748125050911011e-18
2.535484960937500000e+04 3.083111518941783567e-16 3.858618886547562649e-18
2.536501562500000000e+04 2.929253013331164232e-16 3.668347079735358735e-18
