9.389444999999999597e-01 1.000000000000000157e-14
9.395957000000000336e-01 9.229879000000000189e-15
9.402469999999999439e-01 9.882289000000000865e-15
9.408982999999999652e-01 9.047644000000001282e-15
9.415497999999999923e-01 9.469780000000001403e-15
9.422013999999999667e-01 9.998262000000000511e-15
9.428530000000000522e-01 8.916886000000001929e-15
9.435047000000000850e-01 9.058393000000001883e-15
9.441565000000000651e-01 9.375493000000002243e-15
9.448084999999999400e-01 8.905985000000000295e-15
9.454604999999999260e-01 8.801275000000000216e-15
9.461127000000000287e-01 9.494028999999999561e-15
9.467648999999999093e-01 8.528649999999999460e-15
9.474173000000000178e-01 8.475566000000000508e-15
9.480695999999999568e-01 9.317880999999999681e-15
9.487221999999999600e-01 8.787992999999999698e-15
9.493747999999999632e-01 8.293054000000000985e-15
9.500274999999999137e-01 8.521931000000000622e-15
9.506803999999999810e-01 8.998024000000001868e-15
9.513333000000000483e-01 8.863322999999999287e-15
9.519861999999998936e-01 8.827815000000000841e-15
9.526394000000000251e-01 8.647730000000001387e-15
9.532925999999999345e-01 8.190884999999999384e-15
9.539459000000001243e-01 8.211052000000000407e-15
9.545991999999999811e-01 8.219496000000001063e-15
9.552526999999999546e-01 8.180754999999999355e-15
9.559062999999999866e-01 7.859860000000000676e-15
9.565601000000000242e-01 7.783831000000000717e-15
9.572138000000001146e-01 7.787725000000000145e-15
9.578676999999999886e-01 7.951055999999999407e-15
9.585217000000000320e-01 7.883620000000000099e-15
9.591756999999999644e-01 8.093054000000000891e-15
9.598299000000001246e-01 7.782581000000000155e-15
9.604842000000000102e-01 8.039355000000000647e-15
9.611385000000000067e-01 8.155312000000000018e-15
9.617930000000000090e-01 7.858617000000000430e-15
9.624476000000000697e-01 8.030247999999999452e-15
9.631021000000000720e-01 8.277618000000000156e-15
9.637568999999999164e-01 8.128040000000001811e-15
9.644118000000000412e-01 7.986362000000001089e-15
9.650666999999999440e-01 8.388845000000000731e-15
9.657218000000000746e-01 8.515857000000000831e-15
9.663768999999999831e-01 8.361831000000000249e-15
9.670320999999999501e-01 8.546478000000000348e-15
9.676875000000000338e-01 8.470481000000000940e-15
9.683429000000000064e-01 8.713597000000000767e-15
9.689984000000000375e-01 8.631427000000000459e-15
9.696540000000001269e-01 8.669990000000001082e-15
9.703098000000000001e-01 8.713760000000001397e-15
9.709656000000000953e-01 8.815244000000001686e-15
9.716215000000000268e-01 8.797706000000000651e-15
9.722775000000000167e-01 8.799139999999999640e-15
9.729335999999999540e-01 8.886877000000001090e-15
9.735897999999999497e-01 9.115311999999999840e-15
9.742460999999998927e-01 8.951715999999999381e-15
9.749025000000000052e-01 9.051768000000000321e-15
9.755590000000000650e-01 9.135541000000000746e-15
9.762156000000000722e-01 9.183707999999999858e-15
9.768723000000000267e-01 9.165863000000000452e-15
9.775290999999999286e-01 9.322635000000000468e-15
9.781859000000000526e-01 9.280701000000000919e-15
9.788428999999999602e-01 9.317958000000001595e-15
9.795000000000000373e-01 9.453936000000001455e-15
9.801571000000000033e-01 9.382968000000000654e-15
9.808145000000000335e-01 9.431621999999998861e-15
9.814718000000001163e-01 9.357432000000002284e-15
9.821292999999999829e-01 9.367615999999998901e-15
9.827868000000000714e-01 9.017013000000001988e-15
9.834443999999999964e-01 9.189408000000002297e-15
9.841022000000000380e-01 9.625095000000000259e-15
9.847601000000000271e-01 9.390471000000000334e-15
9.854181000000000745e-01 9.414751000000000800e-15
9.860761000000000109e-01 9.265217999999999086e-15
9.867342000000000057e-01 9.349808000000000723e-15
9.873924999999998953e-01 9.305723000000000323e-15
9.880508000000000068e-01 9.210048000000001781e-15
9.887092000000000658e-01 9.222034000000000552e-15
9.893678000000000194e-01 9.096796000000001336e-15
9.900263999999999731e-01 9.111962000000000289e-15
9.906851000000000962e-01 9.195396000000000216e-15
9.913437999999999972e-01 8.995121000000000724e-15
9.920028000000000734e-01 9.076583000000002283e-15
9.926618000000000386e-01 9.100366000000000721e-15
9.933209000000000621e-01 9.082503000000001401e-15
9.939801999999999804e-01 9.083942000000002646e-15
9.946395000000000097e-01 8.957576999999999655e-15
9.952987999999999280e-01 8.996790999999999822e-15
9.959583000000000741e-01 9.014285000000000891e-15
9.966180000000000039e-01 8.924920000000000671e-15
9.972775999999999863e-01 8.906003000000000210e-15
9.979373999999999745e-01 8.954300000000001160e-15
9.985973000000000210e-01 8.930298000000001130e-15
9.992571999999999566e-01 8.959143000000001700e-15
9.999174000000000673e-01 8.722494000000000327e-15
1.000577999999999967e+00 8.714247000000000491e-15
1.001237999999999850e+00 8.734916000000001064e-15
1.001897999999999955e+00 8.812631000000001973e-15
1.002558999999999978e+00 8.917811000000001051e-15
1.003219000000000083e+00 9.136371000000001195e-15
1.003879999999999884e+00 9.127019999999999754e-15
1.004540999999999906e+00 8.979141000000000019e-15
1.005201000000000011e+00 8.739803000000001571e-15
1.005862000000000034e+00 8.409714999999999825e-15
1.006523000000000057e+00 8.288164000000001018e-15
1.007184999999999997e+00 8.208031000000001576e-15
1.007846000000000020e+00 8.207925000000001727e-15
1.008507000000000042e+00 8.070030999999999728e-15
1.009168999999999983e+00 8.031243999999999991e-15
1.009830000000000005e+00 7.979412000000001242e-15
1.010491999999999946e+00 7.825752000000001029e-15
1.011154000000000108e+00 7.635938000000000347e-15
1.011814999999999909e+00 7.732044000000000178e-15
1.012477000000000071e+00 7.660767000000001367e-15
1.013139000000000012e+00 7.622584999999999990e-15
1.013800999999999952e+00 7.626623000000000313e-15
1.014464000000000032e+00 7.478230000000000034e-15
1.015125999999999973e+00 7.422252999999999716e-15
1.015787999999999913e+00 7.382252000000000824e-15
1.016450999999999993e+00 7.342376999999999757e-15
1.017112999999999934e+00 7.279636000000000815e-15
1.017776000000000014e+00 7.301098000000000610e-15
1.018438999999999872e+00 7.300211000000000957e-15
1.019101999999999952e+00 7.421923000000000754e-15
1.019765000000000033e+00 7.289007000000001810e-15
1.020428000000000113e+00 7.440244999999999477e-15
1.021090999999999971e+00 7.403657999999999657e-15
1.021754000000000051e+00 7.517433000000000604e-15
1.022418000000000049e+00 7.560278000000000218e-15
1.023080999999999907e+00 7.525362000000000895e-15
1.023745000000000127e+00 7.597628999999999748e-15
1.024407999999999985e+00 7.551849000000001595e-15
1.025071999999999983e+00 7.609820000000001054e-15
1.025735999999999981e+00 7.485802000000001491e-15
1.026399999999999979e+00 7.667788000000001052e-15
1.027063999999999977e+00 7.651581000000000196e-15
1.027727999999999975e+00 7.791405000000000237e-15
1.028391999999999973e+00 7.877594999999999375e-15
1.029056999999999888e+00 7.962141000000001045e-15
1.029720999999999886e+00 7.999187000000000267e-15
1.030386000000000024e+00 8.029851000000001508e-15
1.031050000000000022e+00 7.979990000000001308e-15
1.031714999999999938e+00 8.122384000000000916e-15
1.032379999999999853e+00 8.078322000000001108e-15
1.033044999999999991e+00 8.146690000000001433e-15
1.033710000000000129e+00 8.141768999999999159e-15
1.034375000000000044e+00 8.021878999999999493e-15
1.035039999999999960e+00 8.099250000000000805e-15
1.035704999999999876e+00 7.973869000000000513e-15
1.036370999999999931e+00 8.100005000000000558e-15
1.037036000000000069e+00 8.062137000000001024e-15
1.037702000000000124e+00 8.059549000000001543e-15
1.038367999999999958e+00 7.889686999999999572e-15
1.039033000000000095e+00 7.877923000000001853e-15
1.039698999999999929e+00 7.983817000000001755e-15
1.040364999999999984e+00 7.915934999999999126e-15
1.041031000000000040e+00 7.888519000000001601e-15
1.041696999999999873e+00 7.746276000000000051e-15
1.042363999999999846e+00 7.829709999999999979e-15
1.043029999999999902e+00 7.633061000000000833e-15
1.043696999999999875e+00 7.593142999999999619e-15
1.044362999999999930e+00 7.661230000000000049e-15
1.045029999999999903e+00 7.723507000000000489e-15
1.045696999999999877e+00 7.712907000000001461e-15
1.046362999999999932e+00 7.627102999999999091e-15
1.047029999999999905e+00 7.609521000000001244e-15
1.047696999999999878e+00 7.515842000000001482e-15
1.048364999999999991e+00 7.451337999999999675e-15
1.049031999999999965e+00 7.403180000000002098e-15
1.049698999999999938e+00 7.275756000000002022e-15
1.050367000000000051e+00 7.274372000000000341e-15
1.051034000000000024e+00 7.192410000000000450e-15
1.051702000000000137e+00 7.227640000000000038e-15
1.052370000000000028e+00 7.123677000000001153e-15
1.053037000000000001e+00 7.145138000000001129e-15
1.053704999999999892e+00 7.060409000000000063e-15
1.054373000000000005e+00 6.989127000000002152e-15
1.055040999999999896e+00 6.974272000000000848e-15
1.055709999999999926e+00 6.902585000000001701e-15
1.056378000000000039e+00 6.941785000000000445e-15
1.057045999999999930e+00 6.947231000000001283e-15
1.057714999999999961e+00 7.029261999999999007e-15
1.058383000000000074e+00 7.094748000000000718e-15
1.059052000000000104e+00 6.996008000000001011e-15
1.059720999999999913e+00 6.940946000000000038e-15
1.060389999999999944e+00 6.931775999999999931e-15
1.061058999999999974e+00 6.792688999999999728e-15
1.061728000000000005e+00 6.737988999999999845e-15
1.062397000000000036e+00 6.727545000000001129e-15
1.063066000000000066e+00 6.739042000000000377e-15
1.063736000000000015e+00 6.661448000000000560e-15
1.064404999999999824e+00 6.584191000000000812e-15
1.065074999999999994e+00 6.570296000000000218e-15
1.065744000000000025e+00 6.574036000000000551e-15
1.066413999999999973e+00 6.532204999999999813e-15
1.067083999999999921e+00 6.474869000000000413e-15
1.067754000000000092e+00 6.441193999999999328e-15
1.068424000000000040e+00 6.582833999999999792e-15
1.069093999999999989e+00 6.559609000000001076e-15
1.069764999999999855e+00 6.406525000000000500e-15
1.070435000000000025e+00 6.310238999999999945e-15
1.071104999999999974e+00 6.190061999999999885e-15
1.071776000000000062e+00 6.085097000000000752e-15
1.072446000000000010e+00 5.995009999999999571e-15
1.073117000000000099e+00 5.944036999999999206e-15
1.073787999999999965e+00 5.865548000000000387e-15
1.074459000000000053e+00 5.820467000000000237e-15
1.075129999999999919e+00 5.756585999999999860e-15
1.075801000000000007e+00 5.651251000000000289e-15
1.076471999999999873e+00 5.551977000000000483e-15
1.077144000000000101e+00 5.447520000000000608e-15
1.077814999999999968e+00 5.431116000000000509e-15
1.078486999999999973e+00 5.450382000000001245e-15
1.079158000000000062e+00 5.412253000000001370e-15
1.079829999999999846e+00 5.365183000000000390e-15
1.080502000000000073e+00 5.297973999999999657e-15
1.081174000000000079e+00 5.361059000000001351e-15
1.081845999999999863e+00 5.395273999999999877e-15
1.082518000000000091e+00 5.370091000000001061e-15
1.083189999999999875e+00 5.474985000000000355e-15
1.083862000000000103e+00 5.329592000000000322e-15
1.084534000000000109e+00 5.302736999999999612e-15
1.085207000000000033e+00 5.240656999999999992e-15
1.085879000000000039e+00 5.244449000000000429e-15
1.086551999999999962e+00 5.119448000000000353e-15
1.087225000000000108e+00 5.219209999999999862e-15
1.087898000000000032e+00 5.126756999999999462e-15
1.088570999999999955e+00 5.114753999999999807e-15
1.089244000000000101e+00 5.035578999999999857e-15
1.089917000000000025e+00 4.907392999999999710e-15
1.090589999999999948e+00 4.821938000000000770e-15
1.091264000000000012e+00 4.866060000000000819e-15
1.091937000000000157e+00 4.871427999999999924e-15
1.092610999999999999e+00 4.794508000000000244e-15
1.093283999999999923e+00 4.775535000000001187e-15
1.093957999999999986e+00 4.912416000000000975e-15
1.094632000000000049e+00 4.992644000000000669e-15
1.095305999999999891e+00 4.835069000000000076e-15
1.095979999999999954e+00 4.722917000000000378e-15
1.096654000000000018e+00 4.562365000000000131e-15
1.097328000000000081e+00 4.491577999999999875e-15
1.098002000000000145e+00 4.410707999999999805e-15
1.098677000000000126e+00 4.303245000000000765e-15
1.099350999999999967e+00 4.276087000000000965e-15
1.100025999999999948e+00 4.145939000000000650e-15
1.100700999999999929e+00 4.082867000000000559e-15
1.101374999999999993e+00 4.083969000000000157e-15
1.102049999999999974e+00 4.058279000000000326e-15
1.102724999999999955e+00 3.956068999999999795e-15
1.103399999999999936e+00 3.947580000000000930e-15
1.104076000000000057e+00 3.936077000000000396e-15
1.104751000000000039e+00 3.860851000000000226e-15
1.105426000000000020e+00 3.750362000000000099e-15
1.106102000000000141e+00 3.762792000000000185e-15
1.106777000000000122e+00 3.664690999999999816e-15
1.107453000000000021e+00 3.664593000000000105e-15
1.108129000000000142e+00 3.712865000000000034e-15
1.108804999999999819e+00 3.585576000000000107e-15
1.109480999999999939e+00 3.551105000000000340e-15
1.110157000000000060e+00 3.551634999999999976e-15
1.110832999999999959e+00 3.506666000000000172e-15
1.111509000000000080e+00 3.473228000000000199e-15
1.112184999999999979e+00 3.290107000000000275e-15
1.112862000000000018e+00 3.399228999999999605e-15
1.113537999999999917e+00 3.320663000000000056e-15
1.114214999999999955e+00 3.016760000000000135e-15
1.114891999999999994e+00 3.074432000000000177e-15
1.115569000000000033e+00 3.198216000000000060e-15
1.116245999999999849e+00 2.848353000000000079e-15
1.116922999999999888e+00 2.892402000000000255e-15
1.117599999999999927e+00 2.537691000000000238e-15
1.118276999999999965e+00 2.741117000000000400e-15
1.118954000000000004e+00 2.857115000000000279e-15
1.119631999999999961e+00 2.646389000000000570e-15
1.120308999999999999e+00 2.500333000000000391e-15
1.120987000000000178e+00 2.572839000000000785e-15
1.121663999999999994e+00 2.523879999999999904e-15
1.122341999999999951e+00 2.597680000000000433e-15
1.123020000000000129e+00 2.206845000000000463e-15
1.123697999999999864e+00 2.273289000000000483e-15
1.124376000000000042e+00 2.601118999999999738e-15
1.125053999999999998e+00 2.357646000000000288e-15
1.125733000000000095e+00 2.754690000000000592e-15
1.126411000000000051e+00 2.277583000000000075e-15
1.127089999999999925e+00 2.257434999999999969e-15
1.127768000000000104e+00 2.577831000000000137e-15
1.128446999999999978e+00 2.455289000000000285e-15
1.129126000000000074e+00 2.356571999999999986e-15
1.129804000000000030e+00 2.565919000000000270e-15
1.130482999999999905e+00 2.503300000000000268e-15
1.131162999999999919e+00 2.611933000000000469e-15
1.131842000000000015e+00 2.904525000000000393e-15
1.132520999999999889e+00 2.877687999999999992e-15
1.133199999999999985e+00 2.786328000000000417e-15
1.133879999999999999e+00 2.618464000000000022e-15
1.134559000000000095e+00 2.401412000000000139e-15
1.135238999999999887e+00 2.393528999999999849e-15
1.135919000000000123e+00 2.240408000000000413e-15
1.136598999999999915e+00 2.809802000000000451e-15
1.137279000000000151e+00 2.785675000000000443e-15
1.137958000000000025e+00 3.002300000000000290e-15
1.138638999999999957e+00 2.949896000000000396e-15
1.139318999999999971e+00 2.834137000000000480e-15
1.139998999999999985e+00 2.884976000000000516e-15
1.140679999999999916e+00 2.982023999999999958e-15
1.141359999999999930e+00 2.794391000000000248e-15
1.142041000000000084e+00 2.818830000000000092e-15
1.142720999999999876e+00 2.755611999999999860e-15
1.143402000000000029e+00 2.745898000000000270e-15
1.144082999999999961e+00 2.848306000000000257e-15
1.144763999999999893e+00 2.692162000000000377e-15
1.145445000000000046e+00 2.416266000000000045e-15
1.146125999999999978e+00 2.466931000000000248e-15
1.146808000000000050e+00 2.481058999999999913e-15
1.147488999999999981e+00 2.543110000000000416e-15
1.148170999999999831e+00 2.335976000000000075e-15
1.148851999999999984e+00 2.522027000000000621e-15
1.149534000000000056e+00 2.698341000000000196e-15
1.150215999999999905e+00 2.517833000000000380e-15
1.150897999999999977e+00 2.431734000000000635e-15
1.151579000000000130e+00 2.532766000000000262e-15
1.152262000000000119e+00 2.566575000000000492e-15
1.152943999999999969e+00 2.561406000000000269e-15
1.153626000000000040e+00 2.406170000000000206e-15
1.154307999999999890e+00 2.499835000000000122e-15
1.154990999999999879e+00 2.437237000000000283e-15
1.155672999999999950e+00 2.366023999999999810e-15
1.156355999999999939e+00 2.440307999999999973e-15
1.157038999999999929e+00 2.360538000000000256e-15
1.157721999999999918e+00 2.466495999999999680e-15
1.158403999999999989e+00 2.425984000000000492e-15
1.159087999999999896e+00 2.345451000000000096e-15
1.159770999999999885e+00 2.391438000000000029e-15
1.160454000000000097e+00 2.423621000000000339e-15
1.161137000000000086e+00 2.415289000000000029e-15
1.161820999999999993e+00 2.546202000000000269e-15
1.162503999999999982e+00 2.362154000000000005e-15
1.163187999999999889e+00 2.326371000000000583e-15
1.163870999999999878e+00 2.301102000000000290e-15
1.164555000000000007e+00 2.302177000000000017e-15
1.165238999999999914e+00 2.266758000000000141e-15
1.165923000000000043e+00 2.204063000000000411e-15
1.166606999999999950e+00 2.144053999999999873e-15
1.167291999999999996e+00 2.160169000000000333e-15
1.167976000000000125e+00 2.163718000000000344e-15
1.168660000000000032e+00 2.102657000000000277e-15
1.169345000000000079e+00 2.143923000000000187e-15
1.170028999999999986e+00 2.083487000000000007e-15
1.170714000000000032e+00 2.077173000000000039e-15
1.171399000000000079e+00 2.034536999999999872e-15
1.172083999999999904e+00 2.063353999999999962e-15
1.172768999999999950e+00 2.058252000000000298e-15
1.173453999999999997e+00 1.996917000000000259e-15
1.174139000000000044e+00 2.059535999999999867e-15
1.174823999999999868e+00 1.979969000000000284e-15
1.175508999999999915e+00 1.988347000000000201e-15
1.176195000000000102e+00 2.067062000000000534e-15
1.176879999999999926e+00 2.054860000000000025e-15
1.177565999999999891e+00 2.060417000000000206e-15
1.178252000000000077e+00 1.974689000000000325e-15
1.178937999999999819e+00 1.969521000000000316e-15
1.179624000000000006e+00 2.000734999999999959e-15
1.180309999999999970e+00 1.983739000000000343e-15
1.180995999999999935e+00 1.967913000000000311e-15
1.181681999999999899e+00 1.961401000000000492e-15
1.182368000000000086e+00 1.957997999999999833e-15
1.183054999999999968e+00 1.888002000000000342e-15
1.183740999999999932e+00 1.975721000000000299e-15
1.184428000000000036e+00 2.000377000000000516e-15
1.185114999999999919e+00 1.940382000000000219e-15
1.185801000000000105e+00 1.873441999999999963e-15
1.186487999999999987e+00 1.876423000000000475e-15
1.187175000000000091e+00 1.865349000000000406e-15
1.187861999999999973e+00 1.820521999999999884e-15
1.188549999999999995e+00 1.817380000000000355e-15
1.189237000000000100e+00 1.810178000000000125e-15
1.189923999999999982e+00 1.817903999999999888e-15
1.190612000000000004e+00 1.810629999999999999e-15
1.191298999999999886e+00 1.765181000000000431e-15
1.191987000000000130e+00 1.702879000000000154e-15
1.192674999999999930e+00 1.720194000000000121e-15
1.193362999999999952e+00 1.713365000000000380e-15
1.194050999999999974e+00 1.664569999999999949e-15
1.194738999999999995e+00 1.611215000000000288e-15
1.195427000000000017e+00 1.645417000000000168e-15
1.196115000000000039e+00 1.617579000000000129e-15
1.196803999999999979e+00 1.601595000000000143e-15
1.197492000000000001e+00 1.557148000000000035e-15
1.198180999999999941e+00 1.565701000000000196e-15
1.198868999999999962e+00 1.772403000000000019e-15
1.199557999999999902e+00 1.644655999999999918e-15
1.200246999999999842e+00 1.394601000000000038e-15
1.200936000000000003e+00 1.523840999999999945e-15
1.201624999999999943e+00 1.485837000000000048e-15
1.202313999999999883e+00 1.414729999999999818e-15
1.203003000000000045e+00 1.374106999999999907e-15
1.203691999999999984e+00 1.406546000000000077e-15
1.204382000000000064e+00 1.404430000000000222e-15
1.205071000000000003e+00 1.316286000000000066e-15
1.205761000000000083e+00 1.362729000000000139e-15
1.206450999999999940e+00 1.297061000000000035e-15
1.207141000000000020e+00 1.312364000000000355e-15
1.207830999999999877e+00 1.272804999999999982e-15
1.208520999999999956e+00 1.269337000000000178e-15
1.209211000000000036e+00 1.260077999999999923e-15
1.209901000000000115e+00 1.275090999999999995e-15
1.210590999999999973e+00 1.271343000000000314e-15
1.211281999999999970e+00 1.257212000000000006e-15
1.211971999999999827e+00 1.253095999999999921e-15
1.212662999999999824e+00 1.224250999999999942e-15
1.213353000000000126e+00 1.198450000000000177e-15
1.214044000000000123e+00 1.181964000000000050e-15
1.214735000000000120e+00 1.154224999999999936e-15
1.215426000000000117e+00 1.144101000000000011e-15
1.216117000000000115e+00 1.138584000000000122e-15
1.216807999999999890e+00 1.170198000000000127e-15
1.217498999999999887e+00 1.132894000000000024e-15
1.218191000000000024e+00 1.115561999999999962e-15
1.218882000000000021e+00 1.099256000000000166e-15
1.219573999999999936e+00 1.094439000000000073e-15
1.220266000000000073e+00 1.119347999999999902e-15
1.220957000000000070e+00 1.094045000000000011e-15
1.221648999999999985e+00 1.112890000000000025e-15
1.222340999999999900e+00 1.069105000000000241e-15
1.223033000000000037e+00 1.051624000000000184e-15
1.223724999999999952e+00 1.035933000000000104e-15
1.224417000000000089e+00 1.038895000000000091e-15
1.225110000000000143e+00 1.056064000000000115e-15
1.225802000000000058e+00 1.075955000000000145e-15
1.226495000000000113e+00 1.055445000000000134e-15
1.227187000000000028e+00 1.048333000000000069e-15
1.227879999999999860e+00 1.091807000000000230e-15
1.228572999999999915e+00 1.088908999999999961e-15
1.229265999999999970e+00 1.083579999999999949e-15
1.229959000000000024e+00 1.038534000000000203e-15
1.230652000000000079e+00 1.076665000000000112e-15
1.231345000000000134e+00 1.043667000000000201e-15
1.232037999999999967e+00 1.033475000000000094e-15
1.232731999999999939e+00 1.056626999999999923e-15
1.233424999999999994e+00 1.061554000000000131e-15
1.234118999999999966e+00 1.082958000000000113e-15
1.234812999999999938e+00 1.078675000000000119e-15
1.235505999999999993e+00 1.050649000000000006e-15
1.236199999999999966e+00 1.068507000000000029e-15
1.236894000000000160e+00 1.084614999999999975e-15
1.237587999999999910e+00 1.064426999999999971e-15
1.238283000000000023e+00 1.068408000000000104e-15
1.238976999999999995e+00 1.074163000000000135e-15
1.239670999999999967e+00 1.078529999999999995e-15
1.240366000000000080e+00 1.045653000000000191e-15
1.241060000000000052e+00 1.071093000000000068e-15
1.241754999999999942e+00 1.080143999999999906e-15
1.242450000000000054e+00 1.108414000000000068e-15
1.243144000000000027e+00 1.093902000000000317e-15
1.243838999999999917e+00 1.082070000000000246e-15
1.244534000000000029e+00 1.106478999999999968e-15
1.245229999999999837e+00 1.105891000000000125e-15
1.245924999999999949e+00 1.112786000000000211e-15
1.246620000000000061e+00 1.111689000000000106e-15
1.247316000000000091e+00 1.166414000000000222e-15
1.248010999999999981e+00 1.137948000000000244e-15
1.248707000000000011e+00 1.194120000000000163e-15
1.249402000000000124e+00 1.181779000000000226e-15
1.250097999999999931e+00 1.204392000000000067e-15
1.250793999999999961e+00 1.212621000000000185e-15
1.251489999999999991e+00 1.184091000000000094e-15
1.252186000000000021e+00 1.230326999999999965e-15
1.252882999999999969e+00 1.270506000000000336e-15
1.253578999999999999e+00 1.250509999999999883e-15
1.254275000000000029e+00 1.256903000000000221e-15
1.254971999999999976e+00 1.299491999999999778e-15
1.255668000000000006e+00 1.284165999999999852e-15
1.256364999999999954e+00 1.325195000000000227e-15
1.257062000000000124e+00 1.298419000000000086e-15
1.257759000000000071e+00 1.337743000000000170e-15
1.258456000000000019e+00 1.384736000000000025e-15
1.259152999999999967e+00 1.361101999999999807e-15
1.259849999999999914e+00 1.377838000000000282e-15
1.260546999999999862e+00 1.375320000000000031e-15
1.261245000000000172e+00 1.445038999999999893e-15
1.261941999999999897e+00 1.430774000000000044e-15
1.262639999999999985e+00 1.480297999999999979e-15
1.263337000000000154e+00 1.399248999999999793e-15
1.264035000000000020e+00 1.449886999999999927e-15
1.264732999999999885e+00 1.473325000000000132e-15
1.265430999999999973e+00 1.435624000000000113e-15
1.266129000000000060e+00 1.483259000000000147e-15
1.266827000000000147e+00 1.508428000000000103e-15
1.267525000000000013e+00 1.498902000000000192e-15
1.268224000000000018e+00 1.513337999999999822e-15
1.268921999999999883e+00 1.550023000000000338e-15
1.269620999999999889e+00 1.519166000000000318e-15
1.270318999999999976e+00 1.554643000000000204e-15
1.271017999999999981e+00 1.633570999999999857e-15
1.271716999999999986e+00 1.650592000000000099e-15
1.272415999999999991e+00 1.699960000000000313e-15
1.273114999999999997e+00 1.690719000000000169e-15
1.273814000000000002e+00 1.700614000000000106e-15
1.274513000000000007e+00 1.766329000000000031e-15
1.275212000000000012e+00 1.780703000000000174e-15
1.275912000000000157e+00 1.778607000000000070e-15
1.276611000000000162e+00 1.765802000000000052e-15
1.277311000000000085e+00 1.818657999999999821e-15
1.278011000000000008e+00 1.817332999999999745e-15
1.278710000000000013e+00 1.865464000000000211e-15
1.279409999999999936e+00 1.875240999999999897e-15
1.280110000000000081e+00 1.880519000000000216e-15
1.280810000000000004e+00 1.912047000000000519e-15
1.281509999999999927e+00 2.012492999999999942e-15
1.282210999999999990e+00 2.081745999999999887e-15
1.282911000000000135e+00 2.183715000000000420e-15
1.283611999999999975e+00 2.136390000000000386e-15
1.284312000000000120e+00 2.034725000000000340e-15
1.285012999999999961e+00 1.997628999999999865e-15
1.285714000000000024e+00 1.976627000000000081e-15
1.286413999999999946e+00 1.904859999999999954e-15
1.287115000000000009e+00 1.893001000000000012e-15
1.287816000000000072e+00 1.855414999999999799e-15
1.288518000000000052e+00 1.913236000000000231e-15
1.289219000000000115e+00 1.825270000000000174e-15
1.289920000000000178e+00 1.876437000000000321e-15
1.290621999999999936e+00 1.915708000000000481e-15
1.291322999999999999e+00 1.861709000000000212e-15
1.292024999999999979e+00 1.808883000000000170e-15
1.292726000000000042e+00 1.840297000000000092e-15
1.293428000000000022e+00 1.835391000000000245e-15
1.294130000000000003e+00 1.824714000000000486e-15
1.294831999999999983e+00 1.777223000000000362e-15
1.295533999999999963e+00 1.795956000000000029e-15
1.296237000000000084e+00 1.750190000000000145e-15
1.296938999999999842e+00 1.750449000000000254e-15
1.297641000000000044e+00 1.721397000000000271e-15
1.298343999999999943e+00 1.719606000000000080e-15
1.299045999999999923e+00 1.691212999999999976e-15
1.299749000000000043e+00 1.676632000000000420e-15
1.300451999999999941e+00 1.659417000000000198e-15
1.301154999999999839e+00 1.685336000000000216e-15
1.301857999999999960e+00 1.651147000000000362e-15
1.302561000000000080e+00 1.637949999999999923e-15
1.303263999999999978e+00 1.582615000000000178e-15
1.303967000000000098e+00 1.570923000000000145e-15
1.304670999999999914e+00 1.554052999999999932e-15
1.305374000000000034e+00 1.593867000000000149e-15
1.306078000000000072e+00 1.544494000000000046e-15
1.306780999999999970e+00 1.511227000000000052e-15
1.307485000000000008e+00 1.481400999999999989e-15
1.308189000000000046e+00 1.477318000000000077e-15
1.308893000000000084e+00 1.458978999999999879e-15
1.309596999999999900e+00 1.476996999999999889e-15
1.310300999999999938e+00 1.444129000000000239e-15
1.311004999999999976e+00 1.403204999999999892e-15
1.311709999999999932e+00 1.393724000000000162e-15
1.312413999999999970e+00 1.447828000000000065e-15
1.313119000000000147e+00 1.397135999999999990e-15
1.313822999999999963e+00 1.365452000000000361e-15
1.314528000000000141e+00 1.313844000000000331e-15
1.315233000000000096e+00 1.314550000000000229e-15
1.315937999999999830e+00 1.287837000000000183e-15
1.316643000000000008e+00 1.287854000000000081e-15
1.317347999999999963e+00 1.252528000000000027e-15
1.318053000000000141e+00 1.261052000000000281e-15
1.318759000000000015e+00 1.252762000000000101e-15
1.319463999999999970e+00 1.189260999999999940e-15
1.320169000000000148e+00 1.177633000000000020e-15
1.320875000000000021e+00 1.177515999999999983e-15
1.321580999999999895e+00 1.162933000000000195e-15
1.322286999999999990e+00 1.134586000000000092e-15
1.322991999999999946e+00 1.157872999999999872e-15
1.323698000000000041e+00 1.064655000000000139e-15
1.324404999999999832e+00 1.083816999999999878e-15
1.325111000000000150e+00 1.083501999999999990e-15
1.325817000000000023e+00 1.063747000000000125e-15
1.326522999999999897e+00 1.044325000000000063e-15
1.327229999999999910e+00 1.078562999999999970e-15
1.327936000000000005e+00 1.053305999999999883e-15
1.328643000000000018e+00 1.017826999999999963e-15
1.329350000000000032e+00 9.957140000000000313e-16
1.330057000000000045e+00 1.009362000000000130e-15
1.330763999999999836e+00 1.025576999999999941e-15
1.331470999999999849e+00 9.567380000000000070e-16
1.332178000000000084e+00 9.374090000000001617e-16
1.332885000000000097e+00 9.528069999999999437e-16
1.333592000000000111e+00 9.980450000000002264e-16
1.334300000000000042e+00 9.691690000000001098e-16
1.335007999999999972e+00 9.394800000000000330e-16
1.335714999999999986e+00 1.000280999999999973e-15
1.336422999999999917e+00 9.736430000000000322e-16
1.337130999999999847e+00 9.382280000000000277e-16
1.337839000000000000e+00 9.708230000000001166e-16
1.338546999999999931e+00 9.686390000000000795e-16
1.339254999999999862e+00 9.857340000000000151e-16
1.339963000000000015e+00 9.559289999999999183e-16
1.340670999999999946e+00 9.765220000000001723e-16
1.341380000000000017e+00 9.631110000000000023e-16
1.342087999999999948e+00 9.471709999999999839e-16
1.342797000000000018e+00 9.197029999999999880e-16
1.343505999999999867e+00 9.058220000000000292e-16
1.344214000000000020e+00 8.482850000000000372e-16
1.344922999999999869e+00 7.873080000000002298e-16
1.345631999999999939e+00 8.720380000000001295e-16
1.346341000000000010e+00 9.073209999999999378e-16
1.347050000000000081e+00 8.251280000000001226e-16
1.347760000000000069e+00 8.561220000000001288e-16
1.348469000000000140e+00 7.409260000000000217e-16
1.349179000000000128e+00 7.073580000000000844e-16
1.349887999999999977e+00 8.078639999999999470e-16
1.350597999999999965e+00 8.144510000000001662e-16
1.351307999999999954e+00 6.925600000000001544e-16
1.352017000000000024e+00 6.067190000000001071e-16
1.352727000000000013e+00 6.149380000000000539e-16
1.353437999999999919e+00 5.839080000000000210e-16
1.354147999999999907e+00 4.758699999999999800e-16
1.354857999999999896e+00 5.558740000000000668e-16
1.355568000000000106e+00 6.192540000000000238e-16
1.356279000000000012e+00 5.309560000000000828e-16
1.356989000000000001e+00 4.431820000000001182e-16
1.357699999999999907e+00 5.891930000000000665e-16
1.358411000000000035e+00 3.986630000000000056e-16
1.359121000000000024e+00 2.580820000000000293e-16
1.359831999999999930e+00 5.367389999999999048e-16
1.360543000000000058e+00 5.963370000000000895e-16
1.361254999999999882e+00 8.265250000000001530e-16
1.361966000000000010e+00 7.950270000000000699e-16
1.362677000000000138e+00 8.944990000000000226e-16
1.363388999999999962e+00 8.591150000000001560e-16
1.364100000000000090e+00 4.912300000000000955e-16
1.364812000000000136e+00 1.468340000000000062e-16
1.365523000000000042e+00 3.592080000000000380e-16
1.366235000000000088e+00 2.819440000000000214e-16
1.366946999999999912e+00 3.254159999999999516e-16
1.367658999999999958e+00 4.325160000000000550e-16
1.368371000000000004e+00 7.582520000000000788e-16
1.369083000000000050e+00 7.504959999999999977e-16
1.369796000000000014e+00 5.367350000000000333e-16
1.370508000000000060e+00 6.817810000000001226e-16
1.371221000000000023e+00 4.530019999999999997e-16
1.371933000000000069e+00 8.118430000000001444e-16
1.372645999999999811e+00 8.712370000000001043e-17
1.373358000000000079e+00 5.252319999999999921e-16
1.374070999999999820e+00 6.880430000000000851e-16
1.374784000000000006e+00 6.490810000000000054e-16
1.375496999999999970e+00 5.731660000000001316e-16
1.376211000000000073e+00 6.720850000000001520e-16
1.376924000000000037e+00 5.978460000000000712e-16
1.377637000000000000e+00 5.052080000000000438e-16
1.378351000000000104e+00 6.784290000000000437e-16
1.379063999999999846e+00 5.190270000000001210e-16
1.379778000000000171e+00 1.736730000000000218e-16
1.380492000000000052e+00 6.236789999999999922e-16
1.381205000000000016e+00 1.333304999999999880e-15
1.381919000000000119e+00 3.294550000000000947e-16
1.382633000000000001e+00 8.922990000000001544e-17
1.383346999999999882e+00 2.274060000000000116e-16
1.384062000000000126e+00 1.242380000000000133e-16
1.384776000000000007e+00 2.822340000000000222e-16
1.385489999999999888e+00 3.486220000000000667e-16
1.386204999999999909e+00 5.435390000000000350e-16
1.386920000000000153e+00 4.695400000000000330e-16
1.387634000000000034e+00 4.424020000000000346e-16
1.388349000000000055e+00 6.014930000000000888e-16
1.389063999999999854e+00 5.706460000000000434e-16
1.389779000000000098e+00 7.396720000000000806e-16
1.390494000000000119e+00 6.262690000000000994e-16
1.391208999999999918e+00 5.840789999999999995e-16
1.391925000000000079e+00 7.087100000000001308e-16
1.392639999999999878e+00 6.095640000000000577e-16
1.393354999999999899e+00 4.393060000000000628e-16
1.394070999999999838e+00 5.637099999999999441e-16
1.394786999999999999e+00 3.934320000000000494e-16
1.395502000000000020e+00 3.474000000000000343e-16
1.396217999999999959e+00 1.134383999999999975e-15
1.396934000000000120e+00 8.223750000000001743e-16
1.397650000000000059e+00 7.128350000000000746e-16
1.398366999999999916e+00 6.843220000000000785e-16
1.399083000000000077e+00 6.960130000000000943e-16
1.399799000000000015e+00 6.013170000000000244e-16
1.400516000000000094e+00 2.590050000000000543e-16
1.401232000000000033e+00 1.113712999999999959e-15
1.401948999999999890e+00 6.518259999999999149e-16
1.402665999999999968e+00 7.567649999999999818e-16
1.403381999999999907e+00 6.440070000000000338e-16
1.404098999999999986e+00 6.208450000000000333e-16
1.404816000000000065e+00 4.726790000000001023e-16
1.405532999999999921e+00 4.714510000000001147e-16
1.406250999999999918e+00 6.762150000000000830e-16
1.406967999999999996e+00 7.567110000000001391e-16
1.407685000000000075e+00 4.821460000000000844e-16
1.408403000000000072e+00 6.614330000000001320e-16
1.409120999999999846e+00 6.473099999999999614e-16
1.409837999999999925e+00 5.853810000000000747e-16
1.410555999999999921e+00 5.983360000000001048e-16
1.411273999999999917e+00 7.488460000000000596e-16
1.411991999999999914e+00 6.526830000000000391e-16
1.412710000000000132e+00 6.780840000000002323e-16
1.413428000000000129e+00 7.458050000000000956e-16
1.414147000000000043e+00 7.516689999999999282e-16
1.414865000000000039e+00 4.703800000000000624e-16
1.415583000000000036e+00 6.221780000000000493e-16
1.416301999999999950e+00 7.065960000000000141e-16
1.417020999999999864e+00 7.978260000000001180e-16
1.417740000000000000e+00 6.344420000000001436e-16
1.418457999999999997e+00 7.029690000000000441e-16
1.419177000000000133e+00 7.003700000000000782e-16
1.419895999999999825e+00 5.498320000000000369e-16
1.420615999999999879e+00 6.688580000000000505e-16
1.421335000000000015e+00 8.003259999999999614e-16
1.422054000000000151e+00 7.731650000000000117e-16
1.422773999999999983e+00 7.934640000000000483e-16
1.423493000000000119e+00 7.762040000000000399e-16
1.424212999999999951e+00 7.093090000000001629e-16
1.424933000000000005e+00 8.804540000000000083e-16
1.425652000000000141e+00 8.216760000000000026e-16
1.426371999999999973e+00 7.236280000000001496e-16
1.427092000000000027e+00 7.762770000000000117e-16
1.427812999999999999e+00 6.956150000000000630e-16
1.428533000000000053e+00 6.266560000000001390e-16
1.429253000000000107e+00 8.225449999999999384e-16
1.429974000000000078e+00 8.509390000000001588e-16
1.430694000000000132e+00 8.549490000000000011e-16
1.431414999999999882e+00 8.105460000000002536e-16
1.432134999999999936e+00 7.525650000000001305e-16
1.432855999999999908e+00 6.939510000000000817e-16
1.433577000000000101e+00 7.797550000000000852e-16
1.434297999999999851e+00 8.573809999999999586e-16
1.435019000000000045e+00 6.748590000000000665e-16
1.435740000000000016e+00 8.686440000000001181e-16
1.436462000000000128e+00 7.658440000000000057e-16
1.437183000000000099e+00 7.773670000000000945e-16
1.437904999999999989e+00 7.224319999999999227e-16
1.438625999999999960e+00 7.113650000000000724e-16
1.439347999999999850e+00 8.976629999999999296e-16
1.440070000000000183e+00 7.473430000000001810e-16
1.440792000000000073e+00 8.146980000000000695e-16
1.441512999999999822e+00 7.707980000000000858e-16
1.442236000000000073e+00 7.800500000000001226e-16
1.442957999999999963e+00 7.507350000000000594e-16
1.443679999999999852e+00 7.876280000000000063e-16
1.444401999999999964e+00 8.166450000000000792e-16
1.445124999999999993e+00 1.743623000000000171e-15
1.445846999999999882e+00 7.392400000000000570e-16
1.446570000000000134e+00 6.717330000000001218e-16
1.447292999999999941e+00 8.159590000000001308e-16
1.448015999999999970e+00 7.954090000000001223e-16
1.448738999999999999e+00 8.355729999999999403e-16
1.449462000000000028e+00 8.043210000000001377e-16
1.450185000000000057e+00 7.849740000000000819e-16
1.450908000000000087e+00 6.323520000000000446e-16
1.451630999999999894e+00 8.012660000000000319e-16
1.452354999999999841e+00 8.213380000000000156e-16
1.453078000000000092e+00 8.546360000000000491e-16
1.453802000000000039e+00 8.672440000000000362e-16
1.454525999999999986e+00 9.088430000000000442e-16
1.455249000000000015e+00 8.859579999999999692e-16
1.455972999999999962e+00 8.190409999999999115e-16
1.456696999999999909e+00 8.883650000000001875e-16
1.457420999999999855e+00 9.027880000000001854e-16
1.458145999999999942e+00 8.581129999999999082e-16
1.458870000000000111e+00 8.817960000000000802e-16
1.459594000000000058e+00 8.915610000000000525e-16
1.460319000000000145e+00 8.260710000000000474e-16
1.461043000000000092e+00 8.170090000000001183e-16
1.461767999999999956e+00 8.336670000000002402e-16
1.462493000000000043e+00 8.551770000000000711e-16
1.463218000000000130e+00 9.210970000000000655e-16
1.463942999999999994e+00 8.586450000000000714e-16
1.464668000000000081e+00 9.784049999999999704e-16
1.465392999999999946e+00 9.679350000000002164e-16
1.466118000000000032e+00 8.874010000000000007e-16
1.466844000000000037e+00 8.347700000000000533e-16
1.467569000000000123e+00 8.548500000000001744e-16
1.468295000000000128e+00 9.420710000000001574e-16
1.469019999999999992e+00 9.988120000000001854e-16
1.469745999999999997e+00 9.247800000000002083e-16
1.470472000000000001e+00 9.401270000000002978e-16
1.471198000000000006e+00 9.379300000000000374e-16
1.471924000000000010e+00 9.446310000000001438e-16
1.472650000000000015e+00 1.054514000000000119e-15
1.473376000000000019e+00 1.102061000000000022e-15
1.474103000000000163e+00 1.156953000000000244e-15
1.474829000000000168e+00 1.174888000000000209e-15
1.475554999999999950e+00 1.228848000000000005e-15
1.476281999999999872e+00 1.114367000000000344e-15
1.477009000000000016e+00 1.106214999999999971e-15
1.477736000000000161e+00 1.119408000000000144e-15
1.478462999999999861e+00 1.130223999999999923e-15
1.479190000000000005e+00 1.188935000000000060e-15
1.479916999999999927e+00 1.135004000000000171e-15
1.480644000000000071e+00 1.136207000000000123e-15
1.481370999999999993e+00 1.236678999999999994e-15
1.482099000000000055e+00 1.201207000000000194e-15
1.482825999999999977e+00 1.257700000000000104e-15
1.483554000000000039e+00 1.266809999999999773e-15
1.484280999999999962e+00 1.266201000000000358e-15
1.485009000000000023e+00 1.221457000000000079e-15
1.485737000000000085e+00 1.246928000000000291e-15
1.486464999999999925e+00 1.254146999999999827e-15
1.487192999999999987e+00 1.202030000000000128e-15
1.487920999999999827e+00 1.261853000000000036e-15
1.488650000000000029e+00 1.317480000000000062e-15
1.489378000000000091e+00 1.360231000000000231e-15
1.490105999999999931e+00 1.293868000000000024e-15
1.490835000000000132e+00 1.270321000000000117e-15
1.491563999999999890e+00 1.284107000000000022e-15
1.492291999999999952e+00 1.273603000000000079e-15
1.493020999999999932e+00 1.248641000000000128e-15
1.493749999999999911e+00 1.276024000000000044e-15
1.494479000000000113e+00 1.252237999999999977e-15
1.495208000000000093e+00 1.244184000000000103e-15
1.495937999999999990e+00 1.259954000000000160e-15
1.496666999999999970e+00 1.240384000000000120e-15
1.497395999999999949e+00 1.265020000000000191e-15
1.498126000000000069e+00 1.318811000000000043e-15
1.498854999999999826e+00 1.270784000000000377e-15
1.499584999999999946e+00 1.294942000000000128e-15
1.500315000000000065e+00 1.316241000000000082e-15
1.501044999999999963e+00 1.286738000000000044e-15
1.501775000000000082e+00 1.305678000000000112e-15
1.502504999999999979e+00 1.307143000000000225e-15
1.503235000000000099e+00 1.293073999999999996e-15
1.503965999999999914e+00 1.339010000000000039e-15
1.504695999999999811e+00 1.382391000000000181e-15
1.505425999999999931e+00 1.356328000000000057e-15
1.506156999999999968e+00 1.395560000000000336e-15
1.506888000000000005e+00 1.375280999999999756e-15
1.507619000000000042e+00 1.288169000000000166e-15
1.508348999999999940e+00 1.288736000000000043e-15
1.509079999999999977e+00 1.327954000000000082e-15
1.509812000000000154e+00 1.337428000000000085e-15
1.510542999999999969e+00 1.346237000000000304e-15
1.511274000000000006e+00 1.375681000000000117e-15
1.512004999999999821e+00 1.374784000000000095e-15
1.512736999999999998e+00 1.360630999999999804e-15
1.513468000000000035e+00 1.369277000000000181e-15
1.514199999999999990e+00 1.370716000000000243e-15
1.514931999999999945e+00 1.411494000000000252e-15
1.515663999999999900e+00 1.419380000000000199e-15
1.516395999999999855e+00 1.420867000000000099e-15
1.517128000000000032e+00 1.459828000000000063e-15
1.517859999999999987e+00 1.533284000000000205e-15
1.518591999999999942e+00 1.492808000000000058e-15
1.519323999999999897e+00 1.531589000000000086e-15
1.520056999999999992e+00 1.538054000000000281e-15
1.520788999999999946e+00 1.551328000000000070e-15
1.521522000000000041e+00 1.597919000000000121e-15
1.522254999999999914e+00 1.635222000000000206e-15
1.522987000000000091e+00 1.682213000000000027e-15
1.523719999999999963e+00 1.631662000000000007e-15
1.524453000000000058e+00 1.705789000000000235e-15
1.525187000000000070e+00 1.678929000000000425e-15
1.525920000000000165e+00 1.670703000000000161e-15
1.526653000000000038e+00 1.703468000000000014e-15
1.527386000000000132e+00 1.705653000000000266e-15
1.528120000000000145e+00 1.727744000000000017e-15
1.528854000000000157e+00 1.758810000000000076e-15
1.529587000000000030e+00 1.801558000000000391e-15
1.530320999999999820e+00 1.787464000000000127e-15
1.531054999999999833e+00 1.791086000000000011e-15
1.531788999999999845e+00 1.749476000000000110e-15
1.532522999999999858e+00 1.782705000000000240e-15
1.533256999999999870e+00 1.802000000000000093e-15
1.533990999999999882e+00 1.862952000000000063e-15
1.534726000000000035e+00 1.901534000000000026e-15
1.535460000000000047e+00 1.876298000000000103e-15
1.536194999999999977e+00 1.922924999999999983e-15
1.536928999999999990e+00 1.966734999999999801e-15
1.537663999999999920e+00 2.011519999999999996e-15
1.538399000000000072e+00 2.043123000000000206e-15
1.539134000000000002e+00 2.059308000000000290e-15
1.539869000000000154e+00 2.146901000000000055e-15
1.540604000000000084e+00 2.145321000000000136e-15
1.541339000000000015e+00 2.200163999999999911e-15
1.542075000000000085e+00 2.200779000000000021e-15
1.542810000000000015e+00 2.243108000000000634e-15
1.543545999999999863e+00 2.368439000000000067e-15
1.544281000000000015e+00 2.340007000000000476e-15
1.545017000000000085e+00 2.386725999999999963e-15
1.545753000000000155e+00 2.404309000000000391e-15
1.546489000000000003e+00 2.480815000000000061e-15
1.547225000000000072e+00 2.499316000000000083e-15
1.547961000000000142e+00 2.525432000000000131e-15
1.548696999999999990e+00 2.559807000000000221e-15
1.549433999999999978e+00 2.599427999999999687e-15
1.550170000000000048e+00 2.619829000000000391e-15
1.550905999999999896e+00 2.650780000000000053e-15
1.551643000000000105e+00 2.644540000000000567e-15
1.552379999999999871e+00 2.718536999999999943e-15
1.553117000000000081e+00 2.700617000000000235e-15
1.553853000000000151e+00 2.721887000000000283e-15
1.554589999999999916e+00 2.714853999999999997e-15
1.555328000000000044e+00 2.657372000000000062e-15
1.556065000000000031e+00 2.749296000000000252e-15
1.556802000000000019e+00 2.659615000000000521e-15
1.557539000000000007e+00 2.710859000000000215e-15
1.558277000000000134e+00 2.687037000000000516e-15
1.559013999999999900e+00 2.645603000000000482e-15
1.559752000000000027e+00 2.625838999999999871e-15
1.560489999999999933e+00 2.676774000000000372e-15
1.561228000000000060e+00 2.625704000000000116e-15
1.561965999999999966e+00 2.611737000000000258e-15
1.562704000000000093e+00 2.621618000000000152e-15
1.563441999999999998e+00 2.609752000000000286e-15
1.564179999999999904e+00 2.596347000000000614e-15
1.564918000000000031e+00 2.596781000000000573e-15
1.565657000000000076e+00 2.597468000000000342e-15
1.566394999999999982e+00 2.623471000000000618e-15
1.567134000000000027e+00 2.644244000000000217e-15
1.567872999999999850e+00 2.643936999999999874e-15
1.568612000000000117e+00 2.696036000000000250e-15
1.569350999999999940e+00 2.682899000000000447e-15
1.570089999999999986e+00 2.703476000000000229e-15
1.570829000000000031e+00 2.710463000000000514e-15
1.571568000000000076e+00 2.699386000000000196e-15
1.572306999999999899e+00 2.704704000000000020e-15
1.573046999999999862e+00 2.763866999999999833e-15
1.573786000000000129e+00 2.787635000000000183e-15
1.574526000000000092e+00 2.873107999999999827e-15
1.575264999999999915e+00 2.965921999999999919e-15
1.576004999999999878e+00 2.989276000000000258e-15
1.576745000000000063e+00 3.021080000000000173e-15
1.577485000000000026e+00 3.099984000000000400e-15
1.578224999999999989e+00 3.060278000000000066e-15
1.578964999999999952e+00 3.061072000000000686e-15
1.579706000000000055e+00 3.018140999999999989e-15
1.580446000000000017e+00 3.035769999999999629e-15
1.581187000000000120e+00 3.048966000000000643e-15
1.581927000000000083e+00 3.064776000000000401e-15
1.582667999999999964e+00 3.106271999999999922e-15
1.583407999999999927e+00 3.152528000000000332e-15
1.584149000000000029e+00 3.119720000000000530e-15
1.584889999999999910e+00 3.159153000000000317e-15
1.585631000000000013e+00 3.038405000000000509e-15
1.586373000000000033e+00 3.056159999999999947e-15
1.587113999999999914e+00 3.028060000000000930e-15
1.587855000000000016e+00 3.052809000000000181e-15
1.588597000000000037e+00 3.047715999999999686e-15
1.589337999999999917e+00 3.113963000000000070e-15
1.590079999999999938e+00 3.180040000000000295e-15
1.590820999999999819e+00 3.122286000000000422e-15
1.591562999999999839e+00 3.074699000000000621e-15
1.592304999999999859e+00 2.998150000000000410e-15
1.593046999999999880e+00 2.996418000000000247e-15
1.593788999999999900e+00 2.933324000000000173e-15
1.594532000000000060e+00 2.912475000000000058e-15
1.595274000000000081e+00 2.898414000000000164e-15
1.596015999999999879e+00 2.877408000000000311e-15
1.596759000000000039e+00 2.990947000000000360e-15
1.597501000000000060e+00 2.975880000000000543e-15
1.598243999999999998e+00 2.966130000000000336e-15
1.598987000000000158e+00 2.971803000000000142e-15
1.599729999999999874e+00 2.905284000000000214e-15
1.600473000000000035e+00 2.897544000000000211e-15
1.601215999999999973e+00 2.934410000000000286e-15
1.601958999999999911e+00 3.001529000000000262e-15
1.602702000000000071e+00 2.948323000000000005e-15
1.603445999999999927e+00 3.037930999999999863e-15
1.604188999999999865e+00 3.070789000000000130e-15
1.604932999999999943e+00 2.995840000000000576e-15
1.605676000000000103e+00 3.061129000000000284e-15
1.606420000000000181e+00 3.075537000000000025e-15
1.607164000000000037e+00 3.088515000000000055e-15
1.607907999999999893e+00 3.118768000000000352e-15
1.608651999999999971e+00 3.097295000000000170e-15
1.609395999999999827e+00 3.073184000000000438e-15
1.610141000000000044e+00 3.147401000000000437e-15
1.610885000000000122e+00 3.187887999999999787e-15
1.611628999999999978e+00 3.218252000000000215e-15
1.612373999999999974e+00 3.155701000000000591e-15
1.613118999999999970e+00 3.172933999999999741e-15
1.613862999999999825e+00 3.217379000000000407e-15
1.614608000000000043e+00 3.209804000000000279e-15
1.615353000000000039e+00 3.147780999999999863e-15
1.616098000000000035e+00 3.106841000000000819e-15
1.616843000000000030e+00 3.173979000000000136e-15
1.617588000000000026e+00 3.131831000000000462e-15
1.618333999999999939e+00 3.112924000000000567e-15
1.619079000000000157e+00 3.089397000000000214e-15
1.619825000000000070e+00 3.076231999999999930e-15
1.620570000000000066e+00 3.075101000000000425e-15
1.621315999999999979e+00 3.032446999999999950e-15
1.622062000000000115e+00 3.053158999999999881e-15
1.622808000000000028e+00 3.003224000000000382e-15
1.623554000000000164e+00 3.031807000000000791e-15
1.624300000000000077e+00 2.991777000000000415e-15
1.625045999999999990e+00 2.949392000000000023e-15
1.625791999999999904e+00 2.958537000000000293e-15
1.626538999999999957e+00 2.893914000000000584e-15
1.627285000000000093e+00 2.852148000000000370e-15
1.628031999999999924e+00 2.852391000000000402e-15
1.628778000000000059e+00 2.858414000000000697e-15
1.629524999999999890e+00 2.817980999999999908e-15
1.630271999999999943e+00 2.841261000000000160e-15
1.631018999999999997e+00 2.828372000000000277e-15
1.631766000000000050e+00 2.831989999999999698e-15
1.632512999999999881e+00 2.847672000000000019e-15
1.633259999999999934e+00 2.833762000000000154e-15
1.634007999999999905e+00 2.824971000000000047e-15
1.634754999999999958e+00 2.822875000000000732e-15
1.635503000000000151e+00 2.832053000000000188e-15
1.636249999999999982e+00 2.846519000000000530e-15
1.636997999999999953e+00 2.833126000000000669e-15
1.637745999999999924e+00 2.771317000000000378e-15
1.638493999999999895e+00 2.863386000000000100e-15
1.639241999999999866e+00 2.866186000000000067e-15
1.639990000000000059e+00 2.913922000000000257e-15
1.640738000000000030e+00 2.937325000000000452e-15
1.641486999999999918e+00 2.955399000000000438e-15
1.642234999999999889e+00 2.970533000000000419e-15
1.642984000000000000e+00 2.954463999999999960e-15
1.643731999999999971e+00 2.917433000000000010e-15
1.644481000000000082e+00 2.910450000000000583e-15
1.645229999999999970e+00 2.912583000000000335e-15
1.645979000000000081e+00 2.912050000000000056e-15
1.646727999999999970e+00 2.900969000000000064e-15
1.647477000000000080e+00 2.855936000000000344e-15
1.648225999999999747e+00 2.867951000000000599e-15
1.648975000000000080e+00 2.833757000000000265e-15
1.649725000000000108e+00 2.775665000000000109e-15
1.650474000000000219e+00 2.772316000000000378e-15
1.651224000000000247e+00 2.762414999999999746e-15
1.651972999999999914e+00 2.771535999999999998e-15
1.652722999999999942e+00 2.762953000000000308e-15
1.653472999999999971e+00 2.916672000000000548e-15
1.654222999999999999e+00 2.747882000000000028e-15
1.654973000000000027e+00 2.722092999999999877e-15
1.655723000000000056e+00 2.729624999999999858e-15
