1.400250000000000000e+04 4.297252000000000097e-16
1.401350000000000000e+04 4.279468000000000161e-16
1.402450000000000000e+04 9.509864999999999371e-16
1.403550000000000000e+04 4.303236999999999838e-16
1.404650000000000000e+04 8.410410999999999551e-16
1.405750000000000000e+04 4.888230999999999578e-16
1.406850000000000000e+04 6.710883000000000347e-16
1.407950000000000000e+04 4.208227000000000095e-16
1.409050000000000000e+04 4.248806999999999859e-16
1.410150000000000000e+04 7.836817000000000352e-16
1.411250000000000000e+04 6.922996000000000013e-16
1.412350000000000000e+04 3.920315000000000082e-16
1.413450000000000000e+04 5.177716000000000376e-16
1.414550000000000000e+04 4.768991999999999653e-16
1.415650000000000000e+04 4.592884000000000066e-16
1.416750000000000000e+04 8.117402999999999978e-16
1.417850000000000000e+04 4.220301000000000082e-16
1.418950000000000000e+04 5.554909999999999973e-16
1.420050000000000000e+04 5.503119000000000153e-16
1.421150000000000000e+04 3.963788999999999948e-16
1.422250000000000000e+04 3.689393000000000133e-16
1.423350000000000000e+04 2.588478000000000071e-16
1.424450000000000000e+04 5.477454999999999979e-16
1.425550000000000000e+04 5.509704999999999665e-16
1.426650000000000000e+04 4.398625999999999878e-16
1.427750000000000000e+04 3.559266999999999998e-16
1.428850000000000000e+04 4.008001999999999884e-16
1.429950000000000000e+04 5.612315999999999588e-16
1.431050000000000000e+04 5.137759999999999692e-16
1.432150000000000000e+04 5.269829000000000064e-16
1.433250000000000000e+04 5.096145999999999723e-16
1.434350000000000000e+04 4.414231999999999978e-16
1.435450000000000000e+04 5.252696000000000265e-16
1.436550000000000000e+04 5.366415999999999872e-16
1.437650000000000000e+04 4.922521999999999606e-16
1.438750000000000000e+04 4.890847999999999754e-16
1.439850000000000000e+04 5.400909999999999837e-16
1.440950000000000000e+04 4.828918999999999966e-16
1.442050000000000000e+04 5.207047000000000023e-16
1.443150000000000000e+04 5.143534000000000445e-16
1.444250000000000000e+04 5.436582999999999539e-16
1.445350000000000000e+04 5.318375000000000360e-16
1.446450000000000000e+04 5.078573000000000255e-16
1.447550000000000000e+04 4.644848000000000293e-16
1.448650000000000000e+04 4.929751999999999528e-16
1.449750000000000000e+04 5.550199000000000122e-16
1.450850000000000000e+04 5.531227999999999916e-16
1.451950000000000000e+04 5.143925000000000060e-16
1.453050000000000000e+04 5.088080000000000431e-16
1.454150000000000000e+04 4.663626999999999567e-16
1.455250000000000000e+04 5.209670000000000106e-16
1.456350000000000000e+04 5.462415000000000035e-16
1.457450000000000000e+04 5.329994999999999748e-16
1.458550000000000000e+04 5.325728999999999651e-16
1.459650000000000000e+04 5.428887999999999520e-16
1.460750000000000000e+04 5.526253000000000264e-16
1.461850000000000000e+04 5.642125999999999771e-16
1.462950000000000000e+04 5.736947000000000016e-16
1.464050000000000000e+04 6.081205999999999995e-16
1.465150000000000000e+04 5.843654999999999895e-16
1.466250000000000000e+04 5.754737999999999677e-16
1.467350000000000000e+04 5.607142000000000266e-16
1.468450000000000000e+04 5.845083000000000162e-16
1.469550000000000000e+04 5.960074999999999527e-16
1.470650000000000000e+04 6.189227999999999959e-16
1.471750000000000000e+04 5.743464999999999937e-16
1.472850000000000000e+04 5.453190000000000363e-16
1.473950000000000000e+04 5.141077999999999878e-16
1.475050000000000000e+04 5.543051000000000227e-16
1.476150000000000000e+04 5.841153999999999541e-16
1.477250000000000000e+04 5.970009999999999559e-16
1.478350000000000000e+04 5.955783000000000166e-16
1.479450000000000000e+04 5.650832000000000193e-16
1.480550000000000000e+04 5.844909999999999755e-16
1.481650000000000000e+04 6.122831999999999777e-16
1.482750000000000000e+04 5.322149000000000291e-16
1.483850000000000000e+04 5.500678999999999664e-16
1.484950000000000000e+04 5.593247000000000264e-16
1.486050000000000000e+04 5.793579999999999767e-16
1.487150000000000000e+04 5.660978999999999527e-16
1.488250000000000000e+04 5.696678000000000465e-16
1.489350000000000000e+04 5.450184000000000211e-16
1.490450000000000000e+04 5.196142000000000096e-16
1.491550000000000000e+04 5.159961000000000149e-16
1.492650000000000000e+04 5.369306000000000201e-16
1.493750000000000000e+04 5.307105000000000081e-16
1.494850000000000000e+04 5.195125999999999607e-16
1.495950000000000000e+04 5.195717999999999519e-16
1.497050000000000000e+04 5.347499999999999626e-16
1.498150000000000000e+04 5.189555999999999598e-16
1.499250000000000000e+04 5.123579999999999726e-16
1.500350000000000000e+04 5.061832999999999711e-16
1.501450000000000000e+04 5.189402999999999534e-16
1.502550000000000000e+04 5.235056000000000041e-16
1.503650000000000000e+04 5.276766000000000476e-16
1.504750000000000000e+04 5.319068999999999657e-16
1.505850000000000000e+04 5.092686000000000451e-16
1.506950000000000000e+04 4.930306000000000365e-16
1.508050000000000000e+04 5.066837000000000058e-16
1.509150000000000000e+04 4.933456000000000229e-16
1.510250000000000000e+04 5.035543999999999650e-16
1.511350000000000000e+04 4.860758999999999513e-16
1.512450000000000000e+04 4.934393999999999969e-16
1.513550000000000000e+04 5.226068000000000101e-16
1.514650000000000000e+04 5.253244000000000210e-16
1.515750000000000000e+04 4.954690000000000250e-16
1.516850000000000000e+04 5.002498000000000296e-16
1.517950000000000000e+04 4.833566000000000493e-16
1.519050000000000000e+04 4.783887999999999886e-16
1.520150000000000000e+04 4.776750999999999983e-16
1.521250000000000000e+04 4.708788999999999728e-16
1.522350000000000000e+04 4.568654999999999885e-16
1.523450000000000000e+04 4.459918000000000461e-16
1.524550000000000000e+04 4.632055000000000086e-16
1.525650000000000000e+04 4.707046999999999787e-16
1.526750000000000000e+04 4.471015000000000333e-16
1.527850000000000000e+04 4.356951999999999864e-16
1.528950000000000000e+04 4.506540999999999878e-16
1.530050000000000000e+04 4.484420999999999629e-16
1.531150000000000000e+04 4.237047999999999859e-16
1.532250000000000000e+04 4.069488000000000051e-16
1.533350000000000000e+04 4.068209999999999895e-16
1.534450000000000000e+04 4.028178000000000076e-16
1.535550000000000000e+04 4.250618000000000196e-16
1.536650000000000000e+04 4.361485000000000208e-16
1.537750000000000000e+04 4.339531999999999968e-16
1.538850000000000000e+04 4.353546000000000238e-16
1.539950000000000000e+04 4.307256000000000032e-16
1.541050000000000000e+04 4.173722000000000139e-16
1.542150000000000000e+04 4.136002000000000188e-16
1.543250000000000000e+04 4.127875000000000047e-16
1.544350000000000000e+04 3.967107999999999953e-16
1.545450000000000000e+04 3.928476999999999839e-16
1.546550000000000000e+04 4.136917999999999945e-16
1.547650000000000000e+04 4.022602999999999980e-16
1.548750000000000000e+04 3.944194000000000169e-16
1.549850000000000000e+04 4.033058000000000068e-16
1.550950000000000000e+04 4.040227000000000126e-16
1.552050000000000000e+04 3.946846999999999780e-16
1.553150000000000000e+04 3.812099000000000041e-16
1.554250000000000000e+04 3.824632000000000219e-16
1.555350000000000000e+04 3.783704999999999820e-16
1.556450000000000000e+04 3.755218999999999894e-16
1.557550000000000000e+04 3.936351999999999991e-16
1.558650000000000000e+04 3.926200000000000078e-16
1.559750000000000000e+04 3.985858999999999831e-16
1.560850000000000000e+04 3.970605999999999778e-16
1.561950000000000000e+04 3.845292000000000046e-16
1.563050000000000000e+04 3.844213000000000053e-16
1.564150000000000000e+04 3.862465000000000039e-16
1.565250000000000000e+04 3.743317000000000001e-16
1.566350000000000000e+04 3.669024999999999996e-16
1.567450000000000000e+04 3.663268999999999948e-16
1.568550000000000000e+04 3.907441999999999981e-16
1.569650000000000000e+04 3.707114000000000071e-16
1.570750000000000000e+04 3.806384000000000006e-16
1.571850000000000000e+04 3.680302999999999822e-16
1.572950000000000000e+04 3.591652999999999850e-16
1.574050000000000000e+04 3.468127999999999978e-16
1.575150000000000000e+04 3.643389000000000204e-16
1.576250000000000000e+04 3.633671000000000053e-16
1.577350000000000000e+04 3.699033999999999849e-16
1.578450000000000000e+04 3.596490000000000189e-16
1.579550000000000000e+04 3.532238999999999868e-16
1.580650000000000000e+04 3.366141000000000122e-16
1.581750000000000000e+04 3.444722999999999847e-16
1.582850000000000000e+04 3.138053000000000230e-16
1.583950000000000000e+04 3.359853000000000206e-16
1.585050000000000000e+04 3.546749999999999898e-16
1.586150000000000000e+04 3.477422999999999866e-16
1.587250000000000000e+04 3.263092000000000170e-16
1.588350000000000000e+04 3.549326999999999880e-16
1.589450000000000000e+04 3.345477000000000029e-16
1.590550000000000000e+04 3.346605999999999894e-16
1.591650000000000000e+04 3.367445999999999854e-16
1.592750000000000000e+04 3.108706000000000012e-16
1.593850000000000000e+04 3.310591000000000136e-16
1.594950000000000000e+04 3.370670000000000200e-16
1.596050000000000000e+04 3.339392000000000049e-16
1.597150000000000000e+04 3.293690999999999802e-16
1.598250000000000000e+04 3.236414000000000134e-16
1.599350000000000000e+04 3.603284000000000216e-16
1.600450000000000000e+04 3.337325999999999771e-16
1.601550000000000000e+04 3.350083999999999869e-16
1.602650000000000000e+04 3.143791999999999888e-16
1.603750000000000000e+04 2.851768000000000155e-16
1.604850000000000000e+04 3.170138000000000041e-16
1.605950000000000000e+04 3.071055999999999785e-16
1.607050000000000000e+04 3.101591999999999913e-16
1.608150000000000000e+04 3.094271000000000104e-16
1.609250000000000000e+04 3.091601999999999922e-16
1.610350000000000000e+04 3.138673999999999851e-16
1.611450000000000000e+04 3.152981000000000125e-16
1.612550000000000000e+04 3.167175000000000036e-16
1.613650000000000000e+04 2.969476999999999934e-16
1.614750000000000000e+04 3.264090999999999775e-16
1.615850000000000000e+04 2.945974000000000191e-16
1.616950000000000000e+04 3.013620999999999967e-16
1.618050000000000000e+04 3.027488999999999899e-16
1.619150000000000000e+04 3.226959999999999783e-16
1.620250000000000000e+04 3.116956000000000195e-16
1.621350000000000000e+04 3.080242000000000069e-16
1.622450000000000000e+04 2.950964000000000101e-16
1.623550000000000000e+04 3.049368000000000151e-16
1.624650000000000000e+04 2.991841000000000133e-16
1.625750000000000000e+04 3.066276000000000031e-16
1.626850000000000000e+04 3.026239000000000126e-16
1.627950000000000000e+04 3.127418999999999829e-16
1.629050000000000000e+04 3.123817999999999813e-16
1.630150000000000000e+04 3.314282000000000219e-16
1.631250000000000000e+04 3.264300000000000110e-16
1.632350000000000000e+04 3.302872000000000000e-16
1.633450000000000000e+04 3.322523999999999871e-16
1.634550000000000000e+04 3.352599000000000167e-16
1.635650000000000000e+04 3.462165000000000220e-16
1.636750000000000000e+04 3.414992000000000232e-16
1.637850000000000000e+04 3.273499999999999846e-16
1.638950000000000000e+04 3.317517000000000064e-16
1.640050000000000000e+04 3.580454000000000100e-16
1.641150000000000000e+04 3.424673999999999963e-16
1.642250000000000000e+04 3.382563000000000233e-16
1.643350000000000000e+04 3.452998999999999787e-16
1.644450000000000000e+04 3.370035000000000141e-16
1.645550000000000000e+04 3.550704999999999781e-16
1.646650000000000000e+04 3.528434999999999915e-16
1.647750000000000000e+04 3.743124000000000236e-16
1.648850000000000000e+04 3.604604000000000206e-16
1.649950000000000000e+04 3.799726000000000145e-16
1.651050000000000000e+04 3.690198000000000153e-16
1.652150000000000000e+04 3.797791999999999767e-16
1.653250000000000000e+04 3.612554000000000168e-16
1.654350000000000000e+04 3.733663999999999980e-16
1.655450000000000000e+04 3.818112000000000164e-16
1.656550000000000000e+04 3.789167000000000046e-16
1.657650000000000000e+04 3.576554000000000174e-16
1.658750000000000000e+04 3.719713000000000200e-16
1.659850000000000000e+04 3.757918999999999918e-16
1.660950000000000000e+04 3.805100999999999764e-16
1.662050000000000000e+04 3.725511000000000082e-16
1.663150000000000000e+04 3.846149999999999891e-16
1.664250000000000000e+04 3.835378999999999997e-16
1.665350000000000000e+04 3.961447000000000057e-16
1.666450000000000000e+04 3.763088999999999960e-16
1.667550000000000000e+04 3.647300000000000121e-16
1.668650000000000000e+04 3.579263000000000057e-16
1.669750000000000000e+04 3.808407999999999958e-16
1.670850000000000000e+04 3.741433999999999809e-16
1.671950000000000000e+04 3.792880999999999932e-16
1.673050000000000000e+04 3.768360999999999881e-16
1.674150000000000000e+04 3.826101999999999827e-16
1.675250000000000000e+04 3.816669000000000133e-16
1.676350000000000000e+04 3.848323000000000134e-16
1.677450000000000000e+04 3.767261000000000218e-16
1.678550000000000000e+04 3.713960999999999924e-16
1.679650000000000000e+04 3.753578000000000012e-16
1.680750000000000000e+04 3.782951999999999806e-16
1.681850000000000000e+04 3.776660999999999937e-16
1.682950000000000000e+04 3.835913999999999817e-16
1.684050000000000000e+04 3.810135999999999954e-16
1.685150000000000000e+04 3.773798000000000170e-16
1.686250000000000000e+04 3.792398000000000118e-16
1.687350000000000000e+04 3.829359999999999968e-16
1.688450000000000000e+04 3.862963000000000112e-16
1.689550000000000000e+04 3.922391999999999859e-16
1.690650000000000000e+04 3.797727999999999950e-16
1.691750000000000000e+04 3.777197000000000070e-16
1.692850000000000000e+04 3.876070999999999811e-16
1.693950000000000000e+04 3.877806000000000026e-16
1.695050000000000000e+04 3.819678000000000238e-16
1.696150000000000000e+04 3.853206999999999899e-16
1.697250000000000000e+04 3.757069000000000111e-16
1.698350000000000000e+04 3.810930999999999802e-16
1.699450000000000000e+04 3.653235999999999810e-16
1.700550000000000000e+04 3.635223000000000182e-16
1.701650000000000000e+04 3.697816000000000231e-16
1.702750000000000000e+04 3.622465999999999904e-16
1.703850000000000000e+04 3.685056999999999820e-16
1.704950000000000000e+04 3.729246999999999952e-16
1.706050000000000000e+04 3.685034999999999836e-16
1.707150000000000000e+04 3.681422000000000008e-16
1.708250000000000000e+04 3.740260999999999977e-16
1.709350000000000000e+04 3.734438999999999978e-16
1.710450000000000000e+04 3.643447999999999936e-16
1.711550000000000000e+04 3.650773999999999830e-16
1.712650000000000000e+04 3.649877999999999924e-16
1.713750000000000000e+04 3.703915000000000155e-16
1.714850000000000000e+04 3.735101999999999926e-16
1.715950000000000000e+04 3.673568999999999839e-16
1.717050000000000000e+04 3.700465000000000069e-16
1.718150000000000000e+04 3.761065999999999829e-16
1.719250000000000000e+04 3.749788999999999823e-16
1.720350000000000000e+04 3.748382000000000213e-16
1.721450000000000000e+04 3.704016000000000213e-16
1.722550000000000000e+04 3.773472000000000192e-16
1.723650000000000000e+04 3.794592000000000031e-16
1.724750000000000000e+04 3.705079999999999948e-16
1.725850000000000000e+04 3.717614999999999766e-16
1.726950000000000000e+04 3.719850000000000186e-16
1.728050000000000000e+04 3.727913999999999837e-16
1.729150000000000000e+04 3.681914000000000175e-16
1.730250000000000000e+04 3.610629999999999961e-16
1.731350000000000000e+04 3.683615999999999921e-16
1.732450000000000000e+04 3.669211000000000035e-16
1.733550000000000000e+04 3.639293000000000068e-16
1.734650000000000000e+04 3.746523999999999956e-16
1.735750000000000000e+04 3.682397999999999809e-16
1.736850000000000000e+04 3.696699999999999997e-16
1.737950000000000000e+04 3.719722000000000059e-16
1.739050000000000000e+04 3.668928000000000204e-16
1.740150000000000000e+04 3.604123000000000031e-16
1.741250000000000000e+04 3.646489000000000196e-16
1.742350000000000000e+04 3.676950999999999841e-16
1.743450000000000000e+04 3.677590999999999986e-16
1.744550000000000000e+04 3.703086000000000019e-16
1.745650000000000000e+04 3.807671000000000021e-16
1.746750000000000000e+04 3.791831999999999962e-16
1.747850000000000000e+04 3.735076000000000170e-16
1.748950000000000000e+04 3.598564000000000013e-16
1.750050000000000000e+04 3.763557000000000011e-16
1.751150000000000000e+04 3.853436000000000085e-16
1.752250000000000000e+04 3.804110000000000198e-16
1.753350000000000000e+04 3.640689000000000180e-16
1.754450000000000000e+04 3.818811999999999860e-16
1.755550000000000000e+04 3.735142000000000120e-16
1.756650000000000000e+04 3.715888999999999903e-16
1.757750000000000000e+04 3.655220999999999881e-16
1.758850000000000000e+04 3.729041999999999883e-16
1.759950000000000000e+04 3.735457000000000106e-16
1.761050000000000000e+04 3.854658999999999790e-16
1.762150000000000000e+04 3.834941999999999789e-16
1.763250000000000000e+04 3.818433999999999877e-16
1.764350000000000000e+04 3.885293000000000023e-16
1.765450000000000000e+04 3.893968999999999930e-16
1.766550000000000000e+04 3.410605000000000226e-16
1.767650000000000000e+04 3.505272999999999914e-16
1.768750000000000000e+04 3.578327999999999777e-16
1.769850000000000000e+04 3.800088000000000051e-16
1.770950000000000000e+04 3.660447000000000195e-16
1.772050000000000000e+04 3.770830000000000080e-16
1.773150000000000000e+04 3.730027999999999856e-16
1.774250000000000000e+04 3.842243000000000240e-16
1.775350000000000000e+04 3.703365999999999897e-16
1.776450000000000000e+04 3.843232000000000166e-16
1.777550000000000000e+04 3.709271000000000236e-16
1.778650000000000000e+04 3.815971999999999897e-16
1.779750000000000000e+04 3.669490999999999913e-16
1.780850000000000000e+04 3.766095999999999932e-16
1.781950000000000000e+04 3.637987000000000023e-16
1.783050000000000000e+04 3.888050000000000138e-16
1.784150000000000000e+04 3.944633000000000017e-16
1.785250000000000000e+04 3.713484999999999835e-16
1.786350000000000000e+04 3.594862999999999759e-16
1.787450000000000000e+04 3.447572999999999982e-16
1.788550000000000000e+04 3.450459000000000045e-16
1.789650000000000000e+04 3.808374999999999983e-16
1.790750000000000000e+04 3.964804000000000123e-16
1.791850000000000000e+04 4.006208999999999758e-16
1.792950000000000000e+04 3.731101999999999762e-16
1.794050000000000000e+04 3.828228999999999970e-16
1.795150000000000000e+04 3.625266000000000166e-16
1.796250000000000000e+04 3.692304000000000132e-16
1.797350000000000000e+04 3.617605999999999762e-16
1.798450000000000000e+04 4.066533000000000085e-16
1.799550000000000000e+04 4.160652999999999827e-16
1.800650000000000000e+04 4.578032999999999620e-16
1.801750000000000000e+04 3.573827999999999901e-16
1.802850000000000000e+04 3.133061000000000188e-16
1.803950000000000000e+04 3.235729000000000203e-16
1.805050000000000000e+04 3.924883000000000041e-16
1.806150000000000000e+04 3.816458999999999978e-16
1.807250000000000000e+04 3.608855999999999866e-16
1.808350000000000000e+04 3.091807999999999811e-16
1.809450000000000000e+04 3.794817999999999770e-16
1.810550000000000000e+04 4.406719000000000225e-16
1.811650000000000000e+04 4.347369999999999879e-16
1.812750000000000000e+04 3.469607999999999758e-16
1.813850000000000000e+04 3.540500999999999863e-16
1.814950000000000000e+04 3.823123000000000237e-16
1.816050000000000000e+04 4.094224000000000163e-16
1.817150000000000000e+04 4.002455000000000170e-16
1.818250000000000000e+04 4.247933999999999756e-16
1.819350000000000000e+04 5.126548999999999637e-16
1.820450000000000000e+04 5.366406999999999521e-16
1.821550000000000000e+04 3.587262999999999892e-16
1.822650000000000000e+04 2.430964000000000033e-16
1.823750000000000000e+04 2.568999999999999935e-16
1.824850000000000000e+04 3.871556000000000171e-16
1.825950000000000000e+04 4.681074000000000026e-16
1.827050000000000000e+04 4.624446000000000361e-16
1.828150000000000000e+04 4.091207000000000020e-16
1.829250000000000000e+04 4.210528999999999792e-16
1.830350000000000000e+04 3.798094999999999942e-16
1.831450000000000000e+04 3.108760000000000151e-16
1.832550000000000000e+04 3.070603999999999812e-16
1.833650000000000000e+04 4.351633999999999844e-16
1.834750000000000000e+04 5.945885000000000375e-16
1.835850000000000000e+04 6.342281999999999823e-16
1.836950000000000000e+04 4.615502000000000387e-16
1.838050000000000000e+04 2.791078999999999969e-16
1.839150000000000000e+04 3.170915000000000171e-16
1.840250000000000000e+04 3.916218999999999946e-16
1.841350000000000000e+04 3.359867000000000150e-16
1.842450000000000000e+04 2.082816999999999939e-16
1.843550000000000000e+04 1.686722999999999926e-16
1.844650000000000000e+04 2.674115000000000165e-16
1.845750000000000000e+04 5.723845000000000222e-16
1.846850000000000000e+04 8.549737999999999734e-16
1.847950000000000000e+04 6.553905999999999768e-16
1.849050000000000000e+04 2.612020000000000188e-16
1.850150000000000000e+04 1.642099000000000032e-16
1.851250000000000000e+04 2.625140000000000192e-16
1.852350000000000000e+04 4.453857999999999925e-16
1.853450000000000000e+04 4.893731000000000357e-16
1.854550000000000000e+04 3.847179999999999831e-16
1.855650000000000000e+04 3.337307000000000233e-16
1.856750000000000000e+04 3.274805999999999891e-16
1.857850000000000000e+04 3.743897999999999921e-16
1.858950000000000000e+04 3.965472999999999977e-16
1.860050000000000000e+04 3.381904999999999878e-16
1.861150000000000000e+04 2.350471000000000225e-16
1.862250000000000000e+04 2.376580000000000153e-16
1.863350000000000000e+04 3.311585999999999968e-16
1.864450000000000000e+04 3.470449000000000199e-16
1.865550000000000000e+04 3.579608000000000066e-16
1.866650000000000000e+04 4.887353999999999702e-16
1.867750000000000000e+04 7.086224000000000266e-16
1.868850000000000000e+04 7.976484000000000458e-16
1.869950000000000000e+04 6.018391999999999800e-16
1.871050000000000000e+04 4.408256999999999916e-16
1.872150000000000000e+04 3.087439000000000016e-16
1.873250000000000000e+04 2.736849999999999793e-16
1.874350000000000000e+04 2.782913999999999766e-16
1.875450000000000000e+04 2.447625000000000009e-16
1.876550000000000000e+04 2.167576000000000090e-16
1.877650000000000000e+04 1.794203000000000097e-16
1.878750000000000000e+04 2.112134999999999955e-16
1.879850000000000000e+04 2.740570000000000078e-16
1.880950000000000000e+04 3.095867000000000199e-16
1.882050000000000000e+04 3.305831000000000232e-16
1.883150000000000000e+04 3.336606000000000225e-16
1.884250000000000000e+04 3.305092999999999982e-16
1.885350000000000000e+04 2.973267999999999762e-16
1.886450000000000000e+04 2.356987999999999834e-16
1.887550000000000000e+04 2.705863000000000006e-16
1.888650000000000000e+04 3.539136000000000086e-16
1.889750000000000000e+04 4.717801000000000277e-16
1.890850000000000000e+04 4.356776999999999817e-16
1.891950000000000000e+04 3.330916999999999946e-16
1.893050000000000000e+04 2.473076000000000075e-16
1.894150000000000000e+04 1.969762999999999986e-16
1.895250000000000000e+04 2.127535999999999986e-16
1.896350000000000000e+04 3.271362000000000204e-16
1.897450000000000000e+04 5.453984000000000391e-16
1.898550000000000000e+04 7.680617999999999724e-16
1.899650000000000000e+04 4.414076999999999782e-16
1.900750000000000000e+04 2.200592999999999982e-16
1.901850000000000000e+04 1.718744999999999986e-16
1.902950000000000000e+04 2.520542000000000065e-16
1.904050000000000000e+04 4.068387999999999895e-16
1.905150000000000000e+04 4.094526000000000025e-16
1.906250000000000000e+04 2.417770999999999859e-16
1.907350000000000000e+04 1.547197000000000073e-16
1.908450000000000000e+04 1.694339000000000118e-16
1.909550000000000000e+04 3.111252000000000152e-16
1.910650000000000000e+04 4.117071000000000177e-16
1.911750000000000000e+04 4.587636000000000261e-16
1.912850000000000000e+04 3.801101999999999914e-16
1.913950000000000000e+04 2.140723000000000007e-16
1.915050000000000000e+04 2.244599000000000208e-16
1.916150000000000000e+04 1.691135999999999935e-16
1.917250000000000000e+04 1.799090999999999882e-16
1.918350000000000000e+04 2.892624000000000024e-16
1.919450000000000000e+04 4.371259999999999958e-16
1.920550000000000000e+04 3.634199000000000148e-16
1.921650000000000000e+04 1.725340999999999916e-16
1.922750000000000000e+04 1.930149999999999918e-16
1.923850000000000000e+04 2.556755999999999987e-16
1.924950000000000000e+04 3.031795000000000191e-16
1.926050000000000000e+04 3.117474000000000118e-16
1.927150000000000000e+04 3.331215000000000035e-16
1.928250000000000000e+04 2.943146999999999859e-16
1.929350000000000000e+04 2.663309000000000162e-16
1.930450000000000000e+04 2.493563999999999807e-16
1.931550000000000000e+04 2.437599999999999910e-16
1.932650000000000000e+04 2.244652999999999853e-16
1.933750000000000000e+04 2.231475999999999758e-16
1.934850000000000000e+04 2.464584999999999894e-16
1.935950000000000000e+04 2.845795000000000225e-16
1.937050000000000000e+04 2.995080000000000244e-16
1.938150000000000000e+04 3.169834999999999866e-16
1.939250000000000000e+04 2.671829000000000052e-16
1.940350000000000000e+04 2.402048000000000116e-16
1.941450000000000000e+04 2.106240000000000034e-16
1.942550000000000000e+04 2.407665999999999866e-16
1.943650000000000000e+04 2.948094999999999935e-16
1.944750000000000000e+04 3.083060999999999868e-16
1.945850000000000000e+04 2.766114000000000164e-16
1.946950000000000000e+04 2.566846000000000216e-16
1.948050000000000000e+04 2.698214000000000086e-16
1.949150000000000000e+04 2.765561999999999953e-16
1.950250000000000000e+04 2.597772999999999959e-16
1.951350000000000000e+04 2.781732000000000075e-16
1.952450000000000000e+04 2.974482999999999921e-16
1.953550000000000000e+04 3.036925000000000039e-16
1.954650000000000000e+04 2.893691000000000205e-16
1.955750000000000000e+04 2.844541000000000185e-16
1.956850000000000000e+04 2.570897000000000072e-16
1.957950000000000000e+04 2.246136000000000079e-16
1.959050000000000000e+04 1.975385000000000001e-16
1.960150000000000000e+04 2.059163000000000018e-16
1.961250000000000000e+04 2.254833000000000149e-16
1.962350000000000000e+04 2.499705999999999878e-16
1.963450000000000000e+04 2.582565000000000186e-16
1.964550000000000000e+04 2.449147999999999935e-16
1.965650000000000000e+04 2.181998000000000120e-16
1.966750000000000000e+04 2.169197999999999942e-16
1.967850000000000000e+04 2.251378999999999797e-16
1.968950000000000000e+04 2.378468999999999758e-16
1.970050000000000000e+04 2.440189000000000197e-16
1.971150000000000000e+04 2.426872000000000162e-16
1.972250000000000000e+04 2.361697999999999865e-16
1.973350000000000000e+04 2.294439000000000245e-16
1.974450000000000000e+04 2.302537000000000184e-16
1.975550000000000000e+04 2.328310999999999782e-16
1.976650000000000000e+04 2.433253000000000098e-16
1.977750000000000000e+04 2.518006999999999917e-16
1.978850000000000000e+04 2.546040999999999871e-16
1.979950000000000000e+04 2.465770000000000031e-16
1.981050000000000000e+04 2.397617999999999964e-16
1.982150000000000000e+04 2.346470000000000242e-16
1.983250000000000000e+04 2.471520000000000173e-16
1.984350000000000000e+04 2.505891999999999916e-16
1.985450000000000000e+04 2.532197000000000055e-16
1.986550000000000000e+04 2.492161999999999790e-16
1.987650000000000000e+04 2.416085000000000190e-16
1.988750000000000000e+04 2.414741999999999904e-16
1.989850000000000000e+04 2.493488000000000178e-16
1.990950000000000000e+04 2.402265999999999817e-16
1.992050000000000000e+04 2.387052999999999959e-16
1.993150000000000000e+04 2.416132999999999930e-16
1.994250000000000000e+04 2.582410999999999809e-16
1.995350000000000000e+04 2.588204999999999919e-16
1.996450000000000000e+04 2.784725999999999922e-16
1.997550000000000000e+04 2.867216000000000105e-16
1.998650000000000000e+04 2.965028000000000244e-16
1.999750000000000000e+04 2.918667000000000002e-16
2.000850000000000000e+04 3.084826999999999925e-16
2.001950000000000000e+04 2.758109000000000243e-16
2.003050000000000000e+04 2.736917000000000056e-16
2.004150000000000000e+04 2.362384000000000109e-16
2.005250000000000000e+04 2.151742000000000117e-16
2.006350000000000000e+04 1.857485999999999917e-16
2.007450000000000000e+04 1.770258000000000060e-16
2.008550000000000000e+04 1.775097000000000039e-16
2.009650000000000000e+04 2.250178999999999896e-16
2.010750000000000000e+04 2.533646999999999812e-16
2.011850000000000000e+04 2.526605999999999882e-16
2.012950000000000000e+04 1.957616999999999896e-16
2.014050000000000000e+04 2.016099000000000045e-16
2.015150000000000000e+04 2.093068000000000024e-16
2.016250000000000000e+04 2.129269999999999887e-16
2.017350000000000000e+04 2.091238999999999970e-16
2.018450000000000000e+04 1.871969000000000058e-16
2.019550000000000000e+04 1.809146000000000003e-16
2.020650000000000000e+04 2.018106000000000099e-16
2.021750000000000000e+04 1.963976999999999915e-16
2.022850000000000000e+04 2.022063999999999936e-16
2.023950000000000000e+04 1.952528999999999882e-16
2.025050000000000000e+04 2.115689000000000052e-16
2.026150000000000000e+04 2.087024000000000058e-16
2.027250000000000000e+04 2.026156000000000052e-16
2.028350000000000000e+04 2.098520999999999898e-16
2.029450000000000000e+04 2.081546000000000002e-16
2.030550000000000000e+04 2.149032999999999988e-16
2.031650000000000000e+04 2.259932000000000156e-16
2.032750000000000000e+04 2.218432999999999942e-16
2.033850000000000000e+04 2.194064000000000068e-16
2.034950000000000000e+04 2.217624999999999969e-16
2.036050000000000000e+04 2.198492999999999908e-16
2.037150000000000000e+04 2.131773999999999947e-16
2.038250000000000000e+04 2.157145999999999938e-16
2.039350000000000000e+04 2.145842000000000110e-16
2.040450000000000000e+04 2.219792000000000059e-16
2.041550000000000000e+04 2.137822999999999999e-16
2.042650000000000000e+04 2.358611999999999818e-16
2.043750000000000000e+04 2.136811000000000023e-16
2.044850000000000000e+04 2.162552999999999959e-16
2.045950000000000000e+04 2.166244000000000042e-16
2.047050000000000000e+04 2.267890999999999976e-16
2.048150000000000000e+04 2.239826000000000180e-16
2.049250000000000000e+04 2.327082000000000172e-16
2.050350000000000000e+04 2.253004000000000095e-16
2.051450000000000000e+04 2.323851999999999920e-16
2.052550000000000000e+04 2.275445000000000236e-16
2.053650000000000000e+04 2.249290000000000209e-16
2.054750000000000000e+04 2.269418000000000168e-16
2.055850000000000000e+04 2.155009999999999937e-16
2.056950000000000000e+04 1.951101000000000108e-16
2.058050000000000000e+04 1.987049999999999915e-16
2.059150000000000000e+04 2.084781999999999913e-16
2.060250000000000000e+04 2.132053000000000006e-16
2.061350000000000000e+04 2.297066000000000100e-16
2.062450000000000000e+04 2.457839000000000099e-16
2.063550000000000000e+04 2.421762999999999984e-16
2.064650000000000000e+04 2.270432000000000030e-16
2.065750000000000000e+04 2.236363999999999789e-16
2.066850000000000000e+04 2.205350999999999999e-16
2.067950000000000000e+04 2.167705000000000038e-16
2.069050000000000000e+04 2.184256999999999917e-16
2.070150000000000000e+04 2.159496000000000115e-16
2.071250000000000000e+04 2.138429000000000102e-16
2.072350000000000000e+04 2.105629000000000092e-16
2.073450000000000000e+04 2.127575000000000113e-16
2.074550000000000000e+04 2.248441000000000222e-16
2.075650000000000000e+04 2.316682000000000042e-16
2.076750000000000000e+04 2.328575999999999896e-16
2.077850000000000000e+04 2.223351000000000242e-16
2.078950000000000000e+04 2.193745999999999882e-16
2.080050000000000000e+04 2.140017999999999978e-16
2.081150000000000000e+04 2.245440999999999976e-16
2.082250000000000000e+04 2.285052000000000157e-16
2.083350000000000000e+04 2.334468999999999931e-16
2.084450000000000000e+04 2.228369000000000041e-16
2.085550000000000000e+04 2.283656999999999866e-16
2.086650000000000000e+04 2.288042000000000232e-16
2.087750000000000000e+04 2.331864000000000059e-16
2.088850000000000000e+04 2.220094999999999988e-16
2.089950000000000000e+04 2.294120999999999812e-16
2.091050000000000000e+04 2.305287000000000081e-16
2.092150000000000000e+04 2.314212000000000024e-16
2.093250000000000000e+04 2.244775999999999895e-16
2.094350000000000000e+04 2.398938999999999773e-16
2.095450000000000000e+04 2.327677999999999857e-16
2.096550000000000000e+04 2.290521000000000109e-16
2.097650000000000000e+04 2.245222999999999782e-16
2.098750000000000000e+04 2.271415000000000050e-16
2.099850000000000000e+04 2.373370000000000245e-16
2.100950000000000000e+04 2.384205999999999776e-16
2.102050000000000000e+04 2.257681000000000151e-16
2.103150000000000000e+04 2.403811000000000220e-16
2.104250000000000000e+04 2.219543000000000023e-16
2.105350000000000000e+04 2.313719000000000037e-16
2.106450000000000000e+04 2.343760000000000046e-16
2.107550000000000000e+04 2.271914999999999763e-16
2.108650000000000000e+04 2.225882999999999945e-16
2.109750000000000000e+04 2.248968999999999823e-16
2.110850000000000000e+04 2.274167999999999900e-16
2.111950000000000000e+04 2.287060000000000032e-16
2.113050000000000000e+04 2.237556999999999965e-16
2.114150000000000000e+04 2.298759999999999808e-16
2.115250000000000000e+04 2.277316999999999944e-16
2.116350000000000000e+04 2.266408000000000243e-16
2.117450000000000000e+04 2.103830000000000060e-16
2.118550000000000000e+04 2.173598999999999892e-16
2.119650000000000000e+04 2.126358000000000068e-16
2.120750000000000000e+04 2.123714000000000069e-16
2.121850000000000000e+04 2.151801000000000095e-16
2.122950000000000000e+04 2.172085000000000071e-16
2.124050000000000000e+04 2.170780000000000093e-16
2.125150000000000000e+04 2.194675000000000010e-16
2.126250000000000000e+04 2.174940000000000046e-16
2.127350000000000000e+04 2.136337000000000067e-16
2.128450000000000000e+04 2.105415999999999983e-16
2.129550000000000000e+04 2.125391999999999945e-16
2.130650000000000000e+04 2.159937000000000096e-16
2.131750000000000000e+04 2.055025000000000049e-16
2.132850000000000000e+04 2.042689999999999968e-16
2.133950000000000000e+04 2.118637000000000046e-16
2.135050000000000000e+04 2.164058999999999988e-16
2.136150000000000000e+04 2.096713000000000007e-16
2.137250000000000000e+04 2.104362999999999994e-16
2.138350000000000000e+04 2.093845999999999975e-16
2.139450000000000000e+04 2.052871000000000083e-16
2.140550000000000000e+04 2.040875999999999925e-16
2.141650000000000000e+04 2.052163000000000102e-16
2.142750000000000000e+04 2.062821999999999946e-16
2.143850000000000000e+04 2.023532999999999970e-16
2.144950000000000000e+04 1.958637999999999978e-16
2.146050000000000000e+04 2.026631999999999895e-16
2.147150000000000000e+04 1.996835999999999903e-16
2.148250000000000000e+04 1.991606999999999883e-16
2.149350000000000000e+04 1.939705000000000080e-16
2.150450000000000000e+04 1.938099999999999879e-16
2.151550000000000000e+04 1.879319999999999889e-16
2.152650000000000000e+04 1.941682000000000112e-16
2.153750000000000000e+04 1.875707999999999880e-16
2.154850000000000000e+04 1.857914000000000020e-16
2.155950000000000000e+04 1.935734999999999938e-16
2.157050000000000000e+04 1.936063000000000050e-16
2.158150000000000000e+04 1.884834000000000120e-16
2.159250000000000000e+04 1.992959000000000028e-16
2.160350000000000000e+04 1.979370999999999973e-16
2.161450000000000000e+04 1.918705999999999904e-16
2.162550000000000000e+04 1.869543000000000006e-16
2.163650000000000000e+04 1.879263000000000044e-16
2.164750000000000000e+04 1.784572000000000060e-16
2.165850000000000000e+04 1.945988999999999977e-16
2.166950000000000000e+04 1.872055000000000105e-16
2.168050000000000000e+04 1.879026000000000066e-16
2.169150000000000000e+04 1.838603999999999958e-16
2.170250000000000000e+04 1.870115000000000067e-16
2.171350000000000000e+04 1.781264000000000046e-16
2.172450000000000000e+04 1.840501000000000095e-16
2.173550000000000000e+04 1.683432000000000057e-16
2.174650000000000000e+04 1.717456999999999905e-16
2.175750000000000000e+04 1.628953000000000025e-16
2.176850000000000000e+04 1.717389000000000068e-16
2.177950000000000000e+04 1.614521999999999890e-16
2.179050000000000000e+04 1.753329000000000017e-16
2.180150000000000000e+04 1.749317000000000042e-16
2.181250000000000000e+04 1.637079999999999920e-16
2.182350000000000000e+04 1.706072000000000115e-16
2.183450000000000000e+04 1.718599999999999961e-16
2.184550000000000000e+04 1.657245000000000121e-16
2.185650000000000000e+04 1.705550999999999993e-16
2.186750000000000000e+04 1.642692000000000010e-16
2.187850000000000000e+04 1.619263000000000010e-16
2.188950000000000000e+04 1.606117000000000003e-16
2.190050000000000000e+04 1.672186999999999960e-16
2.191150000000000000e+04 1.611647000000000065e-16
2.192250000000000000e+04 1.616783999999999886e-16
2.193350000000000000e+04 1.628164999999999903e-16
2.194450000000000000e+04 1.655839000000000084e-16
2.195550000000000000e+04 1.639357999999999994e-16
2.196650000000000000e+04 1.577361000000000123e-16
2.197750000000000000e+04 1.613706999999999945e-16
2.198850000000000000e+04 1.607026000000000034e-16
2.199950000000000000e+04 1.567482999999999935e-16
2.201050000000000000e+04 1.545128999999999908e-16
2.202150000000000000e+04 1.518343999999999907e-16
2.203250000000000000e+04 1.536888000000000076e-16
2.204350000000000000e+04 1.580453000000000075e-16
2.205450000000000000e+04 1.571086999999999905e-16
2.206550000000000000e+04 1.560229999999999963e-16
2.207650000000000000e+04 1.597668999999999969e-16
2.208750000000000000e+04 1.557725999999999903e-16
2.209850000000000000e+04 1.476097000000000012e-16
2.210950000000000000e+04 1.448935000000000094e-16
2.212050000000000000e+04 1.486532000000000003e-16
2.213150000000000000e+04 1.479235999999999884e-16
2.214250000000000000e+04 1.431941999999999988e-16
2.215350000000000000e+04 1.446361999999999885e-16
2.216450000000000000e+04 1.400701000000000078e-16
2.217550000000000000e+04 1.418000999999999886e-16
2.218650000000000000e+04 1.390707999999999888e-16
2.219750000000000000e+04 1.479422999999999989e-16
2.220850000000000000e+04 1.513247000000000034e-16
2.221950000000000000e+04 1.473984999999999880e-16
2.223050000000000000e+04 1.454839999999999941e-16
2.224150000000000000e+04 1.485013999999999916e-16
2.225250000000000000e+04 1.523160999999999903e-16
2.226350000000000000e+04 1.474527999999999986e-16
2.227450000000000000e+04 1.459760999999999947e-16
2.228550000000000000e+04 1.466742000000000080e-16
2.229650000000000000e+04 1.368569000000000102e-16
2.230750000000000000e+04 1.452539999999999884e-16
2.231850000000000000e+04 1.338224999999999918e-16
2.232950000000000000e+04 1.299799000000000120e-16
2.234050000000000000e+04 1.492255000000000076e-16
2.235150000000000000e+04 1.523924000000000089e-16
2.236250000000000000e+04 1.481338000000000091e-16
2.237350000000000000e+04 1.403126999999999883e-16
2.238450000000000000e+04 1.313586999999999911e-16
2.239550000000000000e+04 1.421820000000000097e-16
2.240650000000000000e+04 1.341088999999999998e-16
2.241750000000000000e+04 1.337453999999999940e-16
2.242850000000000000e+04 1.416784000000000087e-16
2.243950000000000000e+04 1.320006999999999974e-16
2.245050000000000000e+04 1.419451999999999956e-16
2.246150000000000000e+04 1.379229000000000012e-16
2.247250000000000000e+04 1.345411000000000120e-16
2.248350000000000000e+04 1.345930000000000110e-16
2.249450000000000000e+04 1.347598000000000061e-16
2.250550000000000000e+04 1.466517999999999980e-16
2.251650000000000000e+04 1.404458000000000111e-16
2.252750000000000000e+04 1.445975000000000042e-16
2.253850000000000000e+04 1.440978999999999980e-16
2.254950000000000000e+04 1.430773999999999995e-16
2.256050000000000000e+04 1.339911000000000080e-16
2.257150000000000000e+04 1.324460999999999997e-16
2.258250000000000000e+04 1.189435000000000019e-16
2.259350000000000000e+04 1.234051999999999941e-16
2.260450000000000000e+04 1.251250000000000117e-16
2.261550000000000000e+04 1.272164999999999886e-16
2.262650000000000000e+04 1.287212000000000050e-16
2.263750000000000000e+04 1.373051000000000013e-16
2.264850000000000000e+04 1.288042000000000006e-16
2.265950000000000000e+04 1.258365000000000037e-16
2.267050000000000000e+04 1.279461000000000005e-16
2.268150000000000000e+04 1.338618999999999980e-16
2.269250000000000000e+04 1.334437000000000043e-16
2.270350000000000000e+04 1.281635000000000068e-16
2.271450000000000000e+04 1.348763999999999921e-16
2.272550000000000000e+04 1.331860000000000061e-16
2.273650000000000000e+04 1.276289999999999978e-16
2.274750000000000000e+04 1.244652000000000054e-16
2.275850000000000000e+04 1.310431999999999962e-16
2.276950000000000000e+04 1.263976000000000060e-16
2.278050000000000000e+04 1.236053000000000090e-16
2.279150000000000000e+04 1.301041000000000102e-16
2.280250000000000000e+04 1.229809999999999960e-16
2.281350000000000000e+04 1.225470999999999941e-16
2.282450000000000000e+04 1.297055999999999949e-16
2.283550000000000000e+04 1.294318000000000110e-16
2.284650000000000000e+04 1.254675000000000020e-16
2.285750000000000000e+04 1.208393999999999920e-16
2.286850000000000000e+04 1.258959000000000082e-16
2.287950000000000000e+04 1.280257999999999987e-16
2.289050000000000000e+04 1.246329000000000111e-16
2.290150000000000000e+04 1.253004000000000116e-16
2.291250000000000000e+04 1.306392000000000097e-16
2.292350000000000000e+04 1.131999999999999955e-16
2.293450000000000000e+04 1.242245000000000033e-16
2.294550000000000000e+04 1.179757999999999882e-16
2.295650000000000000e+04 1.320271000000000022e-16
2.296750000000000000e+04 1.121333000000000071e-16
2.297850000000000000e+04 1.183198000000000042e-16
2.298950000000000000e+04 1.028890999999999959e-16
2.300050000000000000e+04 1.184453999999999968e-16
2.301150000000000000e+04 1.178155999999999881e-16
2.302250000000000000e+04 1.195959000000000093e-16
2.303350000000000000e+04 1.264259999999999958e-16
2.304450000000000000e+04 1.195014999999999954e-16
2.305550000000000000e+04 1.140450000000000122e-16
2.306650000000000000e+04 1.141195999999999917e-16
2.307750000000000000e+04 1.178578000000000078e-16
2.308850000000000000e+04 1.184010000000000035e-16
2.309950000000000000e+04 1.224457999999999898e-16
2.311050000000000000e+04 1.162251000000000118e-16
2.312150000000000000e+04 1.142347000000000012e-16
2.313250000000000000e+04 1.197269999999999978e-16
2.314350000000000000e+04 1.218190000000000079e-16
2.315450000000000000e+04 1.342777000000000047e-16
2.316550000000000000e+04 1.379968000000000082e-16
2.317650000000000000e+04 1.214609999999999980e-16
2.318750000000000000e+04 1.042257000000000046e-16
2.319850000000000000e+04 1.028336999999999985e-16
2.320950000000000000e+04 1.081535999999999974e-16
2.322050000000000000e+04 1.179950999999999893e-16
2.323150000000000000e+04 1.167539999999999937e-16
2.324250000000000000e+04 1.144503999999999931e-16
2.325350000000000000e+04 1.199375999999999957e-16
2.326450000000000000e+04 1.253798999999999964e-16
2.327550000000000000e+04 1.269335999999999915e-16
2.328650000000000000e+04 1.198498000000000015e-16
2.329750000000000000e+04 1.223470000000000039e-16
2.330850000000000000e+04 1.238207000000000055e-16
2.331950000000000000e+04 1.187603000000000012e-16
2.333050000000000000e+04 1.137148000000000014e-16
2.334150000000000000e+04 1.210116000000000010e-16
2.335250000000000000e+04 1.281030000000000031e-16
2.336350000000000000e+04 1.331842999999999917e-16
2.337450000000000000e+04 1.298272999999999994e-16
2.338550000000000000e+04 1.319879999999999913e-16
2.339650000000000000e+04 1.214581000000000024e-16
2.340750000000000000e+04 1.191650999999999916e-16
2.341850000000000000e+04 1.164551999999999995e-16
2.342950000000000000e+04 1.292557999999999960e-16
2.344050000000000000e+04 1.276288999999999912e-16
2.345150000000000000e+04 1.379204999999999896e-16
2.346250000000000000e+04 1.333280000000000042e-16
2.347350000000000000e+04 1.362629999999999967e-16
2.348450000000000000e+04 1.367895999999999982e-16
2.349550000000000000e+04 1.256545000000000088e-16
2.350650000000000000e+04 1.298241000000000086e-16
2.351750000000000000e+04 1.220686000000000100e-16
2.352850000000000000e+04 1.119224999999999959e-16
2.353950000000000000e+04 1.286639999999999988e-16
2.355050000000000000e+04 1.201151999999999939e-16
2.356150000000000000e+04 1.329595999999999932e-16
2.357250000000000000e+04 1.375652999999999932e-16
2.358350000000000000e+04 1.271704000000000055e-16
2.359450000000000000e+04 1.288859000000000084e-16
2.360550000000000000e+04 1.146568999999999896e-16
2.361650000000000000e+04 1.262470000000000032e-16
2.362750000000000000e+04 1.283723999999999903e-16
2.363850000000000000e+04 1.241533000000000033e-16
2.364950000000000000e+04 1.294995000000000003e-16
2.366050000000000000e+04 1.374060000000000036e-16
2.367150000000000000e+04 1.375837000000000085e-16
2.368250000000000000e+04 1.432529000000000060e-16
2.369350000000000000e+04 1.505231999999999942e-16
2.370450000000000000e+04 1.484445000000000054e-16
2.371550000000000000e+04 1.408414000000000062e-16
2.372650000000000000e+04 1.178980999999999998e-16
2.373750000000000000e+04 1.233521999999999960e-16
2.374850000000000000e+04 1.389966000000000112e-16
2.375950000000000000e+04 1.402999000000000002e-16
2.377050000000000000e+04 1.420682999999999946e-16
2.378150000000000000e+04 1.422516000000000019e-16
2.379250000000000000e+04 1.437773000000000092e-16
2.380350000000000000e+04 1.361464999999999927e-16
2.381450000000000000e+04 1.344176999999999931e-16
2.382550000000000000e+04 1.491470999999999973e-16
2.383650000000000000e+04 1.392125999999999983e-16
2.384750000000000000e+04 1.264922000000000086e-16
2.385850000000000000e+04 1.229156999999999938e-16
2.386950000000000000e+04 1.219554000000000036e-16
2.388050000000000000e+04 1.441818000000000042e-16
2.389150000000000000e+04 1.373863000000000006e-16
2.390250000000000000e+04 1.333614999999999879e-16
2.391350000000000000e+04 1.382474000000000029e-16
2.392450000000000000e+04 1.394115999999999893e-16
2.393550000000000000e+04 1.387407999999999913e-16
2.394650000000000000e+04 1.458354999999999910e-16
2.395750000000000000e+04 1.395005999999999894e-16
2.396850000000000000e+04 1.309296999999999944e-16
2.397950000000000000e+04 1.319311000000000051e-16
2.399050000000000000e+04 1.238948000000000011e-16
2.400150000000000000e+04 1.462740000000000030e-16
2.401250000000000000e+04 1.375714000000000043e-16
2.402350000000000000e+04 1.553405000000000094e-16
2.403450000000000000e+04 1.483708000000000117e-16
2.404550000000000000e+04 1.492785000000000057e-16
2.405650000000000000e+04 1.377542000000000031e-16
2.406750000000000000e+04 1.248853000000000021e-16
2.407850000000000000e+04 1.335169999999999961e-16
2.408950000000000000e+04 1.243639000000000012e-16
2.410050000000000000e+04 1.245420000000000080e-16
2.411150000000000000e+04 1.366521000000000034e-16
2.412250000000000000e+04 1.338345000000000007e-16
2.413350000000000000e+04 1.447789999999999905e-16
2.414450000000000000e+04 1.493401999999999906e-16
2.415550000000000000e+04 1.274027999999999982e-16
2.416650000000000000e+04 1.374976000000000040e-16
2.417750000000000000e+04 1.469805000000000077e-16
2.418850000000000000e+04 1.326624000000000068e-16
2.419950000000000000e+04 1.169556999999999916e-16
2.421050000000000000e+04 1.208567999999999900e-16
2.422150000000000000e+04 1.260738000000000016e-16
2.423250000000000000e+04 1.332340999999999989e-16
2.424350000000000000e+04 1.396744999999999881e-16
2.425450000000000000e+04 1.305542000000000044e-16
2.426550000000000000e+04 1.267703000000000071e-16
2.427650000000000000e+04 1.279674000000000113e-16
2.428750000000000000e+04 1.338858000000000091e-16
2.429850000000000000e+04 1.342244999999999933e-16
2.430950000000000000e+04 1.342085999999999963e-16
2.432050000000000000e+04 1.457537000000000012e-16
2.433150000000000000e+04 1.446867999999999996e-16
2.434250000000000000e+04 1.537760000000000113e-16
2.435350000000000000e+04 1.428579000000000016e-16
2.436450000000000000e+04 1.128701000000000046e-16
2.437550000000000000e+04 1.066533999999999967e-16
2.438650000000000000e+04 1.200431999999999900e-16
2.439750000000000000e+04 1.295446999999999976e-16
2.440850000000000000e+04 1.215045000000000055e-16
2.441950000000000000e+04 1.299171000000000034e-16
2.443050000000000000e+04 1.307934000000000054e-16
2.444150000000000000e+04 1.493879999999999881e-16
2.445250000000000000e+04 1.480430999999999946e-16
2.446350000000000000e+04 1.492877000000000010e-16
2.447450000000000000e+04 1.313763000000000025e-16
2.448550000000000000e+04 1.391483999999999952e-16
2.449650000000000000e+04 1.488348999999999999e-16
2.450750000000000000e+04 1.412575999999999901e-16
2.451850000000000000e+04 1.236439000000000112e-16
2.452950000000000000e+04 1.322338999999999940e-16
2.454050000000000000e+04 1.345315999999999968e-16
2.455150000000000000e+04 1.187787999999999985e-16
2.456250000000000000e+04 1.031473999999999970e-16
2.457350000000000000e+04 1.073482000000000001e-16
2.458450000000000000e+04 9.307221999999999640e-17
2.459550000000000000e+04 1.309024000000000038e-16
2.460650000000000000e+04 1.355849000000000064e-16
2.461750000000000000e+04 1.473684999999999905e-16
2.462850000000000000e+04 1.330240999999999915e-16
2.463950000000000000e+04 1.090709000000000010e-16
2.465050000000000000e+04 1.063346999999999986e-16
2.466150000000000000e+04 1.119239999999999970e-16
2.467250000000000000e+04 1.134320999999999929e-16
2.468350000000000000e+04 1.231243999999999887e-16
2.469450000000000000e+04 1.241104999999999930e-16
2.470550000000000000e+04 1.340133000000000047e-16
2.471650000000000000e+04 1.413494000000000038e-16
2.472750000000000000e+04 1.203026000000000026e-16
2.473850000000000000e+04 9.133064000000000508e-17
2.474950000000000000e+04 1.011009000000000041e-16
2.476050000000000000e+04 1.027110000000000014e-16
2.477150000000000000e+04 1.121614000000000016e-16
2.478250000000000000e+04 1.236591999999999929e-16
2.479350000000000000e+04 1.402009000000000010e-16
2.480450000000000000e+04 1.295379999999999959e-16
2.481550000000000000e+04 1.182450000000000114e-16
2.482650000000000000e+04 1.151726999999999881e-16
2.483750000000000000e+04 1.095717000000000007e-16
2.484850000000000000e+04 1.170483999999999911e-16
2.485950000000000000e+04 1.157967000000000057e-16
2.487050000000000000e+04 1.041417000000000042e-16
2.488150000000000000e+04 1.188301999999999888e-16
2.489250000000000000e+04 8.165931000000000556e-17
2.490350000000000000e+04 1.176909999999999880e-16
2.491450000000000000e+04 1.227134000000000053e-16
2.492550000000000000e+04 1.230640999999999983e-16
2.493650000000000000e+04 1.058299000000000042e-16
2.494750000000000000e+04 1.288867000000000123e-16
2.495850000000000000e+04 9.487069999999999856e-17
2.496950000000000000e+04 8.789868999999999770e-17
2.498050000000000000e+04 7.064709000000000547e-17
2.499150000000000000e+04 8.889586000000000578e-17
2.500250000000000000e+04 1.250345999999999926e-16
2.501350000000000000e+04 1.332517000000000103e-16
2.502450000000000000e+04 1.376408000000000080e-16
2.503550000000000000e+04 1.366712999999999978e-16
