1.424229999999999927e+04 3.536102360000000177e-16
1.425320000000000073e+04 3.576049490000000091e-16
1.426420000000000073e+04 3.764272920000000193e-16
1.427510000000000036e+04 3.744709900000000178e-16
1.428610000000000036e+04 3.636722719999999764e-16
1.429700000000000000e+04 3.160895880000000099e-16
1.430800000000000000e+04 4.250734790000000172e-16
1.431889999999999964e+04 3.566673629999999773e-16
1.432989999999999964e+04 3.331711190000000236e-16
1.434079999999999927e+04 3.470028230000000125e-16
1.435179999999999927e+04 3.490233140000000240e-16
1.436270000000000073e+04 3.378779219999999993e-16
1.437370000000000073e+04 3.312520329999999974e-16
1.438460000000000036e+04 3.113397449999999932e-16
1.439560000000000036e+04 3.293761729999999986e-16
1.440650000000000000e+04 3.320846930000000172e-16
1.441750000000000000e+04 3.301345059999999994e-16
1.442839999999999964e+04 3.219793520000000159e-16
1.443939999999999964e+04 3.305622840000000042e-16
1.445029999999999927e+04 3.148904010000000215e-16
1.446129999999999927e+04 3.160917849999999989e-16
1.447220000000000073e+04 3.160958080000000240e-16
1.448320000000000073e+04 2.871228339999999822e-16
1.449410000000000036e+04 3.045040029999999970e-16
1.450510000000000036e+04 3.352298319999999969e-16
1.451610000000000036e+04 3.122419409999999871e-16
1.452700000000000000e+04 3.053470659999999778e-16
1.453800000000000000e+04 2.961486849999999806e-16
1.454889999999999964e+04 3.068273879999999853e-16
1.455989999999999964e+04 3.147888630000000009e-16
1.457079999999999927e+04 2.979979169999999813e-16
1.458179999999999927e+04 3.020971330000000017e-16
1.459270000000000073e+04 3.072722130000000171e-16
1.460370000000000073e+04 3.332377429999999896e-16
1.461460000000000036e+04 3.762518759999999779e-16
1.462560000000000036e+04 3.207993290000000088e-16
1.463650000000000000e+04 3.083231429999999851e-16
1.464750000000000000e+04 2.931360799999999826e-16
1.465839999999999964e+04 3.094810900000000028e-16
1.466939999999999964e+04 3.056093020000000173e-16
1.468029999999999927e+04 3.140618970000000128e-16
1.469129999999999927e+04 2.926036940000000170e-16
1.470220000000000073e+04 3.012861250000000182e-16
1.471320000000000073e+04 3.032736620000000167e-16
1.472410000000000036e+04 2.938529349999999965e-16
1.473510000000000036e+04 2.984161390000000104e-16
1.474600000000000000e+04 3.149559670000000202e-16
1.475700000000000000e+04 3.104894289999999771e-16
1.476789999999999964e+04 3.229456310000000193e-16
1.477889999999999964e+04 3.172863130000000076e-16
1.478979999999999927e+04 2.991088799999999975e-16
1.480079999999999927e+04 3.010809850000000233e-16
1.481170000000000073e+04 2.925052520000000011e-16
1.482270000000000073e+04 2.938274180000000152e-16
1.483360000000000036e+04 3.012558439999999775e-16
1.484460000000000036e+04 2.842725420000000082e-16
1.485550000000000000e+04 2.815171969999999890e-16
1.486650000000000000e+04 3.010688080000000068e-16
1.487739999999999964e+04 3.084494300000000167e-16
1.488839999999999964e+04 3.526392449999999851e-16
1.489929999999999927e+04 2.937222270000000015e-16
1.491029999999999927e+04 2.831481589999999922e-16
1.492120000000000073e+04 2.828555349999999906e-16
1.493220000000000073e+04 2.706396259999999843e-16
1.494310000000000036e+04 2.807438030000000176e-16
1.495410000000000036e+04 2.820226900000000041e-16
1.496500000000000000e+04 2.780636580000000180e-16
1.497589999999999964e+04 2.701703439999999776e-16
1.498689999999999964e+04 2.722398299999999933e-16
1.499779999999999927e+04 2.741026149999999797e-16
1.500879999999999927e+04 2.789412370000000165e-16
1.501970000000000073e+04 2.759427669999999881e-16
1.503070000000000073e+04 2.871210870000000108e-16
1.504160000000000036e+04 2.779314949999999891e-16
1.505260000000000036e+04 2.765486870000000068e-16
1.506350000000000000e+04 2.633144059999999986e-16
1.507450000000000000e+04 2.735866130000000028e-16
1.508539999999999964e+04 2.780641079999999862e-16
1.509639999999999964e+04 2.916751870000000072e-16
1.510729999999999927e+04 2.667999199999999814e-16
1.511829999999999927e+04 2.719985849999999907e-16
1.512920000000000073e+04 2.790211760000000012e-16
1.514020000000000073e+04 2.989160739999999809e-16
1.515110000000000036e+04 3.048286289999999956e-16
1.516210000000000036e+04 3.024797269999999767e-16
1.517300000000000000e+04 3.147085539999999843e-16
1.518400000000000000e+04 3.249390169999999804e-16
1.519489999999999964e+04 3.248770780000000090e-16
1.520589999999999964e+04 3.587020420000000080e-16
1.521679999999999927e+04 3.382692780000000139e-16
1.522770000000000073e+04 3.339880290000000194e-16
1.523870000000000073e+04 3.459699990000000092e-16
1.524960000000000036e+04 3.600678829999999981e-16
1.526060000000000036e+04 3.428186389999999958e-16
1.527150000000000000e+04 3.519228399999999888e-16
1.528250000000000000e+04 3.458243620000000101e-16
1.529339999999999964e+04 3.636081630000000012e-16
1.530439999999999964e+04 3.658556849999999811e-16
1.531529999999999927e+04 3.736796230000000184e-16
1.532629999999999927e+04 3.507892450000000142e-16
1.533720000000000073e+04 3.081193779999999892e-16
1.534820000000000073e+04 3.583143130000000207e-16
1.535910000000000036e+04 3.652165989999999974e-16
1.537010000000000036e+04 3.717789340000000228e-16
1.538100000000000000e+04 3.830382249999999824e-16
1.539189999999999964e+04 3.714832129999999969e-16
1.540289999999999964e+04 3.760220659999999873e-16
1.541379999999999927e+04 3.862468649999999875e-16
1.542479999999999927e+04 3.595367129999999812e-16
1.543570000000000073e+04 3.568618630000000143e-16
1.544670000000000073e+04 3.644180059999999973e-16
1.545760000000000036e+04 3.597022289999999807e-16
1.546860000000000036e+04 3.465101669999999937e-16
1.547950000000000000e+04 3.439373580000000159e-16
1.549050000000000000e+04 3.495979729999999813e-16
1.550139999999999964e+04 3.329222240000000178e-16
1.551229999999999927e+04 3.422311950000000230e-16
1.552329999999999927e+04 3.402071829999999848e-16
1.553420000000000073e+04 3.484509319999999920e-16
1.554520000000000073e+04 3.344683499999999911e-16
1.555610000000000036e+04 3.267771049999999857e-16
1.556710000000000036e+04 3.432228059999999916e-16
1.557800000000000000e+04 3.314404720000000213e-16
1.558900000000000000e+04 3.312675450000000051e-16
1.559989999999999964e+04 3.176975739999999884e-16
1.561079999999999927e+04 3.206610249999999812e-16
1.562179999999999927e+04 3.181892499999999865e-16
1.563270000000000073e+04 3.250403970000000195e-16
1.564370000000000073e+04 3.099937030000000179e-16
1.565460000000000036e+04 3.126695860000000059e-16
1.566560000000000036e+04 3.024235050000000015e-16
1.567650000000000000e+04 3.087352510000000007e-16
1.568750000000000000e+04 3.031362040000000044e-16
1.569839999999999964e+04 2.949128379999999858e-16
1.570929999999999927e+04 3.004590240000000132e-16
1.572029999999999927e+04 2.867868269999999914e-16
1.573120000000000073e+04 2.883357330000000065e-16
1.574220000000000073e+04 2.816702450000000048e-16
1.575310000000000036e+04 2.865330610000000047e-16
1.576410000000000036e+04 2.833365439999999962e-16
1.577500000000000000e+04 2.856412150000000209e-16
1.578589999999999964e+04 2.779886430000000145e-16
1.579689999999999964e+04 2.777827610000000152e-16
1.580779999999999927e+04 2.583280289999999890e-16
1.581879999999999927e+04 2.702155540000000224e-16
1.582970000000000073e+04 2.716966970000000004e-16
1.584060000000000036e+04 2.551766160000000246e-16
1.585160000000000036e+04 2.549527349999999822e-16
1.586250000000000000e+04 2.600166419999999861e-16
1.587350000000000000e+04 2.574117509999999764e-16
1.588439999999999964e+04 2.447198890000000108e-16
1.589539999999999964e+04 2.462406830000000188e-16
1.590629999999999927e+04 2.412411239999999765e-16
1.591720000000000073e+04 2.470720989999999864e-16
1.592820000000000073e+04 2.457977649999999789e-16
1.593910000000000036e+04 2.393199479999999815e-16
1.595010000000000036e+04 2.405843029999999811e-16
1.596100000000000000e+04 2.350943649999999931e-16
1.597189999999999964e+04 2.260333620000000225e-16
1.598289999999999964e+04 2.307297899999999926e-16
1.599379999999999927e+04 2.206034970000000017e-16
1.600479999999999927e+04 2.174470949999999938e-16
1.601570000000000073e+04 2.221202819999999870e-16
1.602660000000000036e+04 2.090641289999999903e-16
1.603760000000000036e+04 2.056138999999999903e-16
1.604850000000000000e+04 2.168314480000000106e-16
1.605950000000000000e+04 2.201072420000000096e-16
1.607039999999999964e+04 2.079191919999999968e-16
1.608129999999999927e+04 2.010203340000000045e-16
1.609229999999999927e+04 2.019224510000000078e-16
1.610320000000000073e+04 2.059742459999999920e-16
1.611420000000000073e+04 2.056675539999999988e-16
1.612510000000000036e+04 2.089622210000000117e-16
1.613600000000000000e+04 2.098222499999999899e-16
1.614700000000000000e+04 2.082944810000000051e-16
1.615789999999999964e+04 2.108818490000000044e-16
1.616889999999999964e+04 2.101384850000000005e-16
1.617979999999999927e+04 2.156112439999999949e-16
1.619070000000000073e+04 2.191179079999999909e-16
1.620170000000000073e+04 2.188574579999999948e-16
1.621260000000000036e+04 2.055442840000000058e-16
1.622350000000000000e+04 2.088725410000000108e-16
1.623450000000000000e+04 2.048120240000000044e-16
1.624539999999999964e+04 2.000467619999999978e-16
1.625639999999999964e+04 2.047416140000000100e-16
1.626729999999999927e+04 2.018963909999999911e-16
1.627820000000000073e+04 1.991560539999999915e-16
1.628920000000000073e+04 1.949034989999999880e-16
1.630010000000000036e+04 2.058056859999999933e-16
1.631110000000000036e+04 2.045484380000000108e-16
1.632200000000000000e+04 1.997250219999999923e-16
1.633289999999999964e+04 2.063346720000000040e-16
1.634389999999999964e+04 2.048909570000000026e-16
1.635479999999999927e+04 2.099764500000000102e-16
1.636570000000000073e+04 2.151104229999999916e-16
1.637670000000000073e+04 2.101069199999999889e-16
1.638759999999999854e+04 2.114113240000000060e-16
1.639850000000000000e+04 2.150103269999999974e-16
1.640950000000000000e+04 2.112028879999999931e-16
1.642040000000000146e+04 2.243014980000000026e-16
1.643140000000000146e+04 2.261226979999999818e-16
1.644229999999999927e+04 2.323539219999999929e-16
1.645320000000000073e+04 2.395439879999999755e-16
1.646420000000000073e+04 2.351921180000000049e-16
1.647509999999999854e+04 2.402391369999999827e-16
1.648600000000000000e+04 2.392684909999999866e-16
1.649700000000000000e+04 2.422236030000000213e-16
1.650790000000000146e+04 2.450637050000000057e-16
1.651879999999999927e+04 2.423292709999999886e-16
1.652979999999999927e+04 2.403469220000000026e-16
1.654070000000000073e+04 2.472725280000000208e-16
1.655159999999999854e+04 2.433567739999999934e-16
1.656259999999999854e+04 2.447539289999999959e-16
1.657350000000000000e+04 2.434557710000000080e-16
1.658440000000000146e+04 2.431840860000000131e-16
1.659540000000000146e+04 2.405452339999999844e-16
1.660629999999999927e+04 2.440549410000000094e-16
1.661720000000000073e+04 2.435862140000000013e-16
1.662820000000000073e+04 2.343850539999999818e-16
1.663909999999999854e+04 2.359264159999999943e-16
1.665000000000000000e+04 2.436750209999999770e-16
1.666100000000000000e+04 2.401480809999999879e-16
1.667190000000000146e+04 2.438376769999999984e-16
1.668279999999999927e+04 2.488158220000000208e-16
1.669379999999999927e+04 2.514601270000000144e-16
1.670470000000000073e+04 2.508279760000000147e-16
1.671559999999999854e+04 2.444944460000000130e-16
1.672659999999999854e+04 2.388010869999999967e-16
1.673750000000000000e+04 2.401015209999999890e-16
1.674840000000000146e+04 2.392623230000000025e-16
1.675940000000000146e+04 2.343929950000000016e-16
1.677029999999999927e+04 2.440028749999999960e-16
1.678120000000000073e+04 2.447372259999999857e-16
1.679220000000000073e+04 2.277077880000000200e-16
1.680309999999999854e+04 2.389405829999999970e-16
1.681400000000000000e+04 2.400626370000000083e-16
1.682500000000000000e+04 2.488577240000000103e-16
1.683590000000000146e+04 2.448886070000000156e-16
1.684679999999999927e+04 2.445954280000000153e-16
1.685779999999999927e+04 2.495430000000000102e-16
1.686870000000000073e+04 2.486935849999999996e-16
1.687959999999999854e+04 2.504078209999999786e-16
1.689059999999999854e+04 2.577440529999999933e-16
1.690150000000000000e+04 2.502622629999999949e-16
1.691240000000000146e+04 2.542362510000000198e-16
1.692329999999999927e+04 2.601738199999999979e-16
1.693429999999999927e+04 2.583850710000000137e-16
1.694520000000000073e+04 2.644492709999999910e-16
1.695609999999999854e+04 2.613405809999999867e-16
1.696709999999999854e+04 2.622033899999999820e-16
1.697800000000000000e+04 2.618638620000000138e-16
1.698890000000000146e+04 2.656538319999999782e-16
1.699979999999999927e+04 2.666271520000000155e-16
1.701079999999999927e+04 2.725943140000000003e-16
1.702170000000000073e+04 2.843304050000000034e-16
1.703259999999999854e+04 2.783443969999999900e-16
1.704359999999999854e+04 2.789367369999999885e-16
1.705450000000000000e+04 2.800519090000000161e-16
1.706540000000000146e+04 2.916837630000000113e-16
1.707629999999999927e+04 2.907369650000000209e-16
1.708729999999999927e+04 2.911191089999999783e-16
1.709820000000000073e+04 2.982802699999999882e-16
1.710909999999999854e+04 3.137440739999999825e-16
1.712009999999999854e+04 3.036207860000000175e-16
1.713100000000000000e+04 3.051148200000000116e-16
1.714190000000000146e+04 2.991192830000000079e-16
1.715279999999999927e+04 3.028607329999999812e-16
1.716379999999999927e+04 3.096050209999999952e-16
1.717470000000000073e+04 3.092401619999999826e-16
1.718559999999999854e+04 3.098110350000000102e-16
1.719650000000000000e+04 3.061969840000000064e-16
1.720750000000000000e+04 3.046560459999999964e-16
1.721840000000000146e+04 3.041882190000000235e-16
1.722929999999999927e+04 3.103486899999999935e-16
1.724020000000000073e+04 3.202473279999999755e-16
1.725120000000000073e+04 3.234604159999999786e-16
1.726209999999999854e+04 3.299582960000000222e-16
1.727300000000000000e+04 3.331710400000000082e-16
1.728390000000000146e+04 3.352961660000000152e-16
1.729490000000000146e+04 3.317803970000000068e-16
1.730579999999999927e+04 3.380686899999999785e-16
1.731670000000000073e+04 3.531022539999999774e-16
1.732759999999999854e+04 3.523190660000000141e-16
1.733859999999999854e+04 3.523804499999999868e-16
1.734950000000000000e+04 3.589202320000000199e-16
1.736040000000000146e+04 3.657389530000000041e-16
1.737129999999999927e+04 3.583601580000000005e-16
1.738229999999999927e+04 3.530080219999999924e-16
1.739320000000000073e+04 3.497855640000000001e-16
1.740409999999999854e+04 3.464879589999999886e-16
1.741500000000000000e+04 3.417821619999999994e-16
1.742600000000000000e+04 3.419319280000000242e-16
1.743690000000000146e+04 3.428459029999999978e-16
1.744779999999999927e+04 3.432699489999999941e-16
1.745870000000000073e+04 3.498850639999999832e-16
1.746970000000000073e+04 3.469160549999999952e-16
1.748059999999999854e+04 3.345905340000000120e-16
1.749150000000000000e+04 3.394155250000000180e-16
1.750240000000000146e+04 3.431791310000000156e-16
1.751329999999999927e+04 3.431098060000000231e-16
1.752429999999999927e+04 3.429856370000000145e-16
1.753520000000000073e+04 3.446006369999999924e-16
1.754609999999999854e+04 3.396794549999999793e-16
1.755700000000000000e+04 3.398428799999999905e-16
1.756790000000000146e+04 3.375421000000000245e-16
1.757890000000000146e+04 3.383308470000000026e-16
1.758979999999999927e+04 3.370923519999999817e-16
1.760070000000000073e+04 3.361436489999999891e-16
1.761159999999999854e+04 3.468846620000000167e-16
1.762250000000000000e+04 3.452768080000000045e-16
1.763350000000000000e+04 3.557966130000000114e-16
1.764440000000000146e+04 3.529966659999999958e-16
1.765529999999999927e+04 3.502823759999999806e-16
1.766620000000000073e+04 3.405302740000000133e-16
1.767709999999999854e+04 3.368837440000000097e-16
1.768809999999999854e+04 3.415335580000000102e-16
1.769900000000000000e+04 3.488081940000000017e-16
1.770990000000000146e+04 3.367991459999999960e-16
1.772079999999999927e+04 3.380819780000000118e-16
1.773170000000000073e+04 3.425322889999999788e-16
1.774270000000000073e+04 3.472615120000000102e-16
1.775359999999999854e+04 3.451553650000000178e-16
1.776450000000000000e+04 3.499706149999999830e-16
1.777540000000000146e+04 3.457679279999999844e-16
1.778629999999999927e+04 3.415502070000000005e-16
1.779720000000000073e+04 3.414854090000000213e-16
1.780820000000000073e+04 3.407020620000000077e-16
1.781909999999999854e+04 3.343257840000000011e-16
1.783000000000000000e+04 3.411711070000000177e-16
1.784090000000000146e+04 3.441585390000000021e-16
1.785179999999999927e+04 3.373050369999999986e-16
1.786270000000000073e+04 3.159016520000000040e-16
1.787370000000000073e+04 3.261033439999999834e-16
1.788459999999999854e+04 3.300282829999999842e-16
1.789550000000000000e+04 3.287147990000000242e-16
1.790640000000000146e+04 3.305444699999999771e-16
1.791729999999999927e+04 3.333249080000000243e-16
1.792820000000000073e+04 3.357169820000000013e-16
1.793920000000000073e+04 3.438679270000000227e-16
1.795009999999999854e+04 3.389867409999999775e-16
1.796100000000000000e+04 3.356892679999999817e-16
1.797190000000000146e+04 3.322409179999999934e-16
1.798279999999999927e+04 3.316357659999999942e-16
1.799370000000000073e+04 3.444892790000000142e-16
1.800459999999999854e+04 3.417833530000000019e-16
1.801559999999999854e+04 3.394236249999999895e-16
1.802650000000000000e+04 3.209613510000000161e-16
1.803740000000000146e+04 3.157036850000000094e-16
1.804829999999999927e+04 3.366089339999999858e-16
1.805920000000000073e+04 3.375970779999999968e-16
1.807009999999999854e+04 3.267334300000000097e-16
1.808100000000000000e+04 3.199243180000000015e-16
1.809190000000000146e+04 3.286547389999999906e-16
1.810290000000000146e+04 3.461094409999999897e-16
1.811379999999999927e+04 3.322308859999999852e-16
1.812470000000000073e+04 3.150580599999999902e-16
1.813559999999999854e+04 3.173581260000000058e-16
1.814650000000000000e+04 3.257339580000000069e-16
1.815740000000000146e+04 3.349712489999999999e-16
1.816829999999999927e+04 3.244779929999999758e-16
1.817920000000000073e+04 3.284069819999999870e-16
1.819009999999999854e+04 3.562854569999999869e-16
1.820109999999999854e+04 3.801574129999999812e-16
1.821200000000000000e+04 3.313466889999999850e-16
1.822290000000000146e+04 2.687257289999999903e-16
1.823379999999999927e+04 2.787165619999999889e-16
1.824470000000000073e+04 3.124308029999999939e-16
1.825559999999999854e+04 3.257971409999999811e-16
1.826650000000000000e+04 3.202342789999999780e-16
1.827740000000000146e+04 3.138592179999999890e-16
1.828829999999999927e+04 3.208134910000000130e-16
1.829920000000000073e+04 3.086200279999999789e-16
1.831020000000000073e+04 2.884021720000000058e-16
1.832109999999999854e+04 3.034025169999999902e-16
1.833200000000000000e+04 3.009428649999999921e-16
1.834290000000000146e+04 3.089169130000000220e-16
1.835379999999999927e+04 3.769054420000000170e-16
1.836470000000000073e+04 3.925036059999999798e-16
1.837559999999999854e+04 2.944003560000000161e-16
1.838650000000000000e+04 2.745159139999999978e-16
1.839740000000000146e+04 2.731497289999999908e-16
1.840829999999999927e+04 3.024118320000000225e-16
1.841920000000000073e+04 2.701521059999999973e-16
1.843009999999999854e+04 2.326012289999999789e-16
1.844100000000000000e+04 2.560052530000000192e-16
1.845190000000000146e+04 2.820868269999999841e-16
1.846290000000000146e+04 3.579428360000000065e-16
1.847379999999999927e+04 3.992559410000000142e-16
1.848470000000000073e+04 -7.260391210000000155e-17
1.849559999999999854e+04 2.098792129999999993e-16
1.850650000000000000e+04 2.621780850000000020e-16
1.851740000000000146e+04 3.022211169999999944e-16
1.852829999999999927e+04 3.376714309999999814e-16
1.853920000000000073e+04 3.190709319999999958e-16
1.855009999999999854e+04 3.073707339999999991e-16
1.856100000000000000e+04 3.096807780000000031e-16
1.857190000000000146e+04 3.310339220000000009e-16
1.858279999999999927e+04 3.012754839999999914e-16
1.859370000000000073e+04 3.231369550000000167e-16
1.860459999999999854e+04 3.024300700000000029e-16
1.861550000000000000e+04 2.696419010000000022e-16
1.862640000000000146e+04 3.004615650000000192e-16
1.863729999999999927e+04 3.220212010000000051e-16
1.864820000000000073e+04 3.118527029999999955e-16
1.865909999999999854e+04 3.194097189999999791e-16
1.867000000000000000e+04 3.742302729999999793e-16
1.868090000000000146e+04 5.391628880000000014e-16
1.869179999999999927e+04 5.951237610000000278e-16
1.870270000000000073e+04 4.997107399999999542e-16
1.871359999999999854e+04 4.117200839999999776e-16
1.872450000000000000e+04 3.135216220000000082e-16
1.873540000000000146e+04 2.264617229999999815e-16
1.874629999999999927e+04 2.627696580000000006e-16
1.875720000000000073e+04 3.268000280000000100e-16
1.876809999999999854e+04 2.556079150000000067e-16
1.877900000000000000e+04 2.634824360000000188e-16
1.878990000000000146e+04 2.888509670000000132e-16
1.880079999999999927e+04 3.131465980000000015e-16
1.881170000000000073e+04 3.030386099999999936e-16
1.882259999999999854e+04 3.027074999999999988e-16
1.883350000000000000e+04 3.119470409999999811e-16
1.884440000000000146e+04 3.301884779999999852e-16
1.885529999999999927e+04 2.945398779999999822e-16
1.886620000000000073e+04 2.647122750000000007e-16
1.887709999999999854e+04 2.862024799999999935e-16
1.888800000000000000e+04 3.180004939999999803e-16
1.889890000000000146e+04 3.484176850000000219e-16
1.890979999999999927e+04 3.236467099999999941e-16
1.892070000000000073e+04 3.115796669999999776e-16
1.893159999999999854e+04 2.785312470000000238e-16
1.894250000000000000e+04 2.693503889999999877e-16
1.895340000000000146e+04 2.650158570000000115e-16
1.896429999999999927e+04 3.029856700000000094e-16
1.897520000000000073e+04 3.399019070000000029e-16
1.898609999999999854e+04 3.753098430000000171e-16
1.899700000000000000e+04 3.147678720000000134e-16
1.900790000000000146e+04 2.287881780000000087e-16
1.901879999999999927e+04 2.321371609999999997e-16
1.902970000000000073e+04 2.540078430000000134e-16
1.904059999999999854e+04 2.773591390000000215e-16
1.905150000000000000e+04 3.032709879999999755e-16
1.906229999999999927e+04 2.307494569999999917e-16
1.907320000000000073e+04 2.265494700000000000e-16
1.908409999999999854e+04 2.378869530000000222e-16
1.909500000000000000e+04 2.841533219999999762e-16
1.910590000000000146e+04 3.021772040000000020e-16
1.911679999999999927e+04 3.027822239999999856e-16
1.912770000000000073e+04 3.055888139999999983e-16
1.913859999999999854e+04 2.686174149999999867e-16
1.914950000000000000e+04 2.433756739999999926e-16
1.916040000000000146e+04 2.254231019999999963e-16
1.917129999999999927e+04 2.315401620000000216e-16
1.918220000000000073e+04 2.578861690000000150e-16
1.919309999999999854e+04 2.941787780000000127e-16
1.920400000000000000e+04 2.884395469999999821e-16
1.921479999999999927e+04 2.336127189999999972e-16
1.922570000000000073e+04 2.381096169999999977e-16
1.923659999999999854e+04 2.686586280000000214e-16
1.924750000000000000e+04 2.635454610000000116e-16
1.925840000000000146e+04 2.662189610000000243e-16
1.926929999999999927e+04 2.836300679999999837e-16
1.928020000000000073e+04 2.702913100000000107e-16
1.929109999999999854e+04 2.627457819999999901e-16
1.930200000000000000e+04 2.617040109999999804e-16
1.931290000000000146e+04 2.496425790000000088e-16
1.932370000000000073e+04 2.427118909999999786e-16
1.933459999999999854e+04 2.614830409999999760e-16
1.934550000000000000e+04 2.628193950000000093e-16
1.935640000000000146e+04 2.617946439999999922e-16
1.936729999999999927e+04 2.685403869999999907e-16
1.937820000000000073e+04 2.777866260000000095e-16
1.938909999999999854e+04 2.776466269999999913e-16
1.940000000000000000e+04 2.613211259999999888e-16
1.941079999999999927e+04 2.452693750000000038e-16
1.942170000000000073e+04 2.581622490000000074e-16
1.943259999999999854e+04 2.843617979999999819e-16
1.944350000000000000e+04 2.940044210000000075e-16
1.945440000000000146e+04 2.870654220000000241e-16
1.946529999999999927e+04 2.936752169999999850e-16
1.947620000000000073e+04 2.818078879999999837e-16
1.948700000000000000e+04 2.702236539999999938e-16
1.949790000000000146e+04 2.594970670000000017e-16
1.950879999999999927e+04 2.754633990000000026e-16
1.951970000000000073e+04 2.700851639999999800e-16
1.953059999999999854e+04 2.822973409999999778e-16
1.954150000000000000e+04 2.686001829999999929e-16
1.955229999999999927e+04 2.613379869999999804e-16
1.956320000000000073e+04 2.483647510000000091e-16
1.957409999999999854e+04 2.562779179999999855e-16
1.958500000000000000e+04 2.590563179999999953e-16
1.959590000000000146e+04 2.492678200000000037e-16
1.960679999999999927e+04 2.562203199999999919e-16
1.961759999999999854e+04 2.652308969999999989e-16
1.962850000000000000e+04 2.674445390000000141e-16
1.963940000000000146e+04 2.721298479999999844e-16
1.965029999999999927e+04 2.698541360000000016e-16
1.966120000000000073e+04 2.687348869999999784e-16
1.967209999999999854e+04 2.612029910000000080e-16
1.968290000000000146e+04 2.654575579999999846e-16
1.969379999999999927e+04 2.640689530000000204e-16
1.970470000000000073e+04 2.732310439999999940e-16
1.971559999999999854e+04 2.797884560000000084e-16
1.972650000000000000e+04 2.855645059999999970e-16
1.973729999999999927e+04 2.725101399999999892e-16
1.974820000000000073e+04 2.826005790000000209e-16
1.975909999999999854e+04 2.699870400000000153e-16
1.977000000000000000e+04 2.783914600000000069e-16
1.978079999999999927e+04 2.808946279999999800e-16
1.979170000000000073e+04 2.883731609999999831e-16
1.980259999999999854e+04 2.812356639999999824e-16
1.981350000000000000e+04 2.758218800000000196e-16
1.982440000000000146e+04 2.776741820000000100e-16
1.983520000000000073e+04 2.859737550000000048e-16
1.984609999999999854e+04 2.901146080000000131e-16
1.985700000000000000e+04 2.916532429999999841e-16
1.986790000000000146e+04 2.884117800000000115e-16
1.987870000000000073e+04 2.857752319999999920e-16
1.988959999999999854e+04 2.838989210000000053e-16
1.990050000000000000e+04 2.887446640000000123e-16
1.991140000000000146e+04 2.816988329999999952e-16
1.992220000000000073e+04 2.860013630000000237e-16
1.993309999999999854e+04 2.882363119999999894e-16
1.994400000000000000e+04 2.890095739999999944e-16
1.995490000000000146e+04 2.885316090000000127e-16
1.996570000000000073e+04 2.964028479999999845e-16
1.997659999999999854e+04 2.911651139999999785e-16
1.998750000000000000e+04 2.937660339999999932e-16
1.999840000000000146e+04 2.917957300000000080e-16
2.000920000000000073e+04 3.262983200000000037e-16
2.002009999999999854e+04 2.863405199999999897e-16
2.003100000000000000e+04 2.825725999999999997e-16
2.004190000000000146e+04 2.840211589999999967e-16
2.005270000000000073e+04 2.693600769999999790e-16
2.006359999999999854e+04 2.529757599999999950e-16
2.007450000000000000e+04 2.498725490000000199e-16
2.008529999999999927e+04 2.607103349999999892e-16
2.009620000000000073e+04 2.819218400000000175e-16
2.010709999999999854e+04 2.807326330000000072e-16
2.011800000000000000e+04 2.625080039999999944e-16
2.012879999999999927e+04 2.456810590000000169e-16
2.013970000000000073e+04 2.479966890000000210e-16
2.015059999999999854e+04 2.449359609999999998e-16
2.016140000000000146e+04 2.323996619999999915e-16
2.017229999999999927e+04 2.456241759999999932e-16
2.018320000000000073e+04 2.440791609999999875e-16
2.019400000000000000e+04 2.429514159999999951e-16
2.020490000000000146e+04 2.313524910000000173e-16
2.021579999999999927e+04 2.281368099999999782e-16
2.022659999999999854e+04 2.327592810000000107e-16
2.023750000000000000e+04 2.327491430000000019e-16
2.024840000000000146e+04 2.338296919999999916e-16
2.025920000000000073e+04 2.261995660000000067e-16
2.027009999999999854e+04 2.254049959999999824e-16
2.028100000000000000e+04 2.205434379999999877e-16
2.029179999999999927e+04 2.294885420000000137e-16
2.030270000000000073e+04 2.235665909999999947e-16
2.031359999999999854e+04 2.235802759999999960e-16
2.032440000000000146e+04 2.211201079999999971e-16
2.033529999999999927e+04 2.303226310000000030e-16
2.034620000000000073e+04 2.174317430000000066e-16
2.035700000000000000e+04 2.239254949999999947e-16
2.036790000000000146e+04 2.204867920000000100e-16
2.037879999999999927e+04 2.188092959999999983e-16
2.038959999999999854e+04 2.133322090000000090e-16
2.040050000000000000e+04 2.072853869999999942e-16
2.041140000000000146e+04 2.102682129999999993e-16
2.042220000000000073e+04 2.135844799999999937e-16
2.043309999999999854e+04 2.029708789999999923e-16
2.044390000000000146e+04 2.057831080000000055e-16
2.045479999999999927e+04 2.031693620000000123e-16
2.046570000000000073e+04 2.023424859999999915e-16
2.047650000000000000e+04 2.049463580000000072e-16
2.048740000000000146e+04 2.136346930000000104e-16
2.049820000000000073e+04 2.004354049999999980e-16
2.050909999999999854e+04 2.068407470000000030e-16
2.052000000000000000e+04 2.035465170000000002e-16
2.053079999999999927e+04 1.999324390000000111e-16
2.054170000000000073e+04 2.033747280000000109e-16
2.055250000000000000e+04 2.098214030000000044e-16
2.056340000000000146e+04 1.945002450000000102e-16
2.057429999999999927e+04 1.895968639999999921e-16
2.058509999999999854e+04 1.941850959999999965e-16
2.059600000000000000e+04 1.991804990000000031e-16
2.060679999999999927e+04 2.049710019999999879e-16
2.061770000000000073e+04 2.055871390000000062e-16
2.062859999999999854e+04 1.957188610000000061e-16
2.063940000000000146e+04 1.901099279999999950e-16
2.065029999999999927e+04 1.947345819999999895e-16
2.066109999999999854e+04 1.970253960000000044e-16
2.067200000000000000e+04 1.980650760000000010e-16
2.068279999999999927e+04 1.985572019999999920e-16
2.069370000000000073e+04 1.974264389999999907e-16
2.070459999999999854e+04 1.949117840000000002e-16
2.071540000000000146e+04 1.986395629999999992e-16
2.072629999999999927e+04 1.915316989999999980e-16
2.073709999999999854e+04 1.900766819999999952e-16
2.074800000000000000e+04 1.918220590000000079e-16
2.075879999999999927e+04 1.895277780000000108e-16
2.076970000000000073e+04 1.884557249999999903e-16
2.078050000000000000e+04 1.910818580000000114e-16
2.079140000000000146e+04 1.900048820000000045e-16
2.080220000000000073e+04 1.945234849999999923e-16
2.081309999999999854e+04 1.968407290000000065e-16
2.082390000000000146e+04 1.918806759999999956e-16
2.083479999999999927e+04 1.986585409999999942e-16
2.084559999999999854e+04 1.921758010000000104e-16
2.085650000000000000e+04 1.937293520000000027e-16
2.086740000000000146e+04 1.923593160000000037e-16
2.087820000000000073e+04 2.001407960000000086e-16
2.088909999999999854e+04 1.964635749999999888e-16
2.089990000000000146e+04 1.968639959999999984e-16
2.091079999999999927e+04 1.904896100000000111e-16
2.092159999999999854e+04 1.973995589999999985e-16
2.093250000000000000e+04 1.962826540000000019e-16
2.094329999999999927e+04 1.975085349999999963e-16
2.095409999999999854e+04 1.957251070000000106e-16
2.096500000000000000e+04 1.971293690000000056e-16
2.097579999999999927e+04 1.988953270000000058e-16
2.098670000000000073e+04 1.997853600000000103e-16
2.099750000000000000e+04 1.957243270000000031e-16
2.100840000000000146e+04 1.970277120000000015e-16
2.101920000000000073e+04 1.976473960000000123e-16
2.103009999999999854e+04 1.980990360000000005e-16
2.104090000000000146e+04 1.958020019999999961e-16
2.105179999999999927e+04 2.016146070000000100e-16
2.106259999999999854e+04 2.044876630000000073e-16
2.107350000000000000e+04 2.072873849999999895e-16
2.108429999999999927e+04 2.085334630000000109e-16
2.109520000000000073e+04 2.019153039999999978e-16
2.110600000000000000e+04 1.998509650000000070e-16
2.111679999999999927e+04 2.026122130000000086e-16
2.112770000000000073e+04 2.021276970000000033e-16
2.113850000000000000e+04 2.058732370000000044e-16
2.114940000000000146e+04 2.008965609999999936e-16
2.116020000000000073e+04 2.028360550000000038e-16
2.117109999999999854e+04 2.036187269999999910e-16
2.118190000000000146e+04 2.071987780000000025e-16
2.119270000000000073e+04 2.027701449999999881e-16
2.120359999999999854e+04 1.991991069999999908e-16
2.121440000000000146e+04 1.734610710000000117e-16
2.122529999999999927e+04 1.882908850000000120e-16
2.123609999999999854e+04 1.942329660000000060e-16
2.124700000000000000e+04 1.966416899999999929e-16
2.125779999999999927e+04 1.933528859999999943e-16
2.126859999999999854e+04 1.930810679999999889e-16
2.127950000000000000e+04 1.947991149999999918e-16
2.129029999999999927e+04 1.852662089999999982e-16
2.130120000000000073e+04 1.816698659999999962e-16
2.131200000000000000e+04 1.850146540000000030e-16
2.132279999999999927e+04 1.828197139999999880e-16
2.133370000000000073e+04 1.843828859999999935e-16
2.134450000000000000e+04 1.827148669999999913e-16
2.135529999999999927e+04 1.798240359999999895e-16
2.136620000000000073e+04 1.810876110000000063e-16
2.137700000000000000e+04 1.813711280000000057e-16
2.138790000000000146e+04 1.827336470000000121e-16
2.139870000000000073e+04 2.480008440000000125e-16
2.140950000000000000e+04 1.876533729999999964e-16
2.142040000000000146e+04 1.727057300000000046e-16
2.143120000000000073e+04 1.782248110000000064e-16
2.144200000000000000e+04 1.756137659999999904e-16
2.145290000000000146e+04 1.722978569999999907e-16
2.146370000000000073e+04 1.723103240000000042e-16
2.147450000000000000e+04 1.700611339999999944e-16
2.148540000000000146e+04 1.654701890000000002e-16
2.149620000000000073e+04 1.644246589999999968e-16
2.150700000000000000e+04 1.655243600000000044e-16
2.151790000000000146e+04 1.616416799999999930e-16
2.152870000000000073e+04 1.626451490000000059e-16
2.153950000000000000e+04 1.608550109999999957e-16
2.155040000000000146e+04 1.590340360000000007e-16
2.156120000000000073e+04 1.581084540000000066e-16
2.157200000000000000e+04 1.624488889999999900e-16
2.158290000000000146e+04 1.593625649999999968e-16
2.159370000000000073e+04 1.595097369999999907e-16
2.160450000000000000e+04 1.628670450000000113e-16
2.161540000000000146e+04 1.605139739999999984e-16
2.162620000000000073e+04 1.597762879999999928e-16
2.163700000000000000e+04 1.582546070000000065e-16
2.164779999999999927e+04 1.540829430000000037e-16
2.165870000000000073e+04 1.555163079999999950e-16
2.166950000000000000e+04 1.542011829999999902e-16
2.168029999999999927e+04 1.539914240000000085e-16
2.169120000000000073e+04 1.527326930000000119e-16
2.170200000000000000e+04 1.465323719999999936e-16
2.171279999999999927e+04 1.525526590000000033e-16
2.172359999999999854e+04 1.573244449999999989e-16
2.173450000000000000e+04 1.560958770000000051e-16
2.174529999999999927e+04 1.529427970000000055e-16
2.175609999999999854e+04 1.474484380000000049e-16
2.176690000000000146e+04 1.468118000000000095e-16
2.177779999999999927e+04 1.525028560000000114e-16
2.178859999999999854e+04 1.529724029999999951e-16
2.179940000000000146e+04 1.495435610000000050e-16
2.181020000000000073e+04 1.438831840000000065e-16
2.182109999999999854e+04 1.348101900000000057e-16
2.183190000000000146e+04 1.405274640000000057e-16
2.184270000000000073e+04 1.405113839999999919e-16
2.185350000000000000e+04 1.406469220000000047e-16
2.186429999999999927e+04 1.365244400000000118e-16
2.187520000000000073e+04 1.346803959999999991e-16
2.188600000000000000e+04 1.419048330000000009e-16
2.189679999999999927e+04 1.389117890000000014e-16
2.190759999999999854e+04 1.384703259999999954e-16
2.191850000000000000e+04 1.385514819999999976e-16
2.192929999999999927e+04 1.414214279999999879e-16
2.194009999999999854e+04 1.387521630000000015e-16
2.195090000000000146e+04 1.384051309999999988e-16
2.196170000000000073e+04 1.428773319999999937e-16
2.197259999999999854e+04 1.413247999999999954e-16
2.198340000000000146e+04 1.334338550000000019e-16
2.199420000000000073e+04 1.305478810000000032e-16
2.200500000000000000e+04 1.263885389999999906e-16
2.201579999999999927e+04 1.266700189999999969e-16
2.202670000000000073e+04 1.286948770000000012e-16
2.203750000000000000e+04 1.308117049999999885e-16
2.204829999999999927e+04 1.331883469999999927e-16
2.205909999999999854e+04 1.298556169999999943e-16
2.206990000000000146e+04 1.276484209999999969e-16
2.208070000000000073e+04 1.220677439999999965e-16
2.209150000000000000e+04 1.245276340000000109e-16
2.210240000000000146e+04 1.285116140000000020e-16
2.211320000000000073e+04 1.089611140000000011e-16
2.212400000000000000e+04 1.147348479999999926e-16
2.213479999999999927e+04 1.242900940000000069e-16
2.214559999999999854e+04 1.210498760000000073e-16
2.215640000000000146e+04 1.188150719999999909e-16
2.216720000000000073e+04 1.181705990000000009e-16
2.217809999999999854e+04 1.166953319999999954e-16
2.218890000000000146e+04 1.198015869999999945e-16
2.219970000000000073e+04 1.201792580000000078e-16
2.221050000000000000e+04 1.186335159999999950e-16
2.222129999999999927e+04 1.156309559999999881e-16
2.223209999999999854e+04 1.184782569999999878e-16
2.224290000000000146e+04 1.152933869999999925e-16
2.225370000000000073e+04 1.141939910000000040e-16
2.226450000000000000e+04 1.176041979999999965e-16
2.227540000000000146e+04 1.171043169999999965e-16
2.228620000000000073e+04 1.129601020000000117e-16
2.229700000000000000e+04 1.146869640000000052e-16
2.230779999999999927e+04 1.163406370000000067e-16
2.231859999999999854e+04 1.134093209999999969e-16
2.232940000000000146e+04 1.136063089999999902e-16
2.234020000000000073e+04 1.171402889999999936e-16
2.235100000000000000e+04 1.143438100000000045e-16
2.236179999999999927e+04 1.100080469999999960e-16
2.237259999999999854e+04 1.152770950000000021e-16
2.238340000000000146e+04 1.136162609999999882e-16
2.239420000000000073e+04 1.159448740000000065e-16
2.240500000000000000e+04 1.054730590000000000e-16
2.241590000000000146e+04 1.085992720000000025e-16
2.242670000000000073e+04 1.142788529999999996e-16
2.243750000000000000e+04 1.125724519999999905e-16
2.244829999999999927e+04 1.186448579999999892e-16
2.245909999999999854e+04 1.186957199999999926e-16
2.246990000000000146e+04 1.138338430000000011e-16
2.248070000000000073e+04 1.135308299999999914e-16
2.249150000000000000e+04 1.145470319999999897e-16
2.250229999999999927e+04 1.116563460000000110e-16
2.251309999999999854e+04 1.115592549999999935e-16
2.252390000000000146e+04 1.097249589999999981e-16
2.253470000000000073e+04 1.086741480000000014e-16
2.254550000000000000e+04 1.130152780000000075e-16
2.255629999999999927e+04 1.101360880000000002e-16
2.256709999999999854e+04 1.119805480000000071e-16
2.257790000000000146e+04 1.111667479999999938e-16
2.258870000000000073e+04 1.026666470000000021e-16
2.259950000000000000e+04 1.101796970000000054e-16
2.261029999999999927e+04 1.172403710000000101e-16
2.262109999999999854e+04 2.048488569999999895e-16
2.263190000000000146e+04 1.417139850000000115e-16
2.264270000000000073e+04 1.082657200000000011e-16
2.265350000000000000e+04 1.113156799999999913e-16
2.266429999999999927e+04 1.048099510000000001e-16
2.267509999999999854e+04 1.107479629999999945e-16
2.268590000000000146e+04 1.095502120000000015e-16
2.269670000000000073e+04 1.050876459999999976e-16
2.270750000000000000e+04 1.061119329999999947e-16
2.271820000000000073e+04 9.665496270000000056e-17
2.272900000000000000e+04 1.041239929999999973e-16
2.273979999999999927e+04 1.023813690000000041e-16
2.275059999999999854e+04 1.030836909999999992e-16
2.276140000000000146e+04 9.998413309999999449e-17
2.277220000000000073e+04 1.035882190000000032e-16
2.278300000000000000e+04 1.077282440000000028e-16
2.279379999999999927e+04 1.039657639999999948e-16
2.280459999999999854e+04 1.090358509999999955e-16
2.281540000000000146e+04 9.941672019999999917e-17
2.282620000000000073e+04 9.650701650000000158e-17
2.283700000000000000e+04 9.944552600000000562e-17
2.284779999999999927e+04 1.046754250000000048e-16
2.285850000000000000e+04 1.169635900000000009e-16
2.286929999999999927e+04 1.055091700000000017e-16
2.288009999999999854e+04 9.782527769999999540e-17
2.289090000000000146e+04 9.490345079999999732e-17
2.290170000000000073e+04 9.763744809999999795e-17
2.291250000000000000e+04 9.725630320000000316e-17
2.292329999999999927e+04 9.602557090000000605e-17
2.293409999999999854e+04 1.004710509999999992e-16
2.294490000000000146e+04 9.601676309999999586e-17
2.295559999999999854e+04 9.531090669999999561e-17
2.296640000000000146e+04 9.350535010000000338e-17
2.297720000000000073e+04 9.525905240000000226e-17
2.298800000000000000e+04 9.442084049999999553e-17
2.299879999999999927e+04 9.334221020000000452e-17
2.300959999999999854e+04 9.461222360000000154e-17
2.302040000000000146e+04 9.889396190000000514e-17
2.303109999999999854e+04 9.951094599999999860e-17
2.304190000000000146e+04 9.896400760000000495e-17
2.305270000000000073e+04 1.008160389999999952e-16
2.306350000000000000e+04 1.028427700000000049e-16
2.307429999999999927e+04 9.507873359999999953e-17
2.308509999999999854e+04 9.074519400000000291e-17
2.309579999999999927e+04 9.475362520000000342e-17
2.310659999999999854e+04 9.838874650000000367e-17
2.311740000000000146e+04 9.396456110000000401e-17
2.312820000000000073e+04 9.390618200000000604e-17
2.313900000000000000e+04 9.200515549999999728e-17
2.314970000000000073e+04 9.259902480000000246e-17
2.316050000000000000e+04 8.175439579999999807e-17
2.317129999999999927e+04 8.968977770000000352e-17
2.318209999999999854e+04 9.115270279999999956e-17
2.319290000000000146e+04 8.759891660000000084e-17
2.320359999999999854e+04 9.257970189999999757e-17
2.321440000000000146e+04 9.782905620000000044e-17
2.322520000000000073e+04 9.505871590000000042e-17
2.323600000000000000e+04 9.468739779999999753e-17
2.324670000000000073e+04 9.921074570000000415e-17
2.325750000000000000e+04 9.616239319999999570e-17
2.326829999999999927e+04 9.660328709999999870e-17
2.327909999999999854e+04 9.926917109999999477e-17
2.328979999999999927e+04 9.228240000000000440e-17
2.330059999999999854e+04 9.521284940000000315e-17
2.331140000000000146e+04 9.345595749999999478e-17
2.332220000000000073e+04 8.973336680000000189e-17
2.333290000000000146e+04 9.903125409999999450e-17
2.334370000000000073e+04 9.976432800000000020e-17
2.335450000000000000e+04 9.851900430000000177e-17
2.336529999999999927e+04 9.561178869999999946e-17
2.337600000000000000e+04 9.343980430000000494e-17
2.338679999999999927e+04 9.153933370000000012e-17
2.339759999999999854e+04 1.008145830000000034e-16
2.340829999999999927e+04 5.499010019999999914e-17
2.341909999999999854e+04 8.466763989999999475e-17
2.342990000000000146e+04 9.292764050000000412e-17
2.344070000000000073e+04 9.877995660000000217e-17
2.345140000000000146e+04 9.735063479999999932e-17
2.346220000000000073e+04 9.729471080000000504e-17
2.347300000000000000e+04 9.782640929999999578e-17
2.348370000000000073e+04 1.021726480000000056e-16
2.349450000000000000e+04 9.991646309999999984e-17
2.350529999999999927e+04 1.029825440000000020e-16
2.351600000000000000e+04 1.070335710000000037e-16
2.352679999999999927e+04 1.080508909999999954e-16
2.353759999999999854e+04 1.023385539999999965e-16
2.354829999999999927e+04 9.814098939999999811e-17
2.355909999999999854e+04 9.934892450000000102e-17
2.356990000000000146e+04 1.034439249999999940e-16
2.358059999999999854e+04 1.006699319999999944e-16
2.359140000000000146e+04 1.029391929999999972e-16
2.360220000000000073e+04 1.044429479999999988e-16
2.361290000000000146e+04 1.002938630000000033e-16
2.362370000000000073e+04 1.080937520000000021e-16
2.363440000000000146e+04 1.086598020000000007e-16
2.364520000000000073e+04 1.032850729999999953e-16
2.365600000000000000e+04 1.106554969999999948e-16
2.366670000000000073e+04 1.095015610000000019e-16
2.367750000000000000e+04 1.145604519999999894e-16
2.368829999999999927e+04 1.104229869999999973e-16
2.369900000000000000e+04 1.057276520000000005e-16
2.370979999999999927e+04 1.044907449999999994e-16
2.372050000000000000e+04 1.017629549999999989e-16
2.373129999999999927e+04 1.076428459999999977e-16
2.374200000000000000e+04 1.124314340000000028e-16
2.375279999999999927e+04 1.141221649999999983e-16
2.376359999999999854e+04 1.154071139999999929e-16
2.377429999999999927e+04 1.153859379999999893e-16
2.378509999999999854e+04 1.252134260000000116e-16
2.379579999999999927e+04 8.689816890000000428e-17
2.380659999999999854e+04 1.001331309999999979e-16
2.381729999999999927e+04 1.073833229999999973e-16
2.382809999999999854e+04 1.157189550000000007e-16
2.383890000000000146e+04 1.105680279999999976e-16
2.384959999999999854e+04 1.131261070000000020e-16
2.386040000000000146e+04 1.178573549999999893e-16
2.387109999999999854e+04 1.172164429999999942e-16
2.388190000000000146e+04 1.199960469999999894e-16
2.389259999999999854e+04 1.115509969999999913e-16
2.390340000000000146e+04 1.093971770000000056e-16
2.391409999999999854e+04 1.132307419999999975e-16
2.392490000000000146e+04 1.150461589999999972e-16
2.393559999999999854e+04 1.123751329999999877e-16
2.394640000000000146e+04 1.224821419999999943e-16
2.395709999999999854e+04 1.176382649999999915e-16
2.396790000000000146e+04 1.221848070000000076e-16
2.397859999999999854e+04 1.120814250000000037e-16
2.398940000000000146e+04 1.172130150000000099e-16
2.400009999999999854e+04 1.233304190000000028e-16
2.401090000000000146e+04 1.222570559999999963e-16
2.402159999999999854e+04 1.179821870000000117e-16
2.403240000000000146e+04 1.246673280000000101e-16
2.404309999999999854e+04 1.278971579999999966e-16
2.405390000000000146e+04 1.199652630000000048e-16
2.406459999999999854e+04 1.175678159999999992e-16
2.407540000000000146e+04 1.206735409999999950e-16
2.408609999999999854e+04 1.189768679999999946e-16
2.409679999999999927e+04 1.213340949999999938e-16
2.410759999999999854e+04 1.123963749999999991e-16
2.411829999999999927e+04 1.201872520000000033e-16
2.412909999999999854e+04 1.281951809999999926e-16
2.413979999999999927e+04 1.250047910000000050e-16
2.415059999999999854e+04 1.168326569999999971e-16
2.416129999999999927e+04 1.297082729999999919e-16
2.417209999999999854e+04 1.298537109999999972e-16
2.418279999999999927e+04 1.351470319999999941e-16
2.419350000000000000e+04 1.257878729999999923e-16
2.420429999999999927e+04 1.131824090000000121e-16
2.421500000000000000e+04 1.159926260000000029e-16
2.422579999999999927e+04 1.209250569999999924e-16
2.423650000000000000e+04 1.248893570000000014e-16
2.424720000000000073e+04 1.249872679999999946e-16
2.425800000000000000e+04 1.218956510000000077e-16
2.426870000000000073e+04 1.162426329999999958e-16
2.427940000000000146e+04 1.198767479999999914e-16
2.429020000000000073e+04 1.244129670000000073e-16
2.430090000000000146e+04 1.319571720000000098e-16
2.431170000000000073e+04 1.267391710000000107e-16
2.432240000000000146e+04 1.323841690000000121e-16
2.433309999999999854e+04 1.328079769999999920e-16
2.434390000000000146e+04 1.431812189999999989e-16
2.435459999999999854e+04 1.376357070000000029e-16
2.436529999999999927e+04 1.204359350000000078e-16
2.437609999999999854e+04 1.215897800000000097e-16
2.438679999999999927e+04 1.245795409999999988e-16
2.439750000000000000e+04 1.258526709999999962e-16
2.440829999999999927e+04 1.295079360000000050e-16
2.441900000000000000e+04 1.356280400000000048e-16
2.442970000000000073e+04 1.450293650000000028e-16
2.444050000000000000e+04 1.365942929999999931e-16
2.445120000000000073e+04 1.325705429999999886e-16
2.446190000000000146e+04 1.321685590000000040e-16
2.447270000000000073e+04 1.279459020000000017e-16
2.448340000000000146e+04 1.163303539999999994e-16
2.449409999999999854e+04 1.327112299999999914e-16
2.450479999999999927e+04 1.302473029999999988e-16
2.451559999999999854e+04 1.341238689999999968e-16
2.452629999999999927e+04 1.353187010000000050e-16
2.453700000000000000e+04 1.323386810000000075e-16
2.454779999999999927e+04 1.316611599999999919e-16
2.455850000000000000e+04 1.293644300000000117e-16
2.456920000000000073e+04 1.263947060000000045e-16
2.457990000000000146e+04 1.211316010000000106e-16
2.459070000000000073e+04 1.271530390000000053e-16
2.460140000000000146e+04 1.344478589999999916e-16
2.461209999999999854e+04 1.317456649999999878e-16
2.462279999999999927e+04 1.385764169999999949e-16
2.463359999999999854e+04 1.273124530000000040e-16
2.464429999999999927e+04 1.214495819999999977e-16
2.465500000000000000e+04 1.255292500000000025e-16
2.466570000000000073e+04 1.275934299999999924e-16
2.467640000000000146e+04 1.238738169999999973e-16
2.468720000000000073e+04 1.199846519999999948e-16
2.469790000000000146e+04 1.328379540000000085e-16
2.470859999999999854e+04 1.343381019999999914e-16
2.471929999999999927e+04 1.246229379999999903e-16
2.473000000000000000e+04 1.225874390000000086e-16
2.474079999999999927e+04 1.132760719999999960e-16
2.475150000000000000e+04 1.084570960000000040e-16
2.476220000000000073e+04 1.253646750000000012e-16
2.477290000000000146e+04 1.195922509999999958e-16
2.478359999999999854e+04 1.282308220000000049e-16
2.479440000000000146e+04 1.300478930000000077e-16
2.480509999999999854e+04 1.229122889999999965e-16
2.481579999999999927e+04 1.147392020000000024e-16
2.482650000000000000e+04 1.119949610000000105e-16
2.483720000000000073e+04 -5.135216979999999854e-17
2.484790000000000146e+04 9.242947270000000534e-17
2.485859999999999854e+04 1.254128500000000052e-16
2.486940000000000146e+04 1.341147369999999991e-16
2.488009999999999854e+04 1.078185990000000055e-16
2.489079999999999927e+04 1.163332919999999979e-16
2.490150000000000000e+04 1.121125929999999980e-16
2.491220000000000073e+04 1.130137959999999883e-16
2.492290000000000146e+04 1.090583639999999950e-16
2.493359999999999854e+04 1.216722200000000075e-16
2.494429999999999927e+04 1.145370000000000061e-16
2.495509999999999854e+04 9.455768270000000428e-17
2.496579999999999927e+04 9.567129939999999781e-17
2.497650000000000000e+04 9.273969850000000423e-17
2.498720000000000073e+04 1.094217210000000043e-16
2.499790000000000146e+04 1.135595630000000051e-16
2.500859999999999854e+04 1.088032680000000012e-16
2.501929999999999927e+04 1.047469600000000061e-16
2.503000000000000000e+04 1.240150069999999934e-16
