9.519967773437500000e+03 4.377660999999999802e+00
9.529355850219730200e+03 4.025064000000000419e+00
9.538743927001949487e+03 3.878607000000000138e+00
9.548132003784179688e+03 3.792104999999999837e+00
9.557520080566409888e+03 3.906153999999999904e+00
9.566908157348629175e+03 3.670783999999999825e+00
9.576296234130859375e+03 3.540570999999999913e+00
9.585684310913089575e+03 3.335230000000000139e+00
9.595072387695310681e+03 3.311907999999999852e+00
9.604460464477540881e+03 3.376618000000000119e+00
9.613848541259769263e+03 3.436198000000000086e+00
9.623236618041990369e+03 3.458123000000000058e+00
9.632624694824220569e+03 3.537274000000000029e+00
9.642012771606450769e+03 3.559203000000000117e+00
9.651400848388670056e+03 3.262313999999999936e+00
9.660788925170900256e+03 3.030165000000000219e+00
9.670177001953119543e+03 3.138138000000000094e+00
9.679565078735349744e+03 3.003846999999999934e+00
9.688953155517579944e+03 3.040389999999999926e+00
9.698341232299810144e+03 3.030440000000000023e+00
9.707729309082029431e+03 3.092851000000000017e+00
9.717117385864259631e+03 3.249870000000000037e+00
9.726505462646480737e+03 3.109379999999999811e+00
9.735893539428709119e+03 3.327173999999999854e+00
9.745281616210939319e+03 3.396568999999999949e+00
9.754669692993169519e+03 3.082934999999999981e+00
9.764057769775390625e+03 3.042194999999999983e+00
9.773445846557620825e+03 3.145334000000000074e+00
9.782833923339849207e+03 3.137167999999999957e+00
9.792222000122070312e+03 3.165165000000000006e+00
9.801610076904300513e+03 3.172626999999999864e+00
9.810998153686530713e+03 3.194047999999999998e+00
9.820386230468750000e+03 3.221547999999999856e+00
9.829774307250980200e+03 3.020801000000000069e+00
9.839162384033210401e+03 3.093646000000000118e+00
9.848550460815429688e+03 3.040268000000000193e+00
9.857938537597659888e+03 3.023201999999999945e+00
9.867326614379879175e+03 3.007998999999999867e+00
9.876714691162109375e+03 2.965882000000000129e+00
9.886102767944339575e+03 2.952303000000000122e+00
9.895490844726560681e+03 3.059982000000000202e+00
9.904878921508790881e+03 3.010959999999999859e+00
9.914266998291019263e+03 3.168728000000000211e+00
9.923655075073249463e+03 3.221248999999999807e+00
9.933043151855470569e+03 2.966765000000000096e+00
9.942431228637700769e+03 2.851122000000000156e+00
9.951819305419920056e+03 2.879697000000000173e+00
9.961207382202150256e+03 2.827245000000000008e+00
9.970595458984380457e+03 2.824682000000000137e+00
9.979983535766599744e+03 2.745397000000000087e+00
9.989371612548829944e+03 2.727428000000000186e+00
9.998759689331060144e+03 2.739825000000000177e+00
1.000814776611329944e+04 2.714523999999999937e+00
1.001753584289550054e+04 2.642463999999999924e+00
1.002692391967769981e+04 2.654901000000000177e+00
1.003631199645999914e+04 2.651307000000000080e+00
1.004570007324220023e+04 2.723951000000000011e+00
1.005508815002439951e+04 2.705198000000000214e+00
1.006447622680660061e+04 2.716282000000000085e+00
1.007386430358889993e+04 2.658706000000000014e+00
1.008325238037109921e+04 2.502655999999999992e+00
1.009264045715330030e+04 2.513971000000000178e+00
1.010202853393559963e+04 2.745055999999999941e+00
1.011141661071780072e+04 2.977332999999999785e+00
1.012080468750000000e+04 2.730804000000000009e+00
1.013019276428219928e+04 2.511573999999999973e+00
1.013958084106450042e+04 2.557637000000000160e+00
1.014896891784669970e+04 2.756098999999999855e+00
1.015835699462890079e+04 2.872193000000000218e+00
1.016774507141110007e+04 2.918820000000000192e+00
1.017713314819339939e+04 2.649725000000000108e+00
1.018652122497560049e+04 2.472900000000000098e+00
1.019590930175779977e+04 2.799732999999999805e+00
1.020529737854000086e+04 2.893311000000000188e+00
1.021468545532230019e+04 2.869101000000000123e+00
1.022407353210449946e+04 2.730501999999999985e+00
1.023346160888670056e+04 2.645827999999999847e+00
1.024284968566889984e+04 2.773498000000000019e+00
1.025223776245119916e+04 2.734865999999999797e+00
1.026162583923340026e+04 2.632375000000000131e+00
1.027101391601559953e+04 2.628769999999999829e+00
1.028040199279790068e+04 2.469434999999999825e+00
1.028979006958009995e+04 2.313502000000000169e+00
1.029917814636229923e+04 2.226370999999999878e+00
1.030856622314450033e+04 2.186897999999999787e+00
1.031795429992679965e+04 2.219605000000000050e+00
1.032734237670900075e+04 2.132254000000000094e+00
1.033673045349120002e+04 2.136918999999999791e+00
1.034611853027339930e+04 2.239231999999999889e+00
1.035550660705570044e+04 2.171610999999999958e+00
1.036489468383789972e+04 2.131202000000000041e+00
1.037428276062010082e+04 2.213375999999999788e+00
1.038367083740230009e+04 2.318074000000000190e+00
1.039305891418459942e+04 2.281925999999999899e+00
1.040244699096680051e+04 2.156321999999999850e+00
1.041183506774899979e+04 2.113265000000000171e+00
1.042122314453129911e+04 2.099712999999999941e+00
1.043061122131350021e+04 2.184398999999999980e+00
1.043999929809569949e+04 2.273461000000000176e+00
1.044938737487790058e+04 2.252661999999999942e+00
1.045877545166019991e+04 2.278325999999999851e+00
1.046816352844239918e+04 2.345533999999999786e+00
1.047755160522460028e+04 2.260457999999999856e+00
1.048693968200679956e+04 2.306490999999999847e+00
1.049632775878910070e+04 2.368141000000000052e+00
1.050571583557129998e+04 2.215685999999999822e+00
1.051510391235349925e+04 2.011782999999999877e+00
1.052449198913570035e+04 2.028077999999999825e+00
1.053388006591799967e+04 1.895885999999999960e+00
1.054326814270020077e+04 1.753651999999999989e+00
1.055265621948240005e+04 1.726234000000000046e+00
1.056204429626469937e+04 1.610116000000000103e+00
1.057143237304690047e+04 1.703260999999999914e+00
1.058082044982909974e+04 1.656504999999999894e+00
1.059020852661130084e+04 1.559387999999999996e+00
1.059959660339360016e+04 1.460323000000000038e+00
1.060898468017579944e+04 1.483151000000000108e+00
1.061837275695800054e+04 1.562437999999999994e+00
1.062776083374019981e+04 1.492971000000000048e+00
1.063714891052249914e+04 1.443916999999999895e+00
1.064653698730470023e+04 1.491554000000000046e+00
1.065592506408689951e+04 1.597431999999999963e+00
1.066531314086910061e+04 1.601882999999999946e+00
1.067470121765139993e+04 1.707783999999999969e+00
1.068408929443359921e+04 1.752771999999999997e+00
1.069347737121580030e+04 1.661267999999999967e+00
1.070286544799809963e+04 1.694717999999999947e+00
1.071225352478030072e+04 1.741289000000000087e+00
1.072164160156250000e+04 1.764045000000000085e+00
1.073102967834469928e+04 1.775165000000000104e+00
1.074041775512700042e+04 1.819072999999999940e+00
1.074980583190919970e+04 1.924692000000000069e+00
1.075919390869140079e+04 1.845460000000000100e+00
1.076858198547360007e+04 1.780439000000000105e+00
1.077797006225589939e+04 1.732021999999999951e+00
1.078735813903810049e+04 1.746752000000000082e+00
1.079674621582029977e+04 1.844132000000000104e+00
1.080613429260250086e+04 1.844486000000000070e+00
1.081552236938480019e+04 1.971303000000000027e+00
1.082491044616699946e+04 1.910894000000000092e+00
1.083429852294920056e+04 1.820119000000000042e+00
1.084368659973139984e+04 1.800118000000000107e+00
1.085307467651369916e+04 1.815566000000000013e+00
1.086246275329590026e+04 1.927022999999999930e+00
1.087185083007809953e+04 1.891234000000000082e+00
1.088123890686040068e+04 1.824805000000000010e+00
1.089062698364259995e+04 1.799531999999999909e+00
1.090001506042479923e+04 1.777617000000000003e+00
1.090940313720700033e+04 1.742798000000000069e+00
1.091879121398929965e+04 1.635192999999999897e+00
1.092817929077150075e+04 1.572564999999999991e+00
1.093756736755370002e+04 1.515962999999999949e+00
1.094695544433589930e+04 1.480164999999999953e+00
1.095634352111820044e+04 1.574057000000000039e+00
1.096573159790039972e+04 1.563954000000000066e+00
1.097511967468260082e+04 1.472482000000000069e+00
1.098450775146480009e+04 1.472110000000000030e+00
1.099389582824709942e+04 1.485727000000000020e+00
1.100328390502930051e+04 1.487301999999999902e+00
1.101267198181149979e+04 1.512787000000000104e+00
1.102206005859379911e+04 1.527978000000000058e+00
1.103144813537600021e+04 1.512847999999999971e+00
1.104083621215819949e+04 1.495479999999999920e+00
1.105022428894040058e+04 1.470255000000000090e+00
1.105961236572269991e+04 1.410142999999999924e+00
1.106900044250489918e+04 1.421904000000000057e+00
1.107838851928710028e+04 1.493578000000000072e+00
1.108777659606929956e+04 1.419764000000000026e+00
1.109716467285160070e+04 1.507365000000000066e+00
1.110655274963379998e+04 1.560902999999999929e+00
1.111594082641599925e+04 1.598033999999999955e+00
1.112532890319820035e+04 1.517846000000000029e+00
1.113471697998049967e+04 1.504667999999999894e+00
1.114410505676270077e+04 1.641774000000000067e+00
1.115349313354490005e+04 1.601963000000000026e+00
1.116288121032719937e+04 1.402268000000000070e+00
1.117226928710940047e+04 1.425416000000000016e+00
1.118165736389159974e+04 1.415982000000000074e+00
1.119104544067380084e+04 1.359858000000000011e+00
1.120043351745610016e+04 1.375415000000000054e+00
1.120982159423829944e+04 1.396805000000000074e+00
1.121920967102050054e+04 1.561126000000000014e+00
1.122859774780269981e+04 1.531989000000000045e+00
1.123798582458499914e+04 1.486990000000000034e+00
1.124737390136720023e+04 1.331663000000000041e+00
1.125676197814939951e+04 1.268572000000000033e+00
1.126615005493160061e+04 1.353906000000000054e+00
1.127553813171389993e+04 1.391596999999999973e+00
1.128492620849609921e+04 1.214361999999999941e+00
1.129431428527830030e+04 1.327369000000000021e+00
1.130370236206059963e+04 1.394082999999999961e+00
1.131309043884280072e+04 1.357901999999999942e+00
1.132247851562500000e+04 1.404145999999999894e+00
1.133186659240719928e+04 1.341301999999999994e+00
1.134125466918950042e+04 1.278928000000000065e+00
1.135064274597169970e+04 1.295568000000000053e+00
1.136003082275390079e+04 1.331461000000000006e+00
1.136941889953610007e+04 1.398177000000000003e+00
1.137880697631839939e+04 1.454518999999999895e+00
1.138819505310060049e+04 1.424846000000000057e+00
1.139758312988279977e+04 1.355267999999999917e+00
1.140697120666500086e+04 1.351809000000000038e+00
1.141635928344730019e+04 1.212447999999999970e+00
1.142574736022949946e+04 1.166346000000000105e+00
1.143513543701170056e+04 1.263479999999999936e+00
1.144452351379399988e+04 1.281616000000000088e+00
1.145391159057619916e+04 1.201678000000000024e+00
1.146329966735840026e+04 1.020400999999999891e+00
1.147268774414059953e+04 1.034917000000000087e+00
1.148207582092290068e+04 1.092387999999999915e+00
1.149146389770509995e+04 1.210895999999999972e+00
1.150085197448729923e+04 1.197926999999999964e+00
1.151024005126950033e+04 1.158184000000000102e+00
1.151962812805179965e+04 1.093274000000000079e+00
1.152901620483400075e+04 1.126176999999999984e+00
1.153840428161620002e+04 1.104241999999999946e+00
1.154779235839839930e+04 1.118251000000000106e+00
1.155718043518070044e+04 1.221722999999999892e+00
1.156656851196289972e+04 1.202269999999999950e+00
1.157595658874510082e+04 1.224169000000000063e+00
1.158534466552740014e+04 1.346093999999999902e+00
1.159473274230959942e+04 1.281895999999999924e+00
1.160412081909180051e+04 1.171054000000000039e+00
1.161350889587399979e+04 1.220785000000000009e+00
1.162289697265629911e+04 1.280397999999999925e+00
1.163228504943850021e+04 1.243308999999999997e+00
1.164167312622069949e+04 1.227375000000000105e+00
1.165106120300290058e+04 1.272140999999999966e+00
1.166044927978519991e+04 1.362849999999999895e+00
1.166983735656739918e+04 1.347750000000000004e+00
1.167922543334960028e+04 1.297212000000000032e+00
1.168861351013179956e+04 1.345809999999999951e+00
1.169800158691410070e+04 1.490331999999999990e+00
1.170738966369629998e+04 1.594622999999999902e+00
1.171677774047849925e+04 1.559711000000000070e+00
1.172616581726080040e+04 1.484736999999999973e+00
1.173555389404299967e+04 1.530734999999999957e+00
1.174494197082520077e+04 1.568778999999999924e+00
1.175433004760740005e+04 1.643593000000000082e+00
1.176371812438969937e+04 1.684325000000000072e+00
1.177310620117190047e+04 1.617976999999999999e+00
1.178249427795409974e+04 1.558484999999999898e+00
1.179188235473630084e+04 1.605199999999999960e+00
1.180127043151860016e+04 1.694032999999999900e+00
1.181065850830079944e+04 1.689867999999999926e+00
1.182004658508300054e+04 1.665094999999999992e+00
1.182943466186519981e+04 1.655718999999999941e+00
1.183882273864749914e+04 1.638020999999999949e+00
1.184821081542970023e+04 1.663097000000000047e+00
1.185759889221189951e+04 1.687583999999999973e+00
1.186698696899410061e+04 1.620765000000000011e+00
1.187637504577639993e+04 1.589841000000000060e+00
1.188576312255859921e+04 1.642783000000000104e+00
1.189515119934080030e+04 1.693875999999999937e+00
1.190453927612309963e+04 1.603750999999999927e+00
1.191392735290530072e+04 1.519860999999999907e+00
1.192331542968750000e+04 1.421071999999999891e+00
1.193270350646969928e+04 1.394401999999999919e+00
1.194209158325200042e+04 1.483708999999999945e+00
1.195147966003419970e+04 1.456987999999999950e+00
1.196086773681640079e+04 1.408695999999999948e+00
1.197025581359860007e+04 1.478085000000000093e+00
1.197964389038089939e+04 1.552675999999999945e+00
1.198903196716310049e+04 1.433945000000000025e+00
1.199842004394529977e+04 1.311649999999999983e+00
1.200780812072750086e+04 1.404719999999999969e+00
1.201719619750980019e+04 1.377218000000000053e+00
1.202658427429199946e+04 1.303379000000000065e+00
1.203597235107420056e+04 1.349026000000000058e+00
1.204536042785649988e+04 1.419524999999999926e+00
1.205474850463869916e+04 1.315361999999999920e+00
1.206413658142090026e+04 1.224828999999999946e+00
1.207352465820309953e+04 1.298027999999999960e+00
1.208291273498540068e+04 1.264990000000000059e+00
1.209230081176759995e+04 1.194868000000000041e+00
1.210168888854979923e+04 1.239880000000000093e+00
1.211107696533200033e+04 1.133618000000000015e+00
1.212046504211429965e+04 1.133467000000000002e+00
1.212985311889650075e+04 1.188099999999999934e+00
1.213924119567870002e+04 1.183286000000000060e+00
1.214862927246089930e+04 1.157134000000000107e+00
1.215801734924320044e+04 1.068545999999999996e+00
1.216740542602539972e+04 1.029497000000000106e+00
1.217679350280760082e+04 9.745158000000000431e-01
1.218618157958990014e+04 9.684158999999999962e-01
1.219556965637209942e+04 9.973902999999999519e-01
1.220495773315430051e+04 1.037773000000000057e+00
1.221434580993649979e+04 1.012037999999999993e+00
1.222373388671879911e+04 9.803017000000000536e-01
1.223312196350100021e+04 9.629997999999999614e-01
1.224251004028319949e+04 9.652794000000000096e-01
1.225189811706540058e+04 9.737864000000000519e-01
1.226128619384769991e+04 9.230800999999999590e-01
1.227067427062989918e+04 8.868386999999999798e-01
1.228006234741210028e+04 8.605755999999999961e-01
1.228945042419429956e+04 8.921221000000000290e-01
1.229883850097660070e+04 9.040154999999999719e-01
1.230822657775879998e+04 9.019441999999999737e-01
1.231761465454099925e+04 9.043908000000000502e-01
1.232700273132330040e+04 8.704762000000000333e-01
1.233639080810549967e+04 9.303565999999999780e-01
1.234577888488770077e+04 9.155073000000000238e-01
1.235516696166990005e+04 8.447729000000000488e-01
1.236455503845219937e+04 8.609771999999999981e-01
1.237394311523440047e+04 8.471484000000000236e-01
1.238333119201659974e+04 7.520828999999999986e-01
1.239271926879880084e+04 7.835971000000000464e-01
1.240210734558110016e+04 7.767414000000000263e-01
1.241149542236329944e+04 8.073863999999999486e-01
1.242088349914550054e+04 8.008868999999999572e-01
1.243027157592769981e+04 7.731833000000000178e-01
1.243965965270999914e+04 7.495851000000000042e-01
1.244904772949220023e+04 7.379369000000000067e-01
1.245843580627439951e+04 7.755117000000000260e-01
1.246782388305660061e+04 8.062527000000000443e-01
1.247721195983889993e+04 7.775556999999999608e-01
1.248660003662109921e+04 7.574511000000000438e-01
1.249598811340330030e+04 7.798384000000000427e-01
1.250537619018559963e+04 7.705651999999999502e-01
1.251476426696780072e+04 7.301885999999999655e-01
1.252415234375000000e+04 7.110906000000000171e-01
1.253354042053219928e+04 7.609706999999999999e-01
1.254292849731450042e+04 7.993945000000000078e-01
1.255231657409669970e+04 7.493530999999999942e-01
1.256170465087890079e+04 7.394292000000000087e-01
1.257109272766110007e+04 7.879884000000000333e-01
1.258048080444339939e+04 7.997214999999999741e-01
1.258986888122560049e+04 8.739365000000000050e-01
1.259925695800779977e+04 9.121892000000000333e-01
1.260864503479010091e+04 8.500634000000000245e-01
1.261803311157230019e+04 7.461913999999999492e-01
1.262742118835449946e+04 5.942948999999999593e-01
1.263680926513670056e+04 6.461419000000000468e-01
1.264619734191899988e+04 7.493912999999999824e-01
1.265558541870119916e+04 7.383718000000000226e-01
1.266497349548340026e+04 8.616715999999999820e-01
1.267436157226559953e+04 8.240492000000000372e-01
1.268374964904790068e+04 6.925191000000000541e-01
1.269313772583009995e+04 7.959532999999999747e-01
1.270252580261229923e+04 6.564931999999999990e-01
1.271191387939450033e+04 5.486467999999999900e-01
1.272130195617679965e+04 7.260649000000000131e-01
1.273069003295900075e+04 7.325650000000000217e-01
1.274007810974120002e+04 6.696041000000000354e-01
1.274946618652349935e+04 6.615267000000000230e-01
1.275885426330570044e+04 5.528134999999999577e-01
1.276824234008789972e+04 6.227867000000000264e-01
1.277763041687010082e+04 6.561091999999999480e-01
1.278701849365240014e+04 5.851070999999999911e-01
1.279640657043459942e+04 5.903842999999999730e-01
1.280579464721680051e+04 6.688074000000000519e-01
1.281518272399899979e+04 6.628114999999999979e-01
1.282457080078129911e+04 6.764027999999999707e-01
1.283395887756350021e+04 7.970304000000000277e-01
1.284334695434569949e+04 7.281339000000000006e-01
1.285273503112790058e+04 6.011583000000000343e-01
1.286212310791019991e+04 6.172737000000000362e-01
1.287151118469239918e+04 7.095333000000000334e-01
1.288089926147460028e+04 6.784223000000000336e-01
1.289028733825689960e+04 6.026694999999999691e-01
1.289967541503910070e+04 6.101077999999999779e-01
1.290906349182129998e+04 6.227076999999999751e-01
1.291845156860349925e+04 6.322643999999999487e-01
1.292783964538580040e+04 6.215517999999999876e-01
1.293722772216799967e+04 6.383836000000000510e-01
1.294661579895020077e+04 6.417639000000000538e-01
1.295600387573240005e+04 5.831397999999999859e-01
1.296539195251469937e+04 5.639119000000000215e-01
1.297478002929690047e+04 5.662589999999999568e-01
1.298416810607909974e+04 5.382717000000000196e-01
1.299355618286130084e+04 5.189367999999999759e-01
1.300294425964360016e+04 4.761733000000000215e-01
1.301233233642579944e+04 4.412664000000000031e-01
1.302172041320800054e+04 4.857129000000000030e-01
1.303110848999019981e+04 3.909841000000000011e-01
1.304049656677249914e+04 3.575936000000000115e-01
1.304988464355470023e+04 5.227454000000000267e-01
1.305927272033689951e+04 5.137987000000000526e-01
1.306866079711920065e+04 5.087975000000000136e-01
1.307804887390139993e+04 5.633354999999999890e-01
1.308743695068359921e+04 5.697699999999999987e-01
1.309682502746580030e+04 5.835687000000000513e-01
1.310621310424809963e+04 5.539745999999999837e-01
1.311560118103030072e+04 5.371928000000000258e-01
1.312498925781250000e+04 5.341920000000000002e-01
1.313437733459469928e+04 5.522118999999999778e-01
1.314376541137700042e+04 5.278224999999999723e-01
1.315315348815919970e+04 4.853076000000000056e-01
1.316254156494140079e+04 5.357640999999999654e-01
1.317192964172360007e+04 5.647166000000000130e-01
1.318131771850589939e+04 5.548210000000000086e-01
1.319070579528810049e+04 5.547860000000000014e-01
1.320009387207029977e+04 5.108141999999999960e-01
1.320948194885260091e+04 4.895724000000000187e-01
1.321887002563480019e+04 5.183507000000000531e-01
1.322825810241699946e+04 4.897181999999999924e-01
1.323764617919920056e+04 4.804117999999999999e-01
1.324703425598149988e+04 4.961788999999999783e-01
1.325642233276369916e+04 4.695873999999999882e-01
1.326581040954590026e+04 4.724777000000000005e-01
1.327519848632809953e+04 5.238973000000000102e-01
1.328458656311040068e+04 5.223438000000000248e-01
1.329397463989259995e+04 4.425752000000000019e-01
1.330336271667479923e+04 4.027068999999999788e-01
1.331275079345700033e+04 4.203031999999999879e-01
1.332213887023929965e+04 4.312729000000000146e-01
1.333152694702150075e+04 4.505684999999999829e-01
1.334091502380370002e+04 4.918346000000000107e-01
1.335030310058599935e+04 4.656476999999999977e-01
1.335969117736820044e+04 4.108060000000000045e-01
1.336907925415039972e+04 4.193471999999999755e-01
1.337846733093260082e+04 4.627229999999999954e-01
1.338785540771490014e+04 5.543428000000000244e-01
1.339724348449709942e+04 5.889512999999999554e-01
1.340663156127930051e+04 4.823975999999999820e-01
1.341601963806149979e+04 5.054914000000000351e-01
1.342540771484379911e+04 5.712827000000000321e-01
1.343479579162600021e+04 4.638980999999999799e-01
1.344418386840819949e+04 4.901248000000000271e-01
1.345357194519040058e+04 6.029790999999999901e-01
1.346296002197269991e+04 4.843272000000000133e-01
1.347234809875489918e+04 4.323578000000000143e-01
1.348173617553710028e+04 5.513439999999999452e-01
1.349112425231939960e+04 6.587515000000000454e-01
1.350051232910160070e+04 5.802625000000000144e-01
1.350990040588379998e+04 5.033052000000000081e-01
1.351928848266599925e+04 5.554033999999999915e-01
1.352867655944830040e+04 4.754609000000000196e-01
1.353806463623049967e+04 3.947068000000000243e-01
1.354745271301270077e+04 8.810181000000000262e-01
1.355684078979490005e+04 1.040396000000000098e+00
1.356622886657719937e+04 5.322122000000000241e-01
1.357561694335940047e+04 9.067595000000000516e-01
1.358500502014159974e+04 1.437511999999999901e+00
1.359439309692380084e+04 2.262917999999999985e+00
1.360378117370610016e+04 2.889375999999999944e+00
1.361316925048829944e+04 3.866312000000000193e+00
1.362255732727050054e+04 1.634479999999999933e+00
1.363194540405279986e+04 -6.178694000000000131e-01
1.364133348083499914e+04 -8.742638999999999827e-01
1.365072155761720023e+04 2.873194000000000026e-01
1.366010963439939951e+04 2.326387000000000038e-01
1.366949771118170065e+04 -9.500376000000000376e-01
1.367888578796389993e+04 4.791973999999999956e-01
1.368827386474609921e+04 1.827290000000000081e+00
1.369766194152830030e+04 1.255845999999999907e-01
1.370705001831059963e+04 1.598861000000000088e+00
1.371643809509280072e+04 2.367535000000000167e+00
1.372582617187500000e+04 5.148620000000000418e-01
1.373521424865719928e+04 3.829181000000000078e-03
1.374460232543950042e+04 1.095212999999999992e+00
1.375399040222169970e+04 1.436534999999999895e+00
1.376337847900390079e+04 1.068970999999999894e+00
1.377276655578610007e+04 9.429226000000000552e-01
1.378215463256839939e+04 6.704721000000000153e-01
1.379154270935060049e+04 6.545630999999999533e-01
1.380093078613279977e+04 9.864180999999999644e-01
1.381031886291510091e+04 5.079352000000000311e-01
1.381970693969730019e+04 -6.437705000000000233e-01
1.382909501647949946e+04 2.441561000000000092e+00
1.383848309326170056e+04 5.828695999999999877e+00
1.384787117004399988e+04 3.984471000000000096e+00
1.385725924682619916e+04 1.836883000000000044e+00
1.386664732360840026e+04 1.539727999999999986e+00
1.387603540039059953e+04 1.010753999999999930e+00
1.388542347717290068e+04 5.651608000000000187e-01
1.389481155395509995e+04 5.954783999999999633e-01
1.390419963073729923e+04 5.879756000000000427e-01
1.391358770751960037e+04 3.057934999999999959e-01
1.392297578430179965e+04 2.427969000000000099e-01
1.393236386108400075e+04 5.710967999999999600e-01
1.394175193786620002e+04 5.566528999999999922e-02
1.395114001464849935e+04 -2.914108999999999727e-01
1.396052809143070044e+04 1.328381999999999952e+00
1.396991616821289972e+04 1.129766000000000048e+00
1.397930424499510082e+04 7.288923999999999959e-01
1.398869232177740014e+04 4.855481999999999854e-01
1.399808039855959942e+04 4.045721999999999929e-01
1.400746847534180051e+04 5.346992999999999885e-01
1.401685655212399979e+04 1.640225999999999906e-01
1.402624462890629911e+04 9.378709000000000351e-02
1.403563270568850021e+04 3.113541000000000225e-01
1.404502078247069949e+04 6.538703999999999628e-01
1.405440885925290058e+04 7.987935000000000452e-01
1.406379693603519991e+04 8.380058999999999703e-01
1.407318501281739918e+04 8.075210000000000443e-01
1.408257308959960028e+04 7.815855999999999915e-01
1.409196116638189960e+04 8.765359000000000345e-01
1.410134924316410070e+04 8.935094000000000092e-01
1.411073731994629998e+04 7.503041000000000293e-01
1.412012539672849925e+04 6.477311000000000041e-01
1.412951347351080040e+04 4.808030999999999833e-01
1.413890155029299967e+04 4.513078999999999841e-01
1.414828962707520077e+04 4.197171000000000096e-01
1.415767770385740005e+04 3.810744999999999827e-01
1.416706578063969937e+04 4.362770000000000259e-01
1.417645385742190047e+04 4.201157999999999837e-01
1.418584193420409974e+04 3.302595999999999865e-01
1.419523001098630084e+04 3.055347999999999953e-01
1.420461808776860016e+04 4.824630999999999781e-01
1.421400616455079944e+04 4.478663999999999978e-01
1.422339424133300054e+04 4.731045999999999863e-01
1.423278231811519981e+04 4.202631000000000006e-01
1.424217039489749914e+04 4.053078999999999987e-01
1.425155847167970023e+04 5.771935000000000260e-01
1.426094654846189951e+04 1.044356000000000034e-01
1.427033462524420065e+04 2.890846999999999944e+00
1.427972270202639993e+04 4.777398999999999951e+00
1.428911077880859921e+04 1.101337000000000010e+00
1.429849885559080030e+04 4.907157999999999659e-02
1.430788693237309963e+04 4.915782000000000207e-01
1.431727500915530072e+04 4.847732000000000152e-01
1.432666308593750000e+04 4.046042999999999723e-01
1.433605116271969928e+04 3.767887999999999793e-01
1.434543923950200042e+04 3.231589000000000267e-01
1.435482731628419970e+04 3.478427000000000047e-01
1.436421539306640079e+04 3.526856999999999909e-01
1.437360346984870012e+04 4.304934000000000260e-01
1.438299154663089939e+04 4.877673000000000147e-01
1.439237962341310049e+04 3.824555000000000038e-01
1.440176770019529977e+04 4.154211999999999905e-01
1.441115577697760091e+04 4.992746000000000128e-01
1.442054385375980019e+04 4.161429999999999851e-01
1.442993193054199946e+04 2.832025000000000237e-01
1.443932000732420056e+04 2.834782000000000135e-01
1.444870808410649988e+04 4.012011999999999801e-01
1.445809616088869916e+04 3.159848000000000101e-01
1.446748423767090026e+04 2.546920999999999768e-01
1.447687231445309953e+04 4.090498000000000189e-01
1.448626039123540068e+04 3.938689000000000218e-01
1.449564846801759995e+04 3.458899999999999753e-01
1.450503654479979923e+04 3.912785999999999764e-01
1.451442462158210037e+04 3.358129999999999726e-01
1.452381269836429965e+04 2.598382000000000192e-01
1.453320077514650075e+04 3.545252999999999877e-01
1.454258885192870002e+04 3.733545999999999809e-01
1.455197692871099935e+04 3.887516999999999778e-01
1.456136500549320044e+04 4.750495000000000134e-01
1.457075308227539972e+04 3.874827000000000132e-01
1.458014115905760082e+04 3.428628000000000231e-01
1.458952923583990014e+04 3.886450000000000182e-01
1.459891731262209942e+04 4.149997999999999743e-01
1.460830538940430051e+04 3.981334000000000262e-01
1.461769346618649979e+04 3.618937999999999877e-01
1.462708154296879911e+04 3.290862999999999983e-01
1.463646961975100021e+04 3.637068999999999996e-01
1.464585769653319949e+04 3.771262000000000225e-01
1.465524577331540058e+04 3.505657999999999830e-01
1.466463385009769991e+04 4.375673999999999952e-01
1.467402192687989918e+04 4.909015999999999935e-01
1.468341000366210028e+04 4.838051999999999908e-01
1.469279808044439960e+04 4.399297999999999820e-01
1.470218615722660070e+04 3.783548999999999940e-01
1.471157423400879998e+04 4.314038000000000039e-01
1.472096231079099925e+04 4.169278000000000151e-01
1.473035038757330040e+04 3.747199999999999975e-01
1.473973846435549967e+04 4.261001999999999845e-01
1.474912654113770077e+04 4.643222000000000182e-01
1.475851461791990005e+04 4.030729000000000117e-01
1.476790269470219937e+04 3.274006999999999890e-01
1.477729077148440047e+04 3.234619000000000244e-01
1.478667884826659974e+04 2.984601000000000059e-01
1.479606692504880084e+04 3.003849000000000102e-01
1.480545500183110016e+04 3.988156999999999952e-01
1.481484307861329944e+04 4.755568000000000017e-01
1.482423115539550054e+04 3.541412999999999922e-01
1.483361923217779986e+04 3.472928000000000126e-01
1.484300730895999914e+04 4.175195999999999907e-01
1.485239538574220023e+04 4.506221000000000254e-01
1.486178346252439951e+04 4.668705000000000216e-01
1.487117153930670065e+04 4.722405000000000075e-01
1.488055961608889993e+04 4.555660000000000265e-01
1.488994769287109921e+04 4.596230000000000038e-01
1.489933576965330030e+04 4.714006000000000030e-01
1.490872384643559963e+04 4.000137000000000276e-01
1.491811192321780072e+04 3.760647999999999769e-01
1.492750000000000000e+04 3.668228000000000044e-01
1.493688807678219928e+04 3.053846000000000060e-01
1.494627615356450042e+04 3.380420000000000091e-01
1.495566423034669970e+04 4.192424000000000150e-01
1.496505230712890079e+04 3.899237999999999871e-01
1.497444038391120012e+04 3.562029999999999919e-01
1.498382846069339939e+04 3.825811000000000073e-01
1.499321653747560049e+04 3.398743000000000181e-01
1.500260461425779977e+04 3.535465999999999887e-01
1.501199269104010091e+04 3.580322000000000227e-01
1.502138076782230019e+04 3.658720999999999779e-01
1.503076884460449946e+04 3.560055999999999776e-01
1.504015692138670056e+04 3.434825000000000239e-01
1.504954499816899988e+04 3.686658999999999908e-01
1.505893307495119916e+04 3.741076999999999875e-01
1.506832115173340026e+04 4.696640000000000259e-01
1.507770922851559953e+04 4.325339999999999741e-01
1.508709730529790068e+04 3.445876999999999968e-01
1.509648538208009995e+04 3.437843999999999900e-01
1.510587345886229923e+04 3.149739999999999762e-01
1.511526153564460037e+04 3.550181000000000031e-01
1.512464961242679965e+04 4.167955999999999883e-01
1.513403768920900075e+04 4.110931999999999920e-01
1.514342576599120002e+04 4.076752000000000153e-01
1.515281384277349935e+04 3.967105000000000214e-01
1.516220191955570044e+04 3.725319999999999743e-01
1.517158999633789972e+04 3.506815999999999822e-01
1.518097807312010082e+04 3.657858999999999972e-01
1.519036614990240014e+04 3.658300999999999914e-01
1.519975422668459942e+04 3.015009000000000161e-01
1.520914230346680051e+04 3.393704000000000165e-01
1.521853038024899979e+04 3.685744000000000242e-01
1.522791845703129911e+04 3.473664000000000196e-01
1.523730653381350021e+04 3.735820999999999725e-01
1.524669461059569949e+04 3.932535999999999810e-01
1.525608268737800063e+04 3.565734999999999877e-01
1.526547076416019991e+04 3.276096000000000008e-01
1.527485884094239918e+04 3.338156999999999930e-01
1.528424691772460028e+04 3.122009000000000034e-01
1.529363499450689960e+04 2.733400000000000274e-01
1.530302307128910070e+04 3.005309999999999926e-01
1.531241114807129998e+04 2.588269999999999738e-01
1.532179922485349925e+04 2.301702999999999943e-01
1.533118730163580040e+04 2.565933000000000241e-01
1.534057537841799967e+04 2.953088999999999853e-01
1.534996345520020077e+04 2.997009999999999952e-01
1.535935153198240005e+04 2.697625000000000162e-01
1.536873960876469937e+04 2.600566000000000266e-01
1.537812768554690047e+04 2.442844999999999878e-01
1.538751576232909974e+04 3.112734999999999808e-01
1.539690383911130084e+04 4.148128999999999844e-01
1.540629191589360016e+04 3.771221000000000156e-01
1.541567999267579944e+04 3.510236999999999941e-01
1.542506806945800054e+04 3.911550999999999778e-01
1.543445614624029986e+04 4.203816000000000219e-01
1.544384422302249914e+04 4.347286000000000206e-01
1.545323229980470023e+04 4.373722999999999916e-01
1.546262037658689951e+04 4.310507000000000088e-01
1.547200845336920065e+04 4.389961000000000002e-01
1.548139653015139993e+04 3.891413000000000233e-01
1.549078460693359921e+04 3.334674000000000249e-01
1.550017268371580030e+04 4.234532999999999769e-01
1.550956076049809963e+04 5.298528999999999600e-01
1.551894883728030072e+04 5.065572999999999881e-01
1.552833691406250000e+04 4.047197000000000155e-01
1.553772499084469928e+04 4.395044000000000173e-01
1.554711306762700042e+04 5.159658000000000300e-01
1.555650114440919970e+04 5.037473000000000090e-01
1.556588922119140079e+04 4.737890000000000157e-01
1.557527729797370012e+04 4.619228000000000223e-01
1.558466537475589939e+04 4.715862000000000109e-01
1.559405345153810049e+04 4.731383000000000116e-01
1.560344152832029977e+04 5.098713999999999746e-01
1.561282960510260091e+04 5.238798000000000066e-01
1.562221768188480019e+04 5.075566000000000244e-01
1.563160575866699946e+04 4.668180000000000107e-01
1.564099383544920056e+04 4.153819000000000261e-01
1.565038191223149988e+04 4.296256999999999993e-01
1.565976998901369916e+04 5.321228999999999543e-01
1.566915806579590026e+04 5.398811999999999500e-01
1.567854614257809953e+04 4.675232999999999750e-01
1.568793421936040068e+04 4.434023999999999743e-01
1.569732229614259995e+04 4.681808000000000081e-01
1.570671037292479923e+04 5.118502999999999803e-01
1.571609844970710037e+04 5.124946999999999697e-01
1.572548652648929965e+04 5.322976000000000374e-01
1.573487460327150075e+04 5.702943000000000318e-01
1.574426268005370002e+04 5.680136999999999547e-01
1.575365075683599935e+04 5.345862999999999587e-01
1.576303883361820044e+04 4.911365999999999787e-01
1.577242691040039972e+04 4.647100000000000120e-01
1.578181498718260082e+04 4.615121999999999836e-01
1.579120306396490014e+04 5.279481000000000313e-01
1.580059114074709942e+04 6.256102999999999525e-01
1.580997921752930051e+04 5.680819999999999759e-01
1.581936729431149979e+04 4.691842999999999986e-01
1.582875537109379911e+04 5.174168000000000101e-01
1.583814344787600021e+04 6.186255000000000503e-01
1.584753152465819949e+04 5.523991000000000318e-01
1.585691960144050063e+04 4.803647999999999807e-01
1.586630767822269991e+04 5.129008000000000456e-01
1.587569575500489918e+04 5.626818000000000097e-01
1.588508383178710028e+04 5.658758999999999872e-01
1.589447190856939960e+04 5.182350000000000012e-01
1.590385998535160070e+04 5.204121000000000441e-01
1.591324806213379998e+04 5.557876999999999956e-01
1.592263613891599925e+04 5.441424999999999734e-01
1.593202421569830040e+04 5.171877000000000280e-01
1.594141229248049967e+04 4.908217000000000274e-01
1.595080036926270077e+04 4.721628999999999965e-01
1.596018844604490005e+04 4.543884000000000256e-01
1.596957652282719937e+04 4.462235999999999980e-01
1.597896459960940047e+04 4.837527999999999828e-01
1.598835267639159974e+04 5.238125000000000142e-01
1.599774075317390088e+04 5.283210999999999880e-01
1.600712882995610016e+04 5.149145000000000527e-01
1.601651690673829944e+04 4.894989000000000146e-01
1.602590498352050054e+04 5.036127999999999716e-01
1.603529306030279986e+04 5.683949999999999836e-01
1.604468113708499914e+04 5.436693000000000220e-01
1.605406921386720023e+04 5.033286000000000149e-01
1.606345729064939951e+04 5.493519999999999515e-01
1.607284536743170065e+04 5.651047999999999627e-01
1.608223344421389993e+04 5.444902000000000353e-01
1.609162152099609921e+04 5.470943000000000334e-01
1.610100959777830030e+04 5.296429999999999749e-01
1.611039767456059963e+04 5.070742999999999778e-01
1.611978575134280072e+04 4.763145999999999769e-01
1.612917382812500000e+04 4.997535000000000172e-01
1.613856190490729932e+04 5.807457999999999787e-01
1.614794998168950042e+04 4.764705000000000190e-01
1.615733805847169970e+04 4.268460000000000032e-01
1.616672613525390079e+04 5.205615999999999577e-01
1.617611421203620012e+04 5.900822999999999485e-01
1.618550228881839939e+04 5.881159000000000248e-01
1.619489036560060049e+04 5.726856999999999642e-01
1.620427844238279977e+04 5.357226999999999961e-01
1.621366651916510091e+04 4.872229000000000143e-01
1.622305459594730019e+04 4.889100000000000112e-01
1.623244267272949946e+04 5.484396000000000271e-01
1.624183074951170056e+04 5.099635999999999614e-01
1.625121882629399988e+04 4.059583999999999970e-01
1.626060690307619916e+04 4.577377999999999725e-01
1.626999497985840026e+04 4.841255999999999893e-01
1.627938305664059953e+04 4.582420999999999855e-01
1.628877113342290068e+04 4.453757999999999884e-01
1.629815921020509995e+04 4.243350000000000177e-01
1.630754728698729923e+04 4.472347999999999879e-01
1.631693536376960037e+04 4.914954999999999741e-01
1.632632344055179965e+04 4.966946999999999890e-01
1.633571151733400075e+04 4.654316000000000009e-01
1.634509959411620002e+04 4.826216999999999868e-01
1.635448767089849935e+04 4.985102000000000144e-01
1.636387574768070044e+04 4.724419999999999731e-01
1.637326382446289972e+04 4.090892999999999891e-01
1.638265190124510082e+04 3.776362999999999803e-01
1.639203997802739832e+04 4.416191999999999895e-01
1.640142805480959942e+04 4.207010999999999945e-01
1.641081613159180051e+04 4.552251999999999965e-01
1.642020420837409984e+04 4.963383000000000100e-01
1.642959228515630093e+04 3.774268000000000067e-01
1.643898036193849839e+04 3.344739999999999935e-01
1.644836843872069949e+04 3.939901000000000098e-01
1.645775651550299881e+04 5.168943000000000287e-01
1.646714459228519991e+04 5.371886000000000161e-01
1.647653266906740100e+04 4.881637999999999811e-01
1.648592074584959846e+04 5.240086000000000466e-01
1.649530882263190142e+04 4.266355000000000008e-01
1.650469689941409888e+04 4.016498000000000013e-01
1.651408497619629998e+04 5.315229000000000203e-01
1.652347305297850107e+04 5.675563999999999609e-01
1.653286112976080040e+04 5.438055000000000527e-01
1.654224920654300149e+04 5.043876999999999944e-01
1.655163728332519895e+04 5.199160999999999921e-01
1.656102536010749827e+04 5.529863999999999891e-01
1.657041343688969937e+04 5.761083000000000176e-01
1.657980151367190047e+04 6.216262999999999650e-01
1.658918959045410156e+04 6.464744999999999520e-01
1.659857766723640088e+04 6.082975000000000465e-01
1.660796574401859834e+04 6.170385000000000453e-01
1.661735382080079944e+04 6.256167999999999729e-01
1.662674189758300054e+04 5.774890999999999774e-01
1.663612997436529986e+04 6.116753000000000329e-01
1.664551805114750096e+04 6.225270999999999999e-01
1.665490612792969841e+04 6.154842000000000368e-01
1.666429420471189951e+04 6.774569999999999759e-01
1.667368228149419883e+04 6.417595999999999856e-01
1.668307035827639993e+04 6.110887999999999876e-01
1.669245843505860103e+04 6.370141999999999749e-01
1.670184651184079848e+04 5.933416000000000246e-01
1.671123458862310144e+04 6.369266000000000094e-01
1.672062266540529890e+04 7.180900999999999534e-01
1.673001074218750000e+04 6.559329000000000409e-01
1.673939881896979932e+04 6.072262000000000493e-01
1.674878689575200042e+04 6.558720999999999579e-01
1.675817497253420152e+04 7.059895000000000476e-01
1.676756304931639897e+04 7.080954999999999888e-01
1.677695112609869830e+04 6.496633000000000546e-01
1.678633920288089939e+04 6.487800000000000233e-01
1.679572727966310049e+04 7.038535999999999682e-01
1.680511535644530159e+04 7.002249999999999863e-01
1.681450343322760091e+04 6.536054000000000030e-01
1.682389151000979837e+04 5.647674000000000305e-01
1.683327958679199946e+04 5.380949999999999900e-01
1.684266766357420056e+04 5.831486999999999643e-01
1.685205574035649988e+04 5.512072000000000083e-01
1.686144381713870098e+04 5.063182999999999989e-01
1.687083189392089844e+04 5.668874000000000413e-01
1.688021997070320140e+04 6.054568999999999646e-01
1.688960804748539886e+04 6.389926999999999691e-01
1.689899612426759995e+04 6.537876000000000243e-01
1.690838420104980105e+04 6.218156999999999712e-01
1.691777227783210037e+04 6.126468000000000469e-01
1.692716035461430147e+04 6.032688000000000494e-01
1.693654843139649893e+04 6.042246999999999479e-01
1.694593650817870002e+04 5.397933999999999788e-01
1.695532458496099935e+04 5.279441999999999746e-01
1.696471266174320044e+04 5.201694999999999514e-01
1.697410073852540154e+04 5.265866999999999631e-01
1.698348881530759900e+04 5.408068999999999793e-01
1.699287689208989832e+04 4.494795999999999792e-01
1.700226496887209942e+04 4.452896000000000076e-01
1.701165304565430051e+04 5.398648999999999809e-01
1.702104112243650161e+04 5.855181999999999887e-01
1.703042919921880093e+04 5.515881999999999730e-01
1.703981727600099839e+04 5.141968999999999568e-01
1.704920535278319949e+04 4.949195000000000122e-01
1.705859342956549881e+04 4.805468999999999991e-01
1.706798150634769991e+04 5.108702999999999994e-01
1.707736958312990100e+04 5.127169000000000310e-01
1.708675765991209846e+04 4.991647000000000167e-01
1.709614573669440142e+04 5.125334000000000279e-01
1.710553381347659888e+04 5.291386999999999619e-01
1.711492189025879998e+04 5.223467000000000526e-01
1.712430996704100107e+04 4.943124999999999880e-01
1.713369804382330040e+04 4.849262999999999768e-01
1.714308612060550149e+04 5.474698999999999538e-01
1.715247419738769895e+04 6.090856000000000048e-01
1.716186227416999827e+04 5.438492999999999800e-01
1.717125035095219937e+04 5.006393999999999567e-01
1.718063842773440047e+04 5.480005000000000015e-01
1.719002650451660156e+04 5.011854000000000031e-01
1.719941458129890088e+04 3.845802999999999860e-01
1.720880265808109834e+04 4.113567000000000196e-01
1.721819073486329944e+04 5.503673000000000037e-01
1.722757881164550054e+04 5.764823999999999504e-01
1.723696688842779986e+04 5.094573000000000018e-01
1.724635496521000096e+04 4.643469000000000069e-01
1.725574304199219841e+04 5.088530999999999471e-01
1.726513111877439951e+04 4.954646999999999801e-01
1.727451919555669883e+04 4.007341999999999849e-01
1.728390727233889993e+04 3.989533000000000107e-01
1.729329534912110103e+04 4.435308000000000028e-01
1.730268342590340035e+04 4.714408999999999961e-01
1.731207150268560144e+04 4.412672999999999734e-01
1.732145957946779890e+04 4.105390999999999901e-01
1.733084765625000000e+04 4.459661999999999793e-01
1.734023573303229932e+04 5.462251999999999663e-01
1.734962380981450042e+04 5.440650999999999682e-01
1.735901188659670152e+04 4.355054999999999898e-01
1.736839996337889897e+04 4.193656000000000050e-01
1.737778804016119830e+04 3.556108000000000047e-01
1.738717611694339939e+04 4.364608999999999850e-01
1.739656419372560049e+04 5.297887000000000013e-01
1.740595227050780159e+04 4.232845000000000080e-01
1.741534034729010091e+04 4.397733999999999810e-01
1.742472842407229837e+04 4.838026999999999744e-01
1.743411650085449946e+04 4.671818999999999833e-01
1.744350457763679879e+04 4.995217000000000129e-01
1.745289265441899988e+04 4.857628999999999975e-01
1.746228073120120098e+04 4.075184000000000029e-01
1.747166880798339844e+04 4.312115000000000253e-01
1.748105688476570140e+04 4.995649999999999813e-01
1.749044496154789886e+04 5.874089999999999590e-01
1.749983303833009995e+04 5.323972999999999622e-01
1.750922111511230105e+04 3.682861000000000051e-01
1.751860919189460037e+04 4.109606000000000092e-01
1.752799726867680147e+04 4.487225000000000241e-01
1.753738534545899893e+04 4.319362999999999952e-01
1.754677342224120002e+04 4.551116000000000050e-01
1.755616149902349935e+04 3.780491999999999742e-01
1.756554957580570044e+04 4.394243999999999928e-01
1.757493765258790154e+04 5.197142999999999624e-01
1.758432572937009900e+04 5.019048999999999872e-01
1.759371380615239832e+04 5.166043999999999636e-01
1.760310188293459942e+04 5.095463000000000076e-01
1.761248995971680051e+04 5.740458000000000505e-01
1.762187803649909984e+04 6.847674000000000261e-01
1.763126611328130093e+04 6.653489000000000209e-01
1.764065419006349839e+04 5.537748999999999588e-01
1.765004226684569949e+04 5.990368999999999833e-01
1.765943034362799881e+04 5.695791000000000048e-01
1.766881842041019991e+04 4.747982000000000036e-01
1.767820649719240100e+04 5.111466999999999539e-01
1.768759457397459846e+04 5.859421000000000213e-01
1.769698265075690142e+04 4.784891000000000005e-01
1.770637072753909888e+04 4.011668999999999929e-01
1.771575880432129998e+04 4.658205000000000262e-01
1.772514688110350107e+04 4.697042000000000161e-01
1.773453495788580040e+04 4.433005999999999891e-01
1.774392303466800149e+04 5.018435999999999453e-01
1.775331111145019895e+04 5.698214999999999808e-01
1.776269918823249827e+04 5.064117000000000202e-01
1.777208726501469937e+04 4.444179999999999797e-01
1.778147534179690047e+04 5.541102999999999446e-01
1.779086341857910156e+04 5.140641000000000238e-01
1.780025149536140088e+04 3.776584000000000052e-01
1.780963957214359834e+04 4.523654999999999760e-01
1.781902764892579944e+04 5.238350999999999980e-01
1.782841572570800054e+04 5.165423000000000098e-01
1.783780380249029986e+04 5.154260000000000508e-01
1.784719187927250096e+04 4.147438999999999987e-01
1.785657995605469841e+04 3.819303000000000003e-01
1.786596803283689951e+04 4.604395000000000016e-01
1.787535610961919883e+04 4.915203000000000211e-01
1.788474418640139993e+04 4.326688000000000200e-01
1.789413226318360103e+04 4.294355000000000255e-01
1.790352033996590035e+04 5.470323000000000269e-01
1.791290841674810144e+04 5.716582999999999526e-01
1.792229649353029890e+04 4.315777000000000085e-01
1.793168457031250000e+04 3.928826999999999736e-01
1.794107264709479932e+04 4.548001999999999878e-01
1.795046072387700042e+04 4.599191999999999725e-01
1.795984880065920152e+04 4.890300000000000202e-01
1.796923687744139897e+04 6.160512999999999684e-01
1.797862495422369830e+04 6.987516000000000282e-01
1.798801303100589939e+04 5.627081000000000444e-01
1.799740110778810049e+04 4.367668000000000106e-01
1.800678918457030159e+04 5.543786000000000547e-01
1.801617726135260091e+04 5.873222000000000165e-01
1.802556533813479837e+04 5.769035000000000135e-01
1.803495341491699946e+04 6.179128999999999872e-01
1.804434149169929879e+04 5.361880999999999453e-01
1.805372956848149988e+04 4.657009999999999761e-01
1.806311764526370098e+04 3.520882000000000178e-01
1.807250572204589844e+04 3.348929999999999962e-01
1.808189379882820140e+04 3.815970000000000195e-01
1.809128187561039886e+04 4.311553000000000191e-01
1.810066995239259995e+04 4.179706000000000254e-01
1.811005802917480105e+04 5.273738999999999510e-01
1.811944610595710037e+04 7.516540999999999917e-01
1.812883418273930147e+04 6.498386000000000440e-01
1.813822225952149893e+04 7.273503999999999525e-01
1.814761033630370002e+04 6.388730000000000242e-01
1.815699841308599935e+04 5.086800999999999684e-01
1.816638648986820044e+04 8.421366999999999603e-01
1.817577456665040154e+04 9.389583999999999708e-01
1.818516264343270086e+04 9.674165000000000125e-01
1.819455072021489832e+04 5.079901999999999473e-01
1.820393879699709942e+04 1.417403999999999886e-01
1.821332687377930051e+04 4.359509999999999774e-01
1.822271495056159984e+04 6.272717999999999350e-02
1.823210302734380093e+04 1.741416000000000144e-02
1.824149110412599839e+04 6.049420999999999965e-02
1.825087918090819949e+04 1.646310000000000134e-02
