9.517857421875000000e+03 4.619327000000000183e+00
9.527251060485839844e+03 4.302042000000000144e+00
9.536644699096679688e+03 4.395699999999999719e+00
9.546038337707519531e+03 3.600372999999999823e+00
9.555431976318359375e+03 2.214608999999999828e+00
9.564825614929199219e+03 3.879872999999999905e+00
9.574219253540040881e+03 4.200059000000000431e+00
9.583612892150880725e+03 2.718963000000000019e+00
9.593006530761720569e+03 3.004894999999999872e+00
9.602400169372560413e+03 4.137906000000000084e+00
9.611793807983400256e+03 4.195466999999999835e+00
9.621187446594240100e+03 3.497269000000000183e+00
9.630581085205079944e+03 4.178059000000000189e+00
9.639974723815919788e+03 4.053925999999999696e+00
9.649368362426759631e+03 3.779079999999999995e+00
9.658762001037599475e+03 3.435258999999999840e+00
9.668155639648439319e+03 2.881733999999999796e+00
9.677549278259279163e+03 3.298934000000000033e+00
9.686942916870120825e+03 3.555458999999999925e+00
9.696336555480960669e+03 3.566494000000000053e+00
9.705730194091800513e+03 3.288469000000000086e+00
9.715123832702629443e+03 2.551972000000000129e+00
9.724517471313469287e+03 2.402994000000000074e+00
9.733911109924309130e+03 3.086199000000000137e+00
9.743304748535150793e+03 3.728447000000000067e+00
9.752698387145990637e+03 3.574285000000000156e+00
9.762092025756830481e+03 3.394441000000000042e+00
9.771485664367670324e+03 3.429825999999999819e+00
9.780879302978510168e+03 3.160873000000000044e+00
9.790272941589350012e+03 3.282770999999999884e+00
9.799666580200189856e+03 3.931907999999999959e+00
9.809060218811029699e+03 3.377596000000000043e+00
9.818453857421869543e+03 3.284838999999999842e+00
9.827847496032709387e+03 4.573436000000000057e+00
9.837241134643549231e+03 5.632316000000000322e+00
9.846634773254390893e+03 6.219945000000000057e+00
9.856028411865230737e+03 3.629061000000000092e+00
9.865422050476070581e+03 1.745066000000000006e+00
9.874815689086910425e+03 1.758169000000000093e+00
9.884209327697750268e+03 2.144498000000000015e+00
9.893602966308590112e+03 3.008830000000000116e+00
9.902996604919429956e+03 2.710043000000000202e+00
9.912390243530269800e+03 1.820745000000000058e+00
9.921783882141109643e+03 2.086977000000000082e+00
9.931177520751949487e+03 2.455589999999999939e+00
9.940571159362789331e+03 2.668998000000000204e+00
9.949964797973629175e+03 2.096551999999999971e+00
9.959358436584470837e+03 2.211289999999999978e+00
9.968752075195310681e+03 2.242478999999999889e+00
9.978145713806150525e+03 1.911655000000000104e+00
9.987539352416990369e+03 2.566326000000000107e+00
9.996932991027830212e+03 3.002944999999999975e+00
1.000632662963869916e+04 2.470587999999999784e+00
1.001572026824950080e+04 2.523883999999999794e+00
1.002511390686040068e+04 2.055992999999999959e+00
1.003450754547120050e+04 2.082933999999999841e+00
1.004390118408200033e+04 2.230398999999999798e+00
1.005329482269290020e+04 2.762964999999999893e+00
1.006268846130370002e+04 2.386970999999999954e+00
1.007208209991459989e+04 2.024782000000000082e+00
1.008147573852539972e+04 1.848411000000000026e+00
1.009086937713619955e+04 2.767945999999999795e+00
1.010026301574709942e+04 2.906140000000000168e+00
1.010965665435789924e+04 2.534543999999999908e+00
1.011905029296870089e+04 2.851954999999999796e+00
1.012844393157960076e+04 2.854802999999999980e+00
1.013783757019040058e+04 2.805334000000000216e+00
1.014723120880130045e+04 2.706620000000000026e+00
1.015662484741210028e+04 2.439661000000000080e+00
1.016601848602290011e+04 2.336796000000000095e+00
1.017541212463379998e+04 2.741029000000000160e+00
1.018480576324459980e+04 1.972822000000000076e+00
1.019419940185549967e+04 1.853075000000000028e+00
1.020359304046629950e+04 2.259097000000000133e+00
1.021298667907709932e+04 2.457961000000000062e+00
1.022238031768799920e+04 2.008681000000000161e+00
1.023177395629880084e+04 1.815032999999999896e+00
1.024116759490970071e+04 2.238154000000000199e+00
1.025056123352050054e+04 2.475791000000000075e+00
1.025995487213130036e+04 2.308247000000000160e+00
1.026934851074220023e+04 1.969171999999999922e+00
1.027874214935300006e+04 1.808300000000000018e+00
1.028813578796389993e+04 1.846478000000000064e+00
1.029752942657469976e+04 1.520826000000000011e+00
1.030692306518549958e+04 1.529460000000000042e+00
1.031631670379639945e+04 2.110536000000000190e+00
1.032571034240719928e+04 2.214069999999999983e+00
1.033510398101809915e+04 1.918975000000000097e+00
1.034449761962890079e+04 1.621428000000000091e+00
1.035389125823970062e+04 1.565542999999999907e+00
1.036328489685060049e+04 1.753090999999999955e+00
1.037267853546140032e+04 1.518494000000000010e+00
1.038207217407230019e+04 1.678244000000000069e+00
1.039146581268310001e+04 2.354438000000000031e+00
1.040085945129389984e+04 2.566044999999999909e+00
1.041025308990479971e+04 2.092591000000000090e+00
1.041964672851559953e+04 1.767913999999999985e+00
1.042904036712649940e+04 1.776497999999999911e+00
1.043843400573729923e+04 1.553102999999999900e+00
1.044782764434810088e+04 1.517498000000000014e+00
1.045722128295900075e+04 2.013063999999999965e+00
1.046661492156980057e+04 2.173293000000000141e+00
1.047600856018070044e+04 1.911512000000000100e+00
1.048540219879150027e+04 2.061116000000000170e+00
1.049479583740230009e+04 1.660339000000000009e+00
1.050418947601319996e+04 1.486585999999999963e+00
1.051358311462399979e+04 1.965162999999999993e+00
1.052297675323489966e+04 2.124012000000000011e+00
1.053237039184569949e+04 1.662425000000000042e+00
1.054176403045649931e+04 1.091798999999999964e+00
1.055115766906739918e+04 7.751692999999999500e-01
1.056055130767820083e+04 9.848951000000000233e-01
1.056994494628910070e+04 1.147283000000000053e+00
1.057933858489990052e+04 9.459655999999999620e-01
1.058873222351070035e+04 1.116592999999999947e+00
1.059812586212160022e+04 6.528241000000000183e-01
1.060751950073240005e+04 4.306986999999999899e-01
1.061691313934329992e+04 8.459387000000000434e-01
1.062630677795409974e+04 1.306313999999999975e+00
1.063570041656489957e+04 1.560770999999999908e+00
1.064509405517579944e+04 1.799214000000000091e+00
1.065448769378659927e+04 1.647753999999999941e+00
1.066388133239749914e+04 1.145855000000000068e+00
1.067327497100830078e+04 1.374031999999999920e+00
1.068266860961910061e+04 1.122681000000000040e+00
1.069206224823000048e+04 1.161942999999999948e+00
1.070145588684080030e+04 1.369283999999999946e+00
1.071084952545170017e+04 1.548167000000000071e+00
1.072024316406250000e+04 1.840788000000000091e+00
1.072963680267329983e+04 1.649264000000000063e+00
1.073903044128419970e+04 1.311436999999999964e+00
1.074842407989499952e+04 1.330389999999999961e+00
1.075781771850589939e+04 1.787633000000000028e+00
1.076721135711669922e+04 1.775646000000000058e+00
1.077660499572750086e+04 1.601933999999999969e+00
1.078599863433840073e+04 1.455921999999999938e+00
1.079539227294920056e+04 1.520847999999999978e+00
1.080478591156010043e+04 1.520035999999999943e+00
1.081417955017090026e+04 1.404787999999999926e+00
1.082357318878170008e+04 1.326330000000000009e+00
1.083296682739259995e+04 1.776577000000000073e+00
1.084236046600339978e+04 1.710618999999999890e+00
1.085175410461419960e+04 1.780636000000000108e+00
1.086114774322509948e+04 1.858503999999999934e+00
1.087054138183589930e+04 1.593634999999999913e+00
1.087993502044679917e+04 1.138092000000000104e+00
1.088932865905760082e+04 1.574982000000000104e+00
1.089872229766850069e+04 2.011139000000000010e+00
1.090811593627930051e+04 1.427152999999999894e+00
1.091750957489010034e+04 1.245600999999999958e+00
1.092690321350100021e+04 1.651888999999999941e+00
1.093629685211180004e+04 1.756192999999999893e+00
1.094569049072269991e+04 1.731128999999999918e+00
1.095508412933349973e+04 1.513719999999999954e+00
1.096447776794429956e+04 1.405726999999999949e+00
1.097387140655519943e+04 1.615032000000000023e+00
1.098326504516599925e+04 1.393513000000000002e+00
1.099265868377680090e+04 1.142057000000000100e+00
1.100205232238770077e+04 1.685197000000000056e+00
1.101144596099850060e+04 2.134818000000000104e+00
1.102083959960940047e+04 1.894972000000000101e+00
1.103023323822020029e+04 1.597669999999999924e+00
1.103962687683100012e+04 1.685891000000000028e+00
1.104902051544189999e+04 1.514650000000000052e+00
1.105841415405269981e+04 1.279792999999999958e+00
1.106780779266359968e+04 1.472091999999999956e+00
1.107720143127439951e+04 1.538739999999999997e+00
1.108659506988519934e+04 1.750896000000000008e+00
1.109598870849609921e+04 1.447248000000000090e+00
1.110538234710690085e+04 1.480288000000000048e+00
1.111477598571780072e+04 1.921583000000000041e+00
1.112416962432860055e+04 1.516211999999999893e+00
1.113356326293940037e+04 1.432028000000000079e+00
1.114295690155030024e+04 2.030623999999999985e+00
1.115235054016110007e+04 1.845097999999999905e+00
1.116174417877199994e+04 1.740661999999999932e+00
1.117113781738279977e+04 1.650951999999999975e+00
1.118053145599359959e+04 1.414268000000000081e+00
1.118992509460449946e+04 1.554418000000000077e+00
1.119931873321529929e+04 1.527730999999999950e+00
1.120871237182619916e+04 1.321018999999999943e+00
1.121810601043700080e+04 9.534854000000000385e-01
1.122749964904780063e+04 1.190107999999999944e+00
1.123689328765870050e+04 1.488782999999999967e+00
1.124628692626950033e+04 1.617331999999999992e+00
1.125568056488040020e+04 1.648042000000000007e+00
1.126507420349120002e+04 2.226507999999999932e+00
1.127446784210199985e+04 1.727603000000000000e+00
1.128386148071289972e+04 1.038321000000000049e+00
1.129325511932369955e+04 1.175219999999999931e+00
1.130264875793459942e+04 1.094416999999999973e+00
1.131204239654539924e+04 1.322659999999999947e+00
1.132143603515620089e+04 1.463805999999999941e+00
1.133082967376710076e+04 1.706703999999999999e+00
1.134022331237790058e+04 1.459791000000000061e+00
1.134961695098880045e+04 1.174638999999999989e+00
1.135901058959960028e+04 1.473217999999999916e+00
1.136840422821040011e+04 1.730323999999999973e+00
1.137779786682129998e+04 1.548572999999999977e+00
1.138719150543209980e+04 1.304505999999999943e+00
1.139658514404299967e+04 1.215464000000000100e+00
1.140597878265379950e+04 1.482088000000000072e+00
1.141537242126459932e+04 1.967105000000000103e+00
1.142476605987549920e+04 1.784667999999999921e+00
1.143415969848630084e+04 1.382366999999999901e+00
1.144355333709720071e+04 1.068313999999999986e+00
1.145294697570800054e+04 1.503633999999999915e+00
1.146234061431880036e+04 1.085536000000000056e+00
1.147173425292970023e+04 7.043498999999999732e-01
1.148112789154050006e+04 1.181589999999999918e+00
1.149052153015139993e+04 1.448385000000000034e+00
1.149991516876219976e+04 1.283096000000000014e+00
1.150930880737299958e+04 1.222167999999999921e+00
1.151870244598389945e+04 1.070866000000000096e+00
1.152809608459469928e+04 1.235954999999999915e+00
1.153748972320559915e+04 7.565981999999999985e-01
1.154688336181640079e+04 7.639213000000000253e-01
1.155627700042720062e+04 8.428099999999999481e-01
1.156567063903810049e+04 8.622123000000000426e-01
1.157506427764890032e+04 1.460614000000000079e+00
1.158445791625980019e+04 1.377639999999999976e+00
1.159385155487060001e+04 1.223200000000000065e+00
1.160324519348139984e+04 1.306230000000000002e+00
1.161263883209229971e+04 1.461225999999999914e+00
1.162203247070309953e+04 1.560629999999999962e+00
1.163142610931399940e+04 1.599969999999999892e+00
1.164081974792479923e+04 1.795709000000000000e+00
1.165021338653560088e+04 1.751543000000000072e+00
1.165960702514650075e+04 1.609499999999999931e+00
1.166900066375730057e+04 1.509201000000000015e+00
1.167839430236820044e+04 1.641512000000000082e+00
1.168778794097900027e+04 1.495054000000000105e+00
1.169718157958980009e+04 1.295531999999999906e+00
1.170657521820069996e+04 1.387121999999999966e+00
1.171596885681149979e+04 1.424209000000000058e+00
1.172536249542239966e+04 1.553293000000000035e+00
1.173475613403319949e+04 1.677183000000000090e+00
1.174414977264399931e+04 1.690034000000000036e+00
1.175354341125489918e+04 1.782602000000000020e+00
1.176293704986570083e+04 1.728782999999999959e+00
1.177233068847660070e+04 1.682720999999999911e+00
1.178172432708740052e+04 1.828332999999999986e+00
1.179111796569820035e+04 1.846632000000000051e+00
1.180051160430910022e+04 1.677691999999999961e+00
1.180990524291990005e+04 1.552507999999999999e+00
1.181929888153079992e+04 1.599981000000000098e+00
1.182869252014159974e+04 1.828786000000000023e+00
1.183808615875239957e+04 1.791848000000000107e+00
1.184747979736329944e+04 1.600359000000000087e+00
1.185687343597409927e+04 1.516802999999999901e+00
1.186626707458489909e+04 1.453400000000000025e+00
1.187566071319580078e+04 1.582130999999999954e+00
1.188505435180660061e+04 1.779490000000000016e+00
1.189444799041750048e+04 1.738102999999999954e+00
1.190384162902830030e+04 1.595253000000000032e+00
1.191323526763910013e+04 1.467692999999999914e+00
1.192262890625000000e+04 1.365207999999999977e+00
1.193202254486079983e+04 1.337253999999999943e+00
1.194141618347169970e+04 1.383192999999999895e+00
1.195080982208249952e+04 1.520836000000000077e+00
1.196020346069329935e+04 1.591501999999999972e+00
1.196959709930419922e+04 1.742661999999999933e+00
1.197899073791500086e+04 1.802300000000000013e+00
1.198838437652590073e+04 1.398897000000000057e+00
1.199777801513670056e+04 1.427486000000000033e+00
1.200717165374750039e+04 1.745074999999999932e+00
1.201656529235840026e+04 1.563844999999999930e+00
1.202595893096920008e+04 1.249816000000000038e+00
1.203535256958009995e+04 1.260464999999999947e+00
1.204474620819089978e+04 1.443133999999999917e+00
1.205413984680169960e+04 1.024869999999999948e+00
1.206353348541259948e+04 1.032588000000000061e+00
1.207292712402339930e+04 1.462358000000000047e+00
1.208232076263429917e+04 1.513902000000000081e+00
1.209171440124510082e+04 1.408369999999999900e+00
1.210110803985590064e+04 1.552319000000000004e+00
1.211050167846680051e+04 1.267651000000000083e+00
1.211989531707760034e+04 1.017778000000000072e+00
1.212928895568850021e+04 1.407378999999999936e+00
1.213868259429930004e+04 1.524691999999999936e+00
1.214807623291009986e+04 1.236453000000000024e+00
1.215746987152099973e+04 1.245745000000000102e+00
1.216686351013179956e+04 1.399412000000000100e+00
1.217625714874269943e+04 1.244958000000000009e+00
1.218565078735349925e+04 1.187510000000000066e+00
1.219504442596430090e+04 1.324581999999999926e+00
1.220443806457520077e+04 1.193642000000000092e+00
1.221383170318600060e+04 9.232190999999999592e-01
1.222322534179690047e+04 1.000712000000000046e+00
1.223261898040770029e+04 1.115607000000000015e+00
1.224201261901850012e+04 7.294979000000000324e-01
1.225140625762939999e+04 4.489206000000000030e-01
1.226079989624019981e+04 8.307307000000000441e-01
1.227019353485109968e+04 9.867804000000000020e-01
1.227958717346189951e+04 6.879357000000000388e-01
1.228898081207269934e+04 7.979756999999999545e-01
1.229837445068359921e+04 6.896012000000000253e-01
1.230776808929440085e+04 7.060461999999999572e-01
1.231716172790530072e+04 9.732773999999999592e-01
1.232655536651610055e+04 9.579225000000000101e-01
1.233594900512690037e+04 9.670509999999999939e-01
1.234534264373780024e+04 9.690879999999999495e-01
1.235473628234860007e+04 9.571501000000000037e-01
1.236412992095949994e+04 9.877865000000000117e-01
1.237352355957029977e+04 7.464315999999999729e-01
1.238291719818109959e+04 6.918355000000000476e-01
1.239231083679199946e+04 7.092009999999999703e-01
1.240170447540279929e+04 9.051548000000000371e-01
1.241109811401369916e+04 8.608276000000000261e-01
1.242049175262450080e+04 8.167151000000000272e-01
1.242988539123530063e+04 7.902864000000000555e-01
1.243927902984620050e+04 1.026291999999999982e+00
1.244867266845700033e+04 8.568622999999999656e-01
1.245806630706790020e+04 7.487833000000000405e-01
1.246745994567870002e+04 1.044769000000000059e+00
1.247685358428949985e+04 1.100254000000000065e+00
1.248624722290039972e+04 8.802847000000000310e-01
1.249564086151119955e+04 8.152089000000000141e-01
1.250503450012209942e+04 7.466985999999999901e-01
1.251442813873289924e+04 8.358427999999999969e-01
1.252382177734370089e+04 9.296284999999999688e-01
1.253321541595460076e+04 8.520733000000000334e-01
1.254260905456540058e+04 8.258963000000000276e-01
1.255200269317630045e+04 9.498567999999999456e-01
1.256139633178710028e+04 9.717289999999999539e-01
1.257078997039790011e+04 8.276046000000000236e-01
1.258018360900879998e+04 9.480102999999999724e-01
1.258957724761959980e+04 1.087709999999999955e+00
1.259897088623049967e+04 1.096217999999999915e+00
1.260836452484129950e+04 9.946473000000000120e-01
1.261775816345209932e+04 9.947736000000000356e-01
1.262715180206299920e+04 8.743096000000000201e-01
1.263654544067380084e+04 5.473244000000000442e-01
1.264593907928470071e+04 5.490734999999999921e-01
1.265533271789550054e+04 6.472250000000000503e-01
1.266472635650630036e+04 7.631691000000000447e-01
1.267411999511720023e+04 7.898840000000000305e-01
1.268351363372800006e+04 6.989921000000000051e-01
1.269290727233889993e+04 3.781694999999999918e-01
1.270230091094969976e+04 6.549198999999999993e-01
1.271169454956049958e+04 1.035484999999999989e+00
1.272108818817139945e+04 9.895507000000000053e-01
1.273048182678219928e+04 7.841706000000000509e-01
1.273987546539309915e+04 7.269767999999999786e-01
1.274926910400390079e+04 7.845520999999999745e-01
1.275866274261470062e+04 6.532767999999999908e-01
1.276805638122560049e+04 5.637497999999999676e-01
1.277745001983640032e+04 7.410352000000000050e-01
1.278684365844720014e+04 6.389515000000000056e-01
1.279623729705810001e+04 8.681957999999999620e-01
1.280563093566889984e+04 1.007908999999999944e+00
1.281502457427979971e+04 7.232254999999999656e-01
1.282441821289059953e+04 4.229418999999999818e-01
1.283381185150139936e+04 4.238925000000000054e-01
1.284320549011229923e+04 5.119479000000000113e-01
1.285259912872310088e+04 6.779844000000000426e-01
1.286199276733400075e+04 8.216974000000000222e-01
1.287138640594480057e+04 7.631892999999999594e-01
1.288078004455560040e+04 6.304612000000000549e-01
1.289017368316650027e+04 6.224247000000000529e-01
1.289956732177730009e+04 8.445673000000000208e-01
1.290896096038819996e+04 7.663431000000000548e-01
1.291835459899899979e+04 5.596200999999999537e-01
1.292774823760979962e+04 8.014177999999999580e-01
1.293714187622069949e+04 6.433830000000000382e-01
1.294653551483149931e+04 4.121550999999999965e-01
1.295592915344239918e+04 5.714637999999999662e-01
1.296532279205320083e+04 5.207608999999999710e-01
1.297471643066400065e+04 4.796582999999999819e-01
1.298411006927490052e+04 6.701635000000000231e-01
1.299350370788570035e+04 6.147825000000000095e-01
1.300289734649660022e+04 5.532084999999999919e-01
1.301229098510740005e+04 5.768164000000000069e-01
1.302168462371819987e+04 6.896219999999999573e-01
1.303107826232909974e+04 6.139670000000000405e-01
1.304047190093989957e+04 5.832435000000000258e-01
1.304986553955079944e+04 5.443664000000000280e-01
1.305925917816159927e+04 4.141056000000000181e-01
1.306865281677239909e+04 4.066197999999999757e-01
1.307804645538330078e+04 4.549419000000000102e-01
1.308744009399410061e+04 5.935462000000000238e-01
1.309683373260500048e+04 6.519319000000000086e-01
1.310622737121580030e+04 4.892581999999999764e-01
1.311562100982660013e+04 4.888115000000000099e-01
1.312501464843750000e+04 5.899353999999999987e-01
1.313440828704829983e+04 7.766874999999999751e-01
1.314380192565919970e+04 5.635710000000000441e-01
1.315319556426999952e+04 4.984536999999999995e-01
1.316258920288079935e+04 5.368669000000000358e-01
1.317198284149169922e+04 6.109364999999999934e-01
1.318137648010250086e+04 6.745153999999999872e-01
1.319077011871340073e+04 5.965907999999999767e-01
1.320016375732420056e+04 5.227091999999999850e-01
1.320955739593500039e+04 2.691991000000000245e-01
1.321895103454590026e+04 4.114682000000000062e-01
1.322834467315670008e+04 6.799256999999999662e-01
1.323773831176759995e+04 5.702114999999999823e-01
1.324713195037839978e+04 3.459678999999999949e-01
1.325652558898919960e+04 4.138166999999999818e-01
1.326591922760009948e+04 4.541943999999999981e-01
1.327531286621089930e+04 6.143273000000000206e-01
1.328470650482179917e+04 4.353397999999999990e-01
1.329410014343260082e+04 6.115011000000000196e-01
1.330349378204340064e+04 6.174914999999999710e-01
1.331288742065430051e+04 3.740933000000000175e-01
1.332228105926510034e+04 5.043731999999999660e-01
1.333167469787600021e+04 5.736377999999999755e-01
1.334106833648680004e+04 3.541191000000000200e-01
1.335046197509759986e+04 2.662310999999999983e-01
1.335985561370849973e+04 4.356443999999999872e-01
1.336924925231929956e+04 5.844205000000000094e-01
1.337864289093019943e+04 4.371586000000000083e-01
1.338803652954099925e+04 5.326463000000000170e-01
1.339743016815180090e+04 7.743398999999999699e-01
1.340682380676270077e+04 7.522807000000000244e-01
1.341621744537350060e+04 8.745720999999999634e-01
1.342561108398440047e+04 9.878126000000000406e-01
1.343500472259520029e+04 9.053035000000000387e-01
1.344439836120600012e+04 8.607418999999999487e-01
1.345379199981689999e+04 8.374760999999999456e-01
1.346318563842769981e+04 7.908697000000000088e-01
1.347257927703859968e+04 8.409874000000000516e-01
1.348197291564939951e+04 1.087645999999999891e+00
1.349136655426019934e+04 1.074062999999999990e+00
1.350076019287109921e+04 9.131873999999999825e-01
1.351015383148190085e+04 8.116235000000000532e-01
1.351954747009280072e+04 9.862589999999999968e-01
1.352894110870360055e+04 1.254613999999999896e+00
1.353833474731440037e+04 1.700895000000000046e+00
1.354772838592530024e+04 2.619428999999999785e+00
1.355712202453610007e+04 3.432151999999999870e+00
1.356651566314699994e+04 2.388472000000000151e+00
1.357590930175779977e+04 1.742183000000000037e+00
1.358530294036859959e+04 2.956030000000000157e+00
1.359469657897949946e+04 5.421527000000000207e+00
1.360409021759029929e+04 1.671079999999999899e+00
1.361348385620119916e+04 -5.212221000000000215e-01
1.362287749481200080e+04 3.965377999999999958e-01
1.363227113342280063e+04 2.359739999999999949e+00
1.364166477203370050e+04 1.499168000000000056e+00
1.365105841064450033e+04 5.123673000000000144e+00
1.366045204925540020e+04 2.800679999999999836e-01
1.366984568786620002e+04 -1.798799000000000092e-01
1.367923932647699985e+04 1.767603999999999953e+00
1.368863296508789972e+04 1.320279000000000036e-01
1.369802660369869955e+04 8.005957999999999686e-01
1.370742024230949937e+04 3.880859000000000059e+00
1.371681388092039924e+04 1.306213999999999986e+00
1.372620751953120089e+04 -4.088945999999999970e-01
1.373560115814210076e+04 1.268643000000000132e-01
1.374499479675290058e+04 9.766529999999999934e-01
1.375438843536370041e+04 3.377248999999999945e-01
1.376378207397460028e+04 9.334580999999999573e-01
1.377317571258540011e+04 6.679003999999999497e-01
1.378256935119629998e+04 5.516693999999999765e-02
1.379196298980709980e+04 6.460964999999999625e-01
1.380135662841789963e+04 5.174134000000000233e-01
1.381075026702879950e+04 3.789947999999999873e+00
1.382014390563959932e+04 4.298441999999999652e+00
1.382953754425049920e+04 8.743967000000000267e-01
1.383893118286130084e+04 4.119636999999999993e+00
1.384832482147210067e+04 4.044704000000000299e+00
1.385771846008300054e+04 -8.729623000000000591e-03
1.386711209869380036e+04 -4.481881999999999810e-01
1.387650573730470023e+04 1.069158999999999970e+00
1.388589937591550006e+04 1.098888000000000087e+00
1.389529301452629988e+04 8.679514999999999869e-01
1.390468665313719976e+04 9.958327999999999625e-01
1.391408029174799958e+04 9.918251000000000150e-01
1.392347393035889945e+04 1.493270000000000097e+00
1.393286756896969928e+04 2.405437000000000047e+00
1.394226120758049910e+04 1.263400000000000079e+00
1.395165484619140079e+04 2.414915999999999840e+00
1.396104848480220062e+04 4.120121000000000144e+00
1.397044212341310049e+04 1.347628999999999966e+00
1.397983576202390032e+04 5.254558000000000284e-01
1.398922940063470014e+04 4.611666999999999850e-01
1.399862303924560001e+04 1.457286000000000081e+00
1.400801667785639984e+04 3.231611000000000011e+00
1.401741031646729971e+04 1.397963000000000067e+00
1.402680395507809953e+04 7.868519000000000208e-02
1.403619759368889936e+04 3.235137000000000151e-01
1.404559123229979923e+04 2.129564999999999930e+00
1.405498487091060088e+04 2.548013000000000083e+00
1.406437850952150075e+04 1.840321000000000096e+00
1.407377214813230057e+04 9.041508000000000322e-01
1.408316578674310040e+04 1.292049999999999921e+00
1.409255942535400027e+04 1.329441000000000095e+00
1.410195306396480009e+04 1.102972000000000063e+00
1.411134670257569996e+04 1.526629999999999932e+00
1.412074034118649979e+04 7.193112000000000394e-01
1.413013397979729962e+04 5.639030999999999905e-01
1.413952761840819949e+04 7.180961000000000150e-01
1.414892125701899931e+04 5.692036999999999791e-01
1.415831489562989918e+04 2.862043000000000226e-01
1.416770853424070083e+04 1.840221999999999969e-01
1.417710217285150065e+04 3.396605999999999792e-01
1.418649581146240052e+04 7.774324000000000234e-01
1.419588945007320035e+04 3.849099000000000270e-01
1.420528308868410022e+04 3.491137999999999741e-01
1.421467672729490005e+04 5.665495000000000392e-01
1.422407036590569987e+04 7.477800999999999476e-01
1.423346400451659974e+04 8.369322000000000150e-01
1.424285764312739957e+04 8.292747000000000313e-01
1.425225128173829944e+04 6.125007999999999564e-01
1.426164492034909927e+04 3.397140000000000160e-01
1.427103855895989909e+04 4.381894000000000067e-01
1.428043219757080078e+04 5.164322999999999553e-01
1.428982583618160061e+04 5.143014999999999670e-01
1.429921947479250048e+04 3.706248999999999794e-01
1.430861311340330030e+04 4.322483999999999771e-01
1.431800675201410013e+04 6.354750000000000121e-01
1.432740039062500000e+04 4.855137999999999954e-01
1.433679402923579983e+04 6.445899999999999963e-01
1.434618766784669970e+04 4.678140000000000076e-01
1.435558130645749952e+04 4.862196999999999769e-01
1.436497494506829935e+04 3.625165000000000193e-01
1.437436858367919922e+04 -5.975131999999999666e-02
1.438376222229000086e+04 1.712345999999999868e-01
1.439315586090090073e+04 4.416335000000000122e-01
1.440254949951170056e+04 4.946566000000000018e-01
1.441194313812250039e+04 5.712070000000000203e-01
1.442133677673340026e+04 8.357512000000000274e-01
1.443073041534420008e+04 7.163665000000000171e-01
1.444012405395509995e+04 6.838235000000000285e-01
1.444951769256589978e+04 5.460139000000000520e-01
1.445891133117669960e+04 3.597737999999999770e-01
1.446830496978759948e+04 4.407615999999999756e-01
1.447769860839839930e+04 6.117799999999999905e-01
1.448709224700929917e+04 5.758634999999999726e-01
1.449648588562010082e+04 2.488304000000000071e-01
1.450587952423090064e+04 4.494377000000000094e-02
1.451527316284180051e+04 3.834361000000000019e-01
1.452466680145260034e+04 5.265923999999999605e-01
1.453406044006350021e+04 5.379692000000000363e-01
1.454345407867430004e+04 3.883703000000000016e-01
1.455284771728509986e+04 3.320020000000000193e-01
1.456224135589599973e+04 3.616441000000000239e-01
1.457163499450679956e+04 3.711136999999999908e-01
1.458102863311769943e+04 4.829239000000000170e-01
1.459042227172849925e+04 5.421243000000000034e-01
1.459981591033930090e+04 3.819770000000000110e-01
1.460920954895020077e+04 8.875378999999999907e-02
1.461860318756100060e+04 2.047166999999999910e-03
1.462799682617190047e+04 2.937273000000000245e-01
1.463739046478270029e+04 3.918081999999999954e-01
1.464678410339350012e+04 2.800363000000000158e-01
1.465617774200439999e+04 4.339003000000000165e-01
1.466557138061519981e+04 4.098205999999999793e-01
1.467496501922599964e+04 1.579560999999999882e-01
1.468435865783689951e+04 1.480413999999999897e-01
1.469375229644769934e+04 3.672410999999999870e-01
1.470314593505859921e+04 2.365591999999999973e-01
1.471253957366940085e+04 4.744571000000000205e-02
1.472193321228020068e+04 9.246052999999999911e-02
1.473132685089110055e+04 3.761140000000000039e-01
1.474072048950190037e+04 6.098831000000000113e-01
1.475011412811280024e+04 5.320460999999999663e-01
1.475950776672360007e+04 4.439331000000000249e-01
1.476890140533439990e+04 3.149484000000000172e-01
1.477829504394529977e+04 4.308749000000000051e-01
1.478768868255609959e+04 4.118558999999999970e-01
1.479708232116699946e+04 3.801120000000000054e-01
1.480647595977779929e+04 3.046846999999999750e-01
1.481586959838859912e+04 2.526909999999999989e-01
1.482526323699950080e+04 3.999616999999999756e-01
1.483465687561030063e+04 3.909939000000000053e-01
1.484405051422120050e+04 3.519889999999999963e-01
1.485344415283200033e+04 3.292614999999999847e-01
1.486283779144280015e+04 3.688750000000000084e-01
1.487223143005370002e+04 2.538527999999999896e-01
1.488162506866449985e+04 3.556474000000000024e-01
1.489101870727539972e+04 4.529023999999999828e-01
1.490041234588619955e+04 4.679087000000000107e-01
1.490980598449699937e+04 2.525145999999999780e-01
1.491919962310789924e+04 8.014216000000000395e-02
1.492859326171870089e+04 3.076877000000000084e-01
1.493798690032960076e+04 4.754595999999999822e-01
1.494738053894040058e+04 4.629036000000000262e-01
1.495677417755120041e+04 4.291820000000000079e-01
1.496616781616210028e+04 2.423814999999999997e-01
1.497556145477290011e+04 2.377664999999999917e-01
1.498495509338379998e+04 3.897882999999999765e-01
1.499434873199459980e+04 3.061404999999999821e-01
1.500374237060539963e+04 2.558552000000000048e-01
1.501313600921629950e+04 3.761244999999999727e-01
1.502252964782709932e+04 2.899468000000000045e-01
1.503192328643799920e+04 3.835379999999999900e-01
1.504131692504880084e+04 4.113578999999999986e-01
1.505071056365960067e+04 2.775375999999999954e-01
1.506010420227050054e+04 2.204540999999999862e-01
1.506949784088130036e+04 -5.079887999999999765e-02
1.507889147949220023e+04 -4.444018000000000274e-02
1.508828511810300006e+04 2.878460999999999936e-01
1.509767875671379988e+04 1.968405000000000016e-01
1.510707239532469976e+04 3.231692999999999927e-01
1.511646603393549958e+04 2.974204999999999766e-01
1.512585967254639945e+04 2.595067999999999819e-01
1.513525331115719928e+04 3.887199000000000071e-01
1.514464694976799910e+04 3.889928999999999748e-01
1.515404058837890079e+04 3.272773999999999961e-01
1.516343422698970062e+04 3.538210999999999995e-01
1.517282786560060049e+04 3.249407000000000267e-01
1.518222150421140032e+04 1.984767000000000059e-01
1.519161514282220014e+04 2.037850999999999968e-01
1.520100878143310001e+04 3.426158999999999732e-01
1.521040242004389984e+04 3.318292999999999937e-01
1.521979605865479971e+04 3.458272000000000013e-01
1.522918969726559953e+04 2.784432000000000018e-01
1.523858333587639936e+04 2.088966999999999907e-01
1.524797697448729923e+04 1.705689999999999984e-01
1.525737061309810088e+04 2.837822999999999873e-01
1.526676425170900075e+04 4.141679999999999806e-01
1.527615789031980057e+04 4.808625999999999734e-01
1.528555152893060040e+04 4.214965999999999990e-01
1.529494516754150027e+04 3.940963000000000105e-01
1.530433880615230009e+04 2.438236000000000014e-01
1.531373244476319996e+04 1.603546000000000138e-01
1.532312608337399979e+04 2.923070999999999864e-01
1.533251972198479962e+04 3.392337999999999743e-01
1.534191336059569949e+04 3.278730999999999729e-01
1.535130699920649931e+04 2.579677000000000220e-01
1.536070063781739918e+04 1.736971999999999960e-01
1.537009427642820083e+04 3.017475000000000018e-01
1.537948791503900065e+04 3.533739000000000186e-01
1.538888155364990052e+04 1.900976000000000055e-01
1.539827519226070035e+04 2.160177000000000069e-01
1.540766883087160022e+04 2.946888999999999759e-01
1.541706246948240005e+04 2.541337000000000179e-01
1.542645610809319987e+04 2.453311999999999993e-01
1.543584974670409974e+04 2.442765000000000075e-01
1.544524338531489957e+04 2.328254999999999908e-01
1.545463702392579944e+04 2.669204000000000021e-01
1.546403066253659927e+04 2.996893999999999947e-01
1.547342430114739909e+04 4.265611999999999737e-01
1.548281793975830078e+04 5.072356999999999561e-01
1.549221157836910061e+04 4.822385000000000144e-01
1.550160521697990043e+04 3.285959999999999992e-01
1.551099885559080030e+04 3.508955000000000268e-01
1.552039249420160013e+04 3.027066999999999952e-01
1.552978613281250000e+04 3.672637999999999736e-01
1.553917977142329983e+04 3.089987000000000150e-01
1.554857341003419970e+04 2.838738000000000095e-01
1.555796704864499952e+04 4.616711000000000009e-01
1.556736068725579935e+04 4.601013999999999937e-01
1.557675432586669922e+04 3.368480999999999836e-01
1.558614796447750086e+04 2.490030000000000021e-01
1.559554160308840073e+04 2.525859999999999772e-01
1.560493524169920056e+04 2.456809000000000076e-01
1.561432888031000039e+04 2.494116999999999862e-01
1.562372251892090026e+04 4.209915000000000185e-01
1.563311615753170008e+04 5.223394000000000092e-01
1.564250979614249991e+04 4.837792000000000203e-01
1.565190343475339978e+04 5.071588000000000207e-01
1.566129707336419960e+04 4.672196000000000127e-01
1.567069071197509948e+04 3.019111999999999907e-01
1.568008435058589930e+04 2.413530000000000120e-01
1.568947798919669913e+04 4.160757999999999956e-01
1.569887162780760082e+04 5.185682999999999820e-01
1.570826526641840064e+04 4.399927000000000143e-01
1.571765890502930051e+04 1.832421999999999940e-01
1.572705254364010034e+04 1.798982999999999832e-02
1.573644618225090016e+04 2.583293999999999868e-01
1.574583982086180004e+04 3.591793999999999820e-01
1.575523345947259986e+04 3.381636000000000086e-01
1.576462709808349973e+04 3.012625999999999915e-01
1.577402073669429956e+04 2.498573000000000044e-01
1.578341437530509938e+04 4.007240000000000246e-01
1.579280801391599925e+04 4.100056999999999729e-01
1.580220165252680090e+04 2.321822000000000052e-01
1.581159529113770077e+04 1.867443000000000020e-01
1.582098892974850060e+04 2.716797000000000240e-01
1.583038256835930042e+04 3.640765000000000251e-01
1.583977620697020029e+04 5.104925999999999631e-01
1.584916984558100012e+04 4.841241000000000017e-01
1.585856348419189999e+04 2.846239999999999881e-01
1.586795712280269981e+04 1.486966999999999872e-01
1.587735076141349964e+04 1.397768000000000066e-01
1.588674440002439951e+04 2.753187999999999747e-01
1.589613803863519934e+04 4.459215000000000262e-01
1.590553167724609921e+04 5.298268000000000422e-01
1.591492531585690085e+04 5.278650999999999760e-01
1.592431895446770068e+04 4.685389999999999833e-01
1.593371259307860055e+04 4.994201999999999808e-01
1.594310623168940037e+04 5.232907999999999449e-01
1.595249987030030024e+04 5.537235999999999825e-01
1.596189350891110007e+04 5.428423999999999472e-01
1.597128714752189990e+04 4.204711999999999894e-01
1.598068078613279977e+04 4.182001000000000190e-01
1.599007442474359959e+04 4.805858000000000074e-01
1.599946806335449946e+04 4.797076000000000118e-01
1.600886170196529929e+04 3.832384999999999819e-01
1.601825534057609912e+04 2.437927000000000011e-01
1.602764897918700080e+04 2.024092000000000113e-01
1.603704261779780063e+04 4.755710000000000215e-01
1.604643625640870050e+04 4.747682999999999764e-01
1.605582989501950033e+04 4.157676000000000149e-01
1.606522353363030015e+04 3.571358000000000033e-01
1.607461717224120002e+04 4.032105000000000272e-01
1.608401081085199985e+04 3.542692000000000063e-01
1.609340444946289972e+04 2.989285999999999888e-01
1.610279808807369955e+04 3.830643000000000242e-01
1.611219172668449937e+04 3.739825999999999984e-01
1.612158536529539924e+04 3.418200000000000127e-01
1.613097900390620089e+04 2.097481999999999958e-01
1.614037264251710076e+04 4.044262000000000135e-01
1.614976628112790058e+04 3.711308999999999858e-01
1.615915991973870041e+04 4.586009999999999809e-01
1.616855355834960028e+04 4.265545000000000031e-01
1.617794719696040011e+04 3.278451000000000004e-01
1.618734083557129998e+04 3.688103999999999827e-01
1.619673447418209980e+04 4.449589999999999934e-01
1.620612811279289963e+04 4.014096999999999804e-01
1.621552175140379950e+04 2.792595999999999967e-01
1.622491539001459932e+04 4.298563000000000245e-01
1.623430902862549920e+04 3.931336000000000275e-01
1.624370266723630084e+04 2.862732000000000054e-01
1.625309630584710067e+04 1.799414000000000013e-01
1.626248994445800054e+04 3.066939000000000193e-01
1.627188358306880036e+04 5.523409999999999709e-01
1.628127722167970023e+04 3.865999999999999992e-01
1.629067086029050006e+04 1.963584999999999914e-01
1.630006449890129988e+04 2.948809000000000013e-01
1.630945813751219976e+04 4.350563000000000069e-01
1.631885177612299958e+04 4.675191000000000208e-01
1.632824541473389945e+04 4.943286000000000069e-01
1.633763905334469928e+04 3.988226999999999745e-01
1.634703269195549910e+04 4.096024999999999805e-01
1.635642633056640079e+04 3.411519000000000079e-01
1.636581996917720062e+04 2.569508999999999821e-01
1.637521360778800044e+04 3.518248999999999960e-01
1.638460724639890032e+04 3.058501000000000136e-01
1.639400088500970014e+04 3.820672999999999986e-01
1.640339452362059819e+04 4.225917000000000145e-01
1.641278816223140166e+04 3.756475000000000231e-01
1.642218180084229971e+04 3.202444999999999875e-01
1.643157543945309953e+04 3.615915000000000101e-01
1.644096907806389936e+04 3.796781000000000184e-01
1.645036271667480105e+04 3.911969000000000141e-01
1.645975635528560088e+04 4.374508999999999759e-01
1.646914999389649893e+04 3.442583000000000171e-01
1.647854363250729875e+04 4.554930999999999841e-01
1.648793727111809858e+04 3.989975000000000049e-01
1.649733090972900027e+04 3.091049000000000158e-01
1.650672454833980009e+04 2.975021999999999944e-01
1.651611818695070178e+04 3.076216999999999979e-01
1.652551182556150161e+04 4.515139000000000236e-01
1.653490546417230144e+04 5.335604999999999931e-01
1.654429910278319949e+04 5.679387999999999659e-01
1.655369274139399931e+04 4.941104000000000052e-01
1.656308638000479914e+04 4.992779999999999996e-01
1.657248001861570083e+04 5.401103999999999905e-01
1.658187365722650065e+04 4.747982000000000036e-01
1.659126729583739871e+04 5.362213000000000118e-01
1.660066093444819853e+04 6.714550000000000241e-01
1.661005457305899836e+04 6.473738999999999466e-01
1.661944821166990005e+04 4.409395999999999871e-01
1.662884185028069987e+04 3.183194999999999775e-01
1.663823548889160156e+04 3.773990999999999874e-01
1.664762912750240139e+04 4.589288999999999730e-01
1.665702276611320121e+04 5.761768000000000445e-01
1.666641640472409927e+04 5.897573000000000398e-01
1.667581004333489909e+04 4.929818000000000255e-01
1.668520368194580078e+04 5.944975999999999594e-01
1.669459732055660061e+04 5.662717000000000445e-01
1.670399095916749866e+04 4.374742999999999826e-01
1.671338459777829848e+04 5.272982999999999976e-01
1.672277823638909831e+04 5.880889999999999729e-01
1.673217187500000000e+04 6.287918000000000118e-01
1.674156551361079983e+04 6.795037000000000438e-01
1.675095915222159965e+04 5.438676999999999540e-01
1.676035279083250134e+04 3.598319999999999852e-01
1.676974642944330117e+04 4.557450000000000112e-01
1.677914006805419922e+04 6.258567999999999909e-01
1.678853370666499904e+04 5.929136999999999880e-01
1.679792734527579887e+04 3.291794000000000109e-01
1.680732098388670056e+04 3.870121999999999729e-01
1.681671462249750039e+04 6.894523999999999653e-01
1.682610826110839844e+04 8.513237000000000165e-01
1.683550189971919826e+04 7.287468000000000279e-01
1.684489553833000173e+04 6.602014999999999967e-01
1.685428917694089978e+04 5.887727999999999851e-01
1.686368281555169960e+04 5.613778000000000379e-01
1.687307645416260129e+04 4.381719000000000031e-01
1.688247009277340112e+04 3.651906999999999792e-01
1.689186373138420095e+04 4.459258999999999862e-01
1.690125736999509900e+04 4.099904999999999800e-01
1.691065100860589882e+04 5.386296999999999890e-01
1.692004464721680051e+04 6.211548000000000069e-01
1.692943828582760034e+04 2.827414999999999790e-01
1.693883192443840016e+04 1.641273000000000037e-01
1.694822556304929822e+04 2.317842999999999987e-01
1.695761920166010168e+04 4.036525999999999725e-01
1.696701284027099973e+04 5.678176000000000334e-01
1.697640647888179956e+04 5.043967999999999785e-01
1.698580011749259938e+04 2.544346000000000108e-01
1.699519375610350107e+04 3.256186999999999832e-01
1.700458739471430090e+04 5.067542000000000435e-01
1.701398103332519895e+04 4.426610000000000267e-01
1.702337467193599878e+04 4.561942999999999970e-01
1.703276831054679860e+04 4.325396000000000241e-01
1.704216194915770029e+04 3.816324999999999856e-01
1.705155558776850012e+04 3.301013999999999893e-01
1.706094922637940181e+04 3.921184999999999810e-01
1.707034286499020163e+04 4.715637999999999774e-01
1.707973650360100146e+04 6.261579000000000450e-01
1.708913014221189951e+04 4.632897999999999739e-01
1.709852378082269934e+04 2.752878999999999743e-01
1.710791741943360103e+04 5.118717999999999879e-01
1.711731105804440085e+04 5.159975999999999452e-01
1.712670469665520068e+04 6.930237999999999676e-01
1.713609833526609873e+04 8.446515999999999469e-01
1.714549197387689856e+04 6.593008999999999675e-01
1.715488561248780024e+04 4.289591999999999850e-01
1.716427925109860007e+04 4.052375999999999756e-01
1.717367288970939990e+04 5.136173000000000544e-01
1.718306652832030159e+04 7.015594000000000552e-01
1.719246016693110141e+04 5.990992000000000539e-01
1.720185380554199946e+04 3.438087000000000226e-01
1.721124744415279929e+04 2.428002999999999967e-01
1.722064108276359912e+04 2.694190000000000196e-01
1.723003472137450080e+04 1.788943000000000061e-01
1.723942835998530063e+04 8.862253000000000491e-02
1.724882199859619868e+04 2.474939999999999918e-01
1.725821563720699851e+04 3.953965999999999870e-01
1.726760927581779833e+04 4.106075000000000141e-01
1.727700291442870002e+04 8.647633999999999876e-02
1.728639655303949985e+04 -1.928194999999999909e-02
1.729579019165040154e+04 3.011791999999999803e-01
1.730518383026120136e+04 4.870531000000000166e-01
1.731457746887200119e+04 3.921938999999999842e-01
1.732397110748289924e+04 3.265956999999999888e-01
1.733336474609369907e+04 3.423662000000000094e-01
1.734275838470460076e+04 5.586067000000000116e-01
1.735215202331540058e+04 7.847598000000000074e-01
1.736154566192620041e+04 8.126042999999999461e-01
1.737093930053709846e+04 7.477639000000000369e-01
1.738033293914789829e+04 5.536609999999999587e-01
1.738972657775879998e+04 4.364107999999999876e-01
1.739912021636959980e+04 4.747897999999999841e-01
1.740851385498039963e+04 4.605515000000000025e-01
1.741790749359130132e+04 4.518209999999999726e-01
1.742730113220210114e+04 5.233252999999999933e-01
1.743669477081299920e+04 6.703329000000000093e-01
1.744608840942379902e+04 6.900159000000000153e-01
1.745548204803459885e+04 4.743142000000000191e-01
1.746487568664550054e+04 2.618870999999999838e-01
1.747426932525630036e+04 3.433685000000000209e-01
1.748366296386710019e+04 5.174518000000000173e-01
1.749305660247799824e+04 7.049178000000000388e-01
1.750245024108880170e+04 6.602673999999999488e-01
1.751184387969969976e+04 3.848313999999999901e-01
1.752123751831049958e+04 1.282115000000000060e-01
1.753063115692140127e+04 2.693466999999999945e-01
1.754002479553220110e+04 3.666881000000000168e-01
1.754941843414300092e+04 3.738217999999999819e-01
1.755881207275389897e+04 3.161679000000000017e-01
1.756820571136469880e+04 3.763644999999999907e-01
1.757759934997560049e+04 3.218290999999999791e-01
1.758699298858640032e+04 6.446005999999999680e-01
1.759638662719720014e+04 6.275865000000000471e-01
1.760578026580809819e+04 4.928486000000000256e-01
1.761517390441890166e+04 5.288064000000000098e-01
1.762456754302970148e+04 5.541897000000000073e-01
1.763396118164059953e+04 4.868133000000000044e-01
1.764335482025139936e+04 4.443706000000000045e-01
1.765274845886230105e+04 4.048996999999999735e-01
1.766214209747310088e+04 3.388253999999999988e-01
1.767153573608390070e+04 2.260019000000000056e-01
1.768092937469479875e+04 2.199838000000000071e-01
1.769032301330559858e+04 8.233198999999999379e-02
1.769971665191650027e+04 2.335498000000000018e-01
1.770911029052730009e+04 5.457353999999999816e-01
1.771850392913809992e+04 6.404712999999999656e-01
1.772789756774900161e+04 4.570367000000000179e-01
1.773729120635980144e+04 2.092074999999999907e-01
1.774668484497069949e+04 1.888985999999999998e-01
1.775607848358149931e+04 3.796239000000000141e-01
1.776547212219229914e+04 4.786534000000000066e-01
1.777486576080320083e+04 5.671688000000000285e-01
1.778425939941400065e+04 7.685184999999999933e-01
1.779365303802489871e+04 7.824189999999999756e-01
1.780304667663569853e+04 8.138176999999999772e-01
1.781244031524649836e+04 6.012501999999999569e-01
1.782183395385740005e+04 5.033602999999999827e-01
1.783122759246819987e+04 5.898408000000000539e-01
1.784062123107910156e+04 4.408888999999999725e-01
1.785001486968990139e+04 2.521920999999999746e-01
1.785940850830070121e+04 3.985111000000000070e-01
1.786880214691159927e+04 4.653193999999999941e-01
1.787819578552239909e+04 5.331668000000000518e-01
1.788758942413330078e+04 6.005116000000000342e-01
1.789698306274410061e+04 5.467243999999999993e-01
1.790637670135490043e+04 5.075975999999999821e-01
1.791577033996579848e+04 4.850492000000000137e-01
1.792516397857659831e+04 3.969388999999999834e-01
1.793455761718750000e+04 5.054878999999999900e-01
1.794395125579829983e+04 7.117109999999999825e-01
1.795334489440909965e+04 3.507987000000000188e-01
1.796273853302000134e+04 -6.214498000000000244e-02
1.797213217163080117e+04 -1.690985999999999878e-01
1.798152581024169922e+04 -3.119241000000000028e-02
1.799091944885249904e+04 2.621994999999999743e-01
1.800031308746329887e+04 4.775224000000000135e-01
1.800970672607420056e+04 4.554858999999999991e-01
1.801910036468500039e+04 5.225296999999999858e-01
1.802849400329589844e+04 7.265015000000000223e-01
1.803788764190669826e+04 1.093820000000000014e+00
1.804728128051750173e+04 1.028472000000000053e+00
1.805667491912839978e+04 4.002963999999999967e-01
1.806606855773919960e+04 2.014997000000000038e-01
1.807546219635010129e+04 2.267521000000000120e-01
1.808485583496090112e+04 6.385865000000000291e-02
1.809424947357170095e+04 3.797358000000000122e-01
1.810364311218259900e+04 9.032126000000000321e-01
1.811303675079339882e+04 1.273857999999999935e+00
1.812243038940430051e+04 1.843259999999999899e+00
1.813182402801510034e+04 1.334926000000000057e+00
1.814121766662590016e+04 3.135000000000000009e-01
1.815061130523679822e+04 3.810567999999999733e-01
1.816000494384760168e+04 2.841541000000000206e-01
1.816939858245849973e+04 1.669126000000000110e+00
1.817879222106929956e+04 1.248523000000000049e+00
1.818818585968009938e+04 1.052562999999999915e+00
1.819757949829100107e+04 1.189508000000000010e+00
1.820697313690180090e+04 -6.069012000000000295e-01
1.821636677551269895e+04 -9.434890999999999694e-01
1.822576041412349878e+04 3.477500000000000036e-02
1.823515405273429860e+04 1.491402000000000005e-01
1.824454769134520029e+04 4.467992000000000075e-01
1.825394132995600012e+04 4.078722000000000181e-01
