9.514450195312500000e+03 4.485189000000000092e+00
9.523834468841549096e+03 4.144984000000000002e+00
9.533218742370609107e+03 3.797750000000000181e+00
9.542603015899660022e+03 3.608973999999999904e+00
9.551987289428709119e+03 3.859763000000000055e+00
9.561371562957760034e+03 3.811142999999999947e+00
9.570755836486820044e+03 3.646319999999999784e+00
9.580140110015869141e+03 3.836657999999999902e+00
9.589524383544920056e+03 3.853943999999999814e+00
9.598908657073969152e+03 3.764492999999999867e+00
9.608292930603029163e+03 3.615015000000000089e+00
9.617677204132080078e+03 3.379793999999999965e+00
9.627061477661129175e+03 3.381542000000000048e+00
9.636445751190189185e+03 3.409914999999999807e+00
9.645830024719240100e+03 3.306007000000000140e+00
9.655214298248289197e+03 3.157108000000000025e+00
9.664598571777340112e+03 3.277051000000000158e+00
9.673982845306400122e+03 3.315306000000000086e+00
9.683367118835449219e+03 3.305114999999999803e+00
9.692751392364500134e+03 3.158087000000000089e+00
9.702135665893549231e+03 3.000790999999999986e+00
9.711519939422609241e+03 2.803028999999999993e+00
9.720904212951660156e+03 2.776752000000000109e+00
9.730288486480709253e+03 2.737061999999999884e+00
9.739672760009760168e+03 2.498933000000000071e+00
9.749057033538820178e+03 2.560652000000000150e+00
9.758441307067869275e+03 2.513237999999999861e+00
9.767825580596920190e+03 2.366538999999999948e+00
9.777209854125969287e+03 2.440134000000000025e+00
9.786594127655029297e+03 2.491134999999999877e+00
9.795978401184080212e+03 2.555105999999999877e+00
9.805362674713129309e+03 2.694355999999999973e+00
9.814746948242189319e+03 2.642666000000000182e+00
9.824131221771240234e+03 2.822916999999999899e+00
9.833515495300289331e+03 2.978638000000000119e+00
9.842899768829340246e+03 2.801946000000000048e+00
9.852284042358400256e+03 2.669829000000000008e+00
9.861668315887449353e+03 2.787421999999999844e+00
9.871052589416500268e+03 2.870589999999999975e+00
9.880436862945549365e+03 2.762947000000000042e+00
9.889821136474609375e+03 2.656400999999999790e+00
9.899205410003660290e+03 2.710097000000000200e+00
9.908589683532709387e+03 2.814150000000000151e+00
9.917973957061769397e+03 2.948261000000000021e+00
9.927358230590820312e+03 2.966140000000000221e+00
9.936742504119869409e+03 2.842204999999999870e+00
9.946126777648920324e+03 2.907426000000000066e+00
9.955511051177980335e+03 2.683513000000000037e+00
9.964895324707029431e+03 2.605468999999999813e+00
9.974279598236080346e+03 2.801016999999999868e+00
9.983663871765140357e+03 2.871706000000000092e+00
9.993048145294189453e+03 2.797579999999999956e+00
1.000243241882320035e+04 2.703294999999999781e+00
1.001181669235230038e+04 2.732148000000000021e+00
1.002120096588130036e+04 2.638802000000000092e+00
1.003058523941040039e+04 2.543855000000000199e+00
1.003996951293950042e+04 2.654052000000000078e+00
1.004935378646850040e+04 2.676927000000000056e+00
1.005873805999760043e+04 2.763948000000000071e+00
1.006812233352660041e+04 2.809941999999999940e+00
1.007750660705570044e+04 2.785787000000000013e+00
1.008689088058470043e+04 2.765757999999999939e+00
1.009627515411380045e+04 2.746007000000000087e+00
1.010565942764280044e+04 2.616067000000000142e+00
1.011504370117190047e+04 2.498549999999999827e+00
1.012442797470090045e+04 2.431941000000000130e+00
1.013381224823000048e+04 2.510996000000000006e+00
1.014319652175900046e+04 2.562450000000000117e+00
1.015258079528810049e+04 2.601274999999999782e+00
1.016196506881710047e+04 2.562256999999999785e+00
1.017134934234620050e+04 2.574985999999999997e+00
1.018073361587520048e+04 2.616246999999999989e+00
1.019011788940430051e+04 2.594634999999999803e+00
1.019950216293330050e+04 2.627997999999999834e+00
1.020888643646240052e+04 2.523966000000000154e+00
1.021827070999150055e+04 2.502418000000000031e+00
1.022765498352050054e+04 2.443149000000000015e+00
1.023703925704960056e+04 2.388649000000000022e+00
1.024642353057860055e+04 2.498114999999999863e+00
1.025580780410770058e+04 2.380628000000000188e+00
1.026519207763670056e+04 2.087546000000000124e+00
1.027457635116580059e+04 1.980434999999999945e+00
1.028396062469480057e+04 1.860988000000000087e+00
1.029334489822390060e+04 1.687062999999999979e+00
1.030272917175290058e+04 1.697434000000000109e+00
1.031211344528200061e+04 1.807339000000000029e+00
1.032149771881100060e+04 1.775452999999999948e+00
1.033088199234010062e+04 1.713189000000000073e+00
1.034026626586910061e+04 1.850773999999999919e+00
1.034965053939820064e+04 1.880905000000000049e+00
1.035903481292720062e+04 1.846165999999999974e+00
1.036841908645630065e+04 1.946420999999999957e+00
1.037780335998530063e+04 1.980285000000000073e+00
1.038718763351440066e+04 1.999225000000000030e+00
1.039657190704350069e+04 2.033223000000000003e+00
1.040595618057250067e+04 1.932536000000000032e+00
1.041534045410160070e+04 1.881890999999999980e+00
1.042472472763060068e+04 1.922260999999999997e+00
1.043410900115970071e+04 1.996385000000000076e+00
1.044349327468870069e+04 2.097455000000000069e+00
1.045287754821780072e+04 2.017805000000000071e+00
1.046226182174680071e+04 1.869191000000000047e+00
1.047164609527590073e+04 1.858942000000000094e+00
1.048103036880490072e+04 1.773072999999999899e+00
1.049041464233400075e+04 1.672006000000000103e+00
1.049979891586300073e+04 1.751727000000000034e+00
1.050918318939210076e+04 1.606735999999999942e+00
1.051856746292110074e+04 1.468283000000000005e+00
1.052795173645020077e+04 1.437033000000000005e+00
1.053733600997920075e+04 1.474406000000000105e+00
1.054672028350830078e+04 1.399118000000000084e+00
1.055610455703730076e+04 1.216930999999999985e+00
1.056548883056640079e+04 1.079531999999999936e+00
1.057487310409550082e+04 1.150910000000000100e+00
1.058425737762450080e+04 1.310356999999999994e+00
1.059364165115360083e+04 1.347369000000000039e+00
1.060302592468260082e+04 1.278065999999999924e+00
1.061241019821170084e+04 1.283587000000000033e+00
1.062179447174070083e+04 1.392276999999999987e+00
1.063117874526980086e+04 1.416339000000000015e+00
1.064056301879880084e+04 1.451448999999999989e+00
1.064994729232790087e+04 1.612738999999999923e+00
1.065933156585690085e+04 1.748688999999999938e+00
1.066871583938600088e+04 1.857992000000000088e+00
1.067810011291500086e+04 1.867491000000000012e+00
1.068748438644410089e+04 1.868176999999999977e+00
1.069686865997310088e+04 1.950261999999999940e+00
1.070625293350220090e+04 1.994556999999999913e+00
1.071563720703120089e+04 2.092036999999999924e+00
1.072502148056029910e+04 2.112525999999999904e+00
1.073440575408939912e+04 2.095543000000000156e+00
1.074379002761839911e+04 2.079073999999999867e+00
1.075317430114749914e+04 2.106224000000000096e+00
1.076255857467649912e+04 2.176524000000000125e+00
1.077194284820559915e+04 2.173960000000000115e+00
1.078132712173459913e+04 2.209475999999999996e+00
1.079071139526369916e+04 2.201105000000000089e+00
1.080009566879269914e+04 2.216647000000000034e+00
1.080947994232179917e+04 2.317800000000000082e+00
1.081886421585079916e+04 2.252021000000000051e+00
1.082824848937989918e+04 2.092608999999999941e+00
1.083763276290889917e+04 2.025564999999999838e+00
1.084701703643799920e+04 2.001104000000000216e+00
1.085640130996699918e+04 2.003426000000000151e+00
1.086578558349609921e+04 1.940167999999999893e+00
1.087516985702509919e+04 1.864166999999999907e+00
1.088455413055419922e+04 1.849552000000000085e+00
1.089393840408319920e+04 1.869331000000000076e+00
1.090332267761229923e+04 1.808094000000000090e+00
1.091270695114139926e+04 1.712812999999999919e+00
1.092209122467039924e+04 1.729687999999999892e+00
1.093147549819949927e+04 1.754518000000000022e+00
1.094085977172849925e+04 1.698976000000000042e+00
1.095024404525759928e+04 1.734409000000000090e+00
1.095962831878659927e+04 1.836176000000000030e+00
1.096901259231569929e+04 1.897993000000000041e+00
1.097839686584469928e+04 1.830818000000000056e+00
1.098778113937379931e+04 1.809452999999999978e+00
1.099716541290279929e+04 1.859820000000000029e+00
1.100654968643189932e+04 1.895081000000000016e+00
1.101593395996089930e+04 1.882246000000000086e+00
1.102531823348999933e+04 1.909070000000000045e+00
1.103470250701899931e+04 1.961338999999999944e+00
1.104408678054809934e+04 1.940090000000000092e+00
1.105347105407709932e+04 1.820519999999999916e+00
1.106285532760619935e+04 1.792599000000000053e+00
1.107223960113519934e+04 1.960464999999999902e+00
1.108162387466429936e+04 1.967594999999999983e+00
1.109100814819339939e+04 1.984761999999999915e+00
1.110039242172239938e+04 2.009863999999999873e+00
1.110977669525149940e+04 1.975375000000000103e+00
1.111916096878049939e+04 1.938511000000000095e+00
1.112854524230959942e+04 1.860403999999999947e+00
1.113792951583859940e+04 1.788839000000000068e+00
1.114731378936769943e+04 1.831688999999999901e+00
1.115669806289669941e+04 1.908581000000000083e+00
1.116608233642579944e+04 1.906706999999999930e+00
1.117546660995479942e+04 1.814767000000000019e+00
1.118485088348389945e+04 1.720971999999999946e+00
1.119423515701289944e+04 1.788920000000000066e+00
1.120361943054199946e+04 1.970088000000000061e+00
1.121300370407099945e+04 1.900506000000000029e+00
1.122238797760009948e+04 1.837390000000000079e+00
1.123177225112909946e+04 1.788837999999999928e+00
1.124115652465819949e+04 1.690798000000000023e+00
1.125054079818729952e+04 1.792531000000000097e+00
1.125992507171629950e+04 1.794567000000000023e+00
1.126930934524539953e+04 1.846686999999999967e+00
1.127869361877439951e+04 1.848537000000000097e+00
1.128807789230349954e+04 1.771851999999999983e+00
1.129746216583249952e+04 1.597128000000000103e+00
1.130684643936159955e+04 1.534032999999999980e+00
1.131623071289059953e+04 1.568113000000000090e+00
1.132561498641969956e+04 1.551603999999999983e+00
1.133499925994869955e+04 1.565217000000000080e+00
1.134438353347779957e+04 1.470194000000000001e+00
1.135376780700679956e+04 1.409227000000000007e+00
1.136315208053589959e+04 1.482836000000000043e+00
1.137253635406489957e+04 1.485926999999999998e+00
1.138192062759399960e+04 1.492445000000000022e+00
1.139130490112299958e+04 1.561371000000000064e+00
1.140068917465209961e+04 1.591836000000000029e+00
1.141007344818109959e+04 1.535166999999999948e+00
1.141945772171019962e+04 1.423627999999999894e+00
1.142884199523929965e+04 1.333596999999999921e+00
1.143822626876829963e+04 1.407116999999999951e+00
1.144761054229739966e+04 1.556424999999999947e+00
1.145699481582639964e+04 1.409751999999999894e+00
1.146637908935549967e+04 1.264520000000000088e+00
1.147576336288449966e+04 1.476574000000000053e+00
1.148514763641359968e+04 1.517347000000000001e+00
1.149453190994259967e+04 1.341282000000000085e+00
1.150391618347169970e+04 1.294993999999999978e+00
1.151330045700069968e+04 1.359356999999999926e+00
1.152268473052979971e+04 1.484358000000000066e+00
1.153206900405879969e+04 1.593277000000000054e+00
1.154145327758789972e+04 1.596832999999999947e+00
1.155083755111689970e+04 1.529074999999999962e+00
1.156022182464599973e+04 1.490928000000000031e+00
1.156960609817499972e+04 1.549527000000000099e+00
1.157899037170409974e+04 1.549400000000000110e+00
1.158837464523309973e+04 1.612216000000000093e+00
1.159775891876219976e+04 1.745460000000000012e+00
1.160714319229129978e+04 1.672925999999999913e+00
1.161652746582029977e+04 1.621089999999999920e+00
1.162591173934939980e+04 1.669300999999999924e+00
1.163529601287839978e+04 1.670781999999999989e+00
1.164468028640749981e+04 1.650463000000000013e+00
1.165406455993649979e+04 1.658765000000000045e+00
1.166344883346559982e+04 1.701270000000000060e+00
1.167283310699459980e+04 1.729300000000000059e+00
1.168221738052369983e+04 1.668951000000000073e+00
1.169160165405269981e+04 1.645415999999999990e+00
1.170098592758179984e+04 1.657650999999999986e+00
1.171037020111079983e+04 1.591903999999999986e+00
1.171975447463989985e+04 1.585150999999999977e+00
1.172913874816889984e+04 1.682136999999999993e+00
1.173852302169799987e+04 1.704245000000000010e+00
1.174790729522699985e+04 1.647996000000000016e+00
1.175729156875609988e+04 1.693225999999999898e+00
1.176667584228509986e+04 1.717900999999999900e+00
1.177606011581419989e+04 1.722169999999999979e+00
1.178544438934329992e+04 1.707254000000000049e+00
1.179482866287229990e+04 1.677502000000000049e+00
1.180421293640139993e+04 1.657893999999999979e+00
1.181359720993039991e+04 1.664860000000000007e+00
1.182298148345949994e+04 1.635812999999999962e+00
1.183236575698849992e+04 1.568794000000000022e+00
1.184175003051759995e+04 1.574097999999999997e+00
1.185113430404659994e+04 1.565385999999999944e+00
1.186051857757569996e+04 1.596290999999999904e+00
1.186990285110469995e+04 1.616589999999999971e+00
1.187928712463379998e+04 1.536575999999999942e+00
1.188867139816279996e+04 1.493354999999999988e+00
1.189805567169189999e+04 1.478639999999999954e+00
1.190743994522089997e+04 1.403567999999999927e+00
1.191682421875000000e+04 1.525436999999999932e+00
1.192620849227899998e+04 1.577029999999999932e+00
1.193559276580810001e+04 1.530982999999999983e+00
1.194497703933710000e+04 1.482893999999999934e+00
1.195436131286620002e+04 1.458466999999999958e+00
1.196374558639530005e+04 1.480263000000000106e+00
1.197312985992430004e+04 1.461786000000000030e+00
1.198251413345340006e+04 1.419715999999999978e+00
1.199189840698240005e+04 1.440736999999999934e+00
1.200128268051150008e+04 1.404612999999999889e+00
1.201066695404050006e+04 1.328062999999999994e+00
1.202005122756960009e+04 1.287339999999999929e+00
1.202943550109860007e+04 1.274156999999999984e+00
1.203881977462770010e+04 1.317973000000000061e+00
1.204820404815670008e+04 1.354800000000000004e+00
1.205758832168580011e+04 1.362722999999999907e+00
1.206697259521480009e+04 1.296572000000000058e+00
1.207635686874390012e+04 1.253403999999999963e+00
1.208574114227290011e+04 1.217980000000000063e+00
1.209512541580200013e+04 1.234134000000000064e+00
1.210450968933100012e+04 1.206380999999999926e+00
1.211389396286010015e+04 1.255471000000000004e+00
1.212327823638910013e+04 1.390533000000000019e+00
1.213266250991820016e+04 1.353901999999999939e+00
1.214204678344730019e+04 1.249843999999999955e+00
1.215143105697630017e+04 1.177977999999999970e+00
1.216081533050540020e+04 1.165118000000000098e+00
1.217019960403440018e+04 1.174555000000000016e+00
1.217958387756350021e+04 1.260510999999999937e+00
1.218896815109250019e+04 1.221521999999999997e+00
1.219835242462160022e+04 1.199637000000000064e+00
1.220773669815060020e+04 1.139359999999999928e+00
1.221712097167970023e+04 1.098716000000000026e+00
1.222650524520870022e+04 1.049318999999999891e+00
1.223588951873780024e+04 1.071928999999999910e+00
1.224527379226680023e+04 1.075903999999999971e+00
1.225465806579590026e+04 1.062851999999999908e+00
1.226404233932490024e+04 1.086692999999999909e+00
1.227342661285400027e+04 1.164128000000000052e+00
1.228281088638300025e+04 1.156647999999999898e+00
1.229219515991210028e+04 1.084443000000000046e+00
1.230157943344120031e+04 1.091974999999999918e+00
1.231096370697020029e+04 1.150028999999999968e+00
1.232034798049930032e+04 1.132714999999999916e+00
1.232973225402830030e+04 1.091774999999999940e+00
1.233911652755740033e+04 1.073307999999999929e+00
1.234850080108640032e+04 1.091026999999999969e+00
1.235788507461550034e+04 1.058796999999999988e+00
1.236726934814450033e+04 9.944792000000000076e-01
1.237665362167360036e+04 9.868540000000000090e-01
1.238603789520260034e+04 1.031268000000000074e+00
1.239542216873170037e+04 1.074397000000000046e+00
1.240480644226070035e+04 1.078510000000000080e+00
1.241419071578980038e+04 1.036497999999999919e+00
1.242357498931880036e+04 1.049298000000000064e+00
1.243295926284790039e+04 1.085644000000000053e+00
1.244234353637690037e+04 1.064426000000000094e+00
1.245172780990600040e+04 1.034939000000000053e+00
1.246111208343500039e+04 1.033524000000000109e+00
1.247049635696410041e+04 1.015878999999999976e+00
1.247988063049320044e+04 1.030087999999999893e+00
1.248926490402220043e+04 1.080770999999999926e+00
1.249864917755130045e+04 1.077593999999999941e+00
1.250803345108030044e+04 1.060824999999999907e+00
1.251741772460940047e+04 1.056160999999999905e+00
1.252680199813840045e+04 1.030990000000000073e+00
1.253618627166750048e+04 1.043434999999999890e+00
1.254557054519650046e+04 1.063344999999999985e+00
1.255495481872560049e+04 1.040680999999999967e+00
1.256433909225460047e+04 9.685565000000000424e-01
1.257372336578370050e+04 8.681065999999999505e-01
1.258310763931270048e+04 8.605648999999999660e-01
1.259249191284180051e+04 9.494249999999999634e-01
1.260187618637080050e+04 1.014232000000000022e+00
1.261126045989990052e+04 1.035865000000000036e+00
1.262064473342890051e+04 1.029906999999999906e+00
1.263002900695800054e+04 9.952320000000000055e-01
1.263941328048700052e+04 9.505261000000000404e-01
1.264879755401610055e+04 9.371692999999999829e-01
1.265818182754520058e+04 8.914073999999999609e-01
1.266756610107420056e+04 9.003533999999999704e-01
1.267695037460330059e+04 9.362905000000000255e-01
1.268633464813230057e+04 8.842497999999999747e-01
1.269571892166140060e+04 8.806863000000000330e-01
1.270510319519040058e+04 9.518640999999999908e-01
1.271448746871950061e+04 9.499030000000000529e-01
1.272387174224850060e+04 9.418020000000000280e-01
1.273325601577760062e+04 9.169775999999999483e-01
1.274264028930660061e+04 8.454532999999999632e-01
1.275202456283570064e+04 7.591286999999999896e-01
1.276140883636470062e+04 7.488407000000000258e-01
1.277079310989380065e+04 7.781993999999999856e-01
1.278017738342280063e+04 7.961127999999999538e-01
1.278956165695190066e+04 8.095512000000000263e-01
1.279894593048090064e+04 8.123025000000000384e-01
1.280833020401000067e+04 8.179581999999999686e-01
1.281771447753900065e+04 8.321855999999999698e-01
1.282709875106810068e+04 8.385639000000000287e-01
1.283648302459720071e+04 8.630050000000000221e-01
1.284586729812620069e+04 8.663535999999999460e-01
1.285525157165530072e+04 8.593560000000000088e-01
1.286463584518430071e+04 8.761605999999999561e-01
1.287402011871340073e+04 8.475411999999999946e-01
1.288340439224240072e+04 8.046084999999999487e-01
1.289278866577150075e+04 8.163647000000000542e-01
1.290217293930050073e+04 8.295772999999999620e-01
1.291155721282960076e+04 8.250207999999999986e-01
1.292094148635860074e+04 8.013645000000000351e-01
1.293032575988770077e+04 7.897714000000000123e-01
1.293971003341670075e+04 7.999308000000000529e-01
1.294909430694580078e+04 8.194215000000000249e-01
1.295847858047480076e+04 8.280250000000000110e-01
1.296786285400390079e+04 8.181393000000000137e-01
1.297724712753290078e+04 8.132852000000000414e-01
1.298663140106200080e+04 8.211357999999999713e-01
1.299601567459110083e+04 8.235966999999999594e-01
1.300539994812010082e+04 7.940289999999999848e-01
1.301478422164920084e+04 7.580316000000000276e-01
1.302416849517820083e+04 7.815841000000000038e-01
1.303355276870730086e+04 7.998777999999999722e-01
1.304293704223630084e+04 7.985178000000000553e-01
1.305232131576540087e+04 8.011373999999999995e-01
1.306170558929440085e+04 7.969891000000000059e-01
1.307108986282350088e+04 7.711559999999999526e-01
1.308047413635250086e+04 7.397981999999999614e-01
1.308985840988160089e+04 7.349782000000000259e-01
1.309924268341060088e+04 7.382187000000000054e-01
1.310862695693970090e+04 7.540556000000000481e-01
1.311801123046870089e+04 7.570092999999999961e-01
1.312739550399779910e+04 7.479124999999999801e-01
1.313677977752680090e+04 7.271438999999999542e-01
1.314616405105589911e+04 7.047506999999999522e-01
1.315554832458489909e+04 7.050638000000000183e-01
1.316493259811399912e+04 7.198463999999999974e-01
1.317431687164309915e+04 7.320872999999999964e-01
1.318370114517209913e+04 7.268103000000000202e-01
1.319308541870119916e+04 7.164323999999999693e-01
1.320246969223019914e+04 7.135932000000000386e-01
1.321185396575929917e+04 7.338493999999999851e-01
1.322123823928829916e+04 7.346432000000000517e-01
1.323062251281739918e+04 7.191121999999999792e-01
1.324000678634639917e+04 7.134618000000000348e-01
1.324939105987549920e+04 6.923329999999999762e-01
1.325877533340449918e+04 6.985291999999999613e-01
1.326815960693359921e+04 7.272087000000000412e-01
1.327754388046259919e+04 7.009134999999999671e-01
1.328692815399169922e+04 6.961517000000000399e-01
1.329631242752069920e+04 7.008841000000000099e-01
1.330569670104979923e+04 7.091393000000000280e-01
1.331508097457879921e+04 7.197759999999999714e-01
1.332446524810789924e+04 7.127888000000000002e-01
1.333384952163689923e+04 7.170516000000000112e-01
1.334323379516599925e+04 7.404576999999999964e-01
1.335261806869509928e+04 7.212716000000000127e-01
1.336200234222409927e+04 6.932949999999999946e-01
1.337138661575319929e+04 6.925546999999999676e-01
1.338077088928219928e+04 6.980844000000000493e-01
1.339015516281129931e+04 7.208274999999999544e-01
1.339953943634029929e+04 7.063859999999999584e-01
1.340892370986939932e+04 7.312874999999999792e-01
1.341830798339839930e+04 7.830460999999999672e-01
1.342769225692749933e+04 7.362952999999999859e-01
1.343707653045649931e+04 7.211429000000000311e-01
1.344646080398559934e+04 7.529970000000000274e-01
1.345584507751459932e+04 7.687068000000000234e-01
1.346522935104369935e+04 7.541976999999999709e-01
1.347461362457269934e+04 7.593174999999999786e-01
1.348399789810179936e+04 7.597669999999999702e-01
1.349338217163079935e+04 8.284023000000000359e-01
1.350276644515989938e+04 8.182757999999999976e-01
1.351215071868889936e+04 6.779526000000000163e-01
1.352153499221799939e+04 6.816096000000000377e-01
1.353091926574709942e+04 8.105004999999999571e-01
1.354030353927609940e+04 1.110360000000000014e+00
1.354968781280519943e+04 1.190372999999999903e+00
1.355907208633419941e+04 9.962204999999999533e-01
1.356845635986329944e+04 1.099834999999999896e+00
1.357784063339229942e+04 1.545457000000000081e+00
1.358722490692139945e+04 1.562648999999999955e+00
1.359660918045039944e+04 7.631269999999999998e-01
1.360599345397949946e+04 -1.047312000000000021e+00
1.361537772750849945e+04 -7.206656000000000173e-01
1.362476200103759948e+04 -1.837306000000000106e+00
1.363414627456659946e+04 -2.451464000000000087e+00
1.364353054809569949e+04 -2.359160000000000146e+00
1.365291482162469947e+04 -2.821495999999999782e+00
1.366229909515379950e+04 -1.772262000000000004e+00
1.367168336868279948e+04 2.173769000000000062e+00
1.368106764221189951e+04 3.988159000000000010e+00
1.369045191574099954e+04 4.871036000000000254e-01
1.369983618926999952e+04 1.484261999999999970e+00
1.370922046279909955e+04 3.116908000000000012e+00
1.371860473632809953e+04 1.074934000000000056e+00
1.372798900985719956e+04 1.699643000000000015e+00
1.373737328338619955e+04 1.312162999999999968e+00
1.374675755691529957e+04 5.258138999999999452e-01
1.375614183044429956e+04 3.600494000000000194e-01
1.376552610397339959e+04 7.863883000000000401e-01
1.377491037750239957e+04 9.552241000000000204e-01
1.378429465103149960e+04 5.086376999999999704e-01
1.379367892456049958e+04 -3.723440000000000083e-02
1.380306319808959961e+04 4.971046000000000076e-01
1.381244747161859959e+04 2.489351000000000091e+00
1.382183174514769962e+04 2.521548999999999818e+00
1.383121601867669960e+04 1.952619000000000105e+00
1.384060029220579963e+04 2.603725999999999985e+00
1.384998456573479962e+04 6.568384000000000444e-01
1.385936883926389964e+04 -1.833742999999999901e-01
1.386875311279289963e+04 1.034272999999999998e+00
1.387813738632199966e+04 1.226345999999999936e+00
1.388752165985109968e+04 9.189007000000000147e-01
1.389690593338009967e+04 5.578975999999999935e-01
1.390629020690919970e+04 5.614980000000000526e-01
1.391567448043819968e+04 7.375631000000000270e-01
1.392505875396729971e+04 1.055263999999999980e+00
1.393444302749629969e+04 1.360470000000000068e+00
1.394382730102539972e+04 1.511727000000000043e+00
1.395321157455439970e+04 1.266788000000000025e+00
1.396259584808349973e+04 5.819872999999999852e-01
1.397198012161249972e+04 5.000303999999999860e-01
1.398136439514159974e+04 5.476440999999999670e-01
1.399074866867059973e+04 4.507940999999999754e-01
1.400013294219969976e+04 6.620852000000000404e-01
1.400951721572869974e+04 1.381466000000000083e+00
1.401890148925779977e+04 8.524199999999999555e-01
1.402828576278689980e+04 6.170202000000000186e-01
1.403767003631589978e+04 5.007842000000000127e-01
1.404705430984499981e+04 3.901038000000000006e-01
1.405643858337399979e+04 5.201770000000000005e-01
1.406582285690309982e+04 5.945304000000000144e-01
1.407520713043209980e+04 6.319652999999999521e-01
1.408459140396119983e+04 5.281177000000000232e-01
1.409397567749019981e+04 3.192349999999999910e-01
1.410335995101929984e+04 4.197773000000000199e-01
1.411274422454829983e+04 5.502620999999999762e-01
1.412212849807739985e+04 5.226475000000000426e-01
1.413151277160639984e+04 4.847408000000000272e-01
1.414089704513549987e+04 5.320688000000000084e-01
1.415028131866449985e+04 6.151250000000000329e-01
1.415966559219359988e+04 6.741629999999999567e-01
1.416904986572259986e+04 5.629613999999999452e-01
1.417843413925169989e+04 4.269495999999999847e-01
1.418781841278069987e+04 4.488654000000000255e-01
1.419720268630979990e+04 5.536505000000000454e-01
1.420658695983879988e+04 6.887486000000000441e-01
1.421597123336789991e+04 6.119428999999999563e-01
1.422535550689699994e+04 5.173185000000000144e-01
1.423473978042599992e+04 5.097443000000000390e-01
1.424412405395509995e+04 5.254197999999999924e-01
1.425350832748409994e+04 4.970997999999999806e-01
1.426289260101319996e+04 4.928173000000000137e-01
1.427227687454219995e+04 5.043054000000000148e-01
1.428166114807129998e+04 4.959542000000000117e-01
1.429104542160029996e+04 5.164417000000000035e-01
1.430042969512939999e+04 6.089476999999999807e-01
1.430981396865839997e+04 6.057088000000000472e-01
1.431919824218750000e+04 6.000967999999999858e-01
1.432858251571649998e+04 6.032309999999999617e-01
1.433796678924560001e+04 5.800916999999999879e-01
1.434735106277460000e+04 5.925245000000000095e-01
1.435673533630370002e+04 5.953587000000000184e-01
1.436611960983270001e+04 6.204207999999999945e-01
1.437550388336180004e+04 6.478247999999999784e-01
1.438488815689090006e+04 5.945382000000000167e-01
1.439427243041990005e+04 5.283898000000000206e-01
1.440365670394900008e+04 4.735397000000000078e-01
1.441304097747800006e+04 5.200291000000000219e-01
1.442242525100710009e+04 5.237722000000000211e-01
1.443180952453610007e+04 4.574964999999999726e-01
1.444119379806520010e+04 4.348243999999999998e-01
1.445057807159420008e+04 5.076644000000000156e-01
1.445996234512330011e+04 5.437440000000000051e-01
1.446934661865230009e+04 5.795071000000000527e-01
1.447873089218140012e+04 5.708919000000000077e-01
1.448811516571040011e+04 5.376745000000000552e-01
1.449749943923950013e+04 5.047964000000000340e-01
1.450688371276850012e+04 4.764593999999999774e-01
1.451626798629760015e+04 4.876205000000000123e-01
1.452565225982660013e+04 4.987963999999999731e-01
1.453503653335570016e+04 5.533082000000000278e-01
1.454442080688470014e+04 5.729828000000000143e-01
1.455380508041380017e+04 5.462158000000000291e-01
1.456318935394290020e+04 5.192126000000000241e-01
1.457257362747190018e+04 5.072248000000000312e-01
1.458195790100100021e+04 5.317684000000000299e-01
1.459134217453000019e+04 5.141626000000000252e-01
1.460072644805910022e+04 5.000128000000000350e-01
1.461011072158810020e+04 5.425438999999999679e-01
1.461949499511720023e+04 5.620233999999999508e-01
1.462887926864620022e+04 5.395465000000000400e-01
1.463826354217530024e+04 5.509950999999999599e-01
1.464764781570430023e+04 6.032248000000000054e-01
1.465703208923340026e+04 6.072123999999999855e-01
1.466641636276240024e+04 5.582481999999999722e-01
1.467580063629150027e+04 5.139183000000000501e-01
1.468518490982050025e+04 5.238836000000000048e-01
1.469456918334960028e+04 5.693557999999999675e-01
1.470395345687860026e+04 6.417456999999999745e-01
1.471333773040770029e+04 6.120775999999999994e-01
1.472272200393670028e+04 5.296465000000000201e-01
1.473210627746580030e+04 4.617837000000000192e-01
1.474149055099490033e+04 4.567601000000000022e-01
1.475087482452390032e+04 4.730070000000000108e-01
1.476025909805300034e+04 4.676392999999999800e-01
1.476964337158200033e+04 4.739967999999999959e-01
1.477902764511110036e+04 4.791406000000000276e-01
1.478841191864010034e+04 4.629109000000000140e-01
1.479779619216920037e+04 4.521686999999999790e-01
1.480718046569820035e+04 4.657471000000000250e-01
1.481656473922730038e+04 4.785680999999999963e-01
1.482594901275630036e+04 4.834409000000000067e-01
1.483533328628540039e+04 4.871991999999999989e-01
1.484471755981440037e+04 4.770023999999999931e-01
1.485410183334350040e+04 4.884161000000000197e-01
1.486348610687250039e+04 4.949968000000000146e-01
1.487287038040160041e+04 4.738339999999999774e-01
1.488225465393060040e+04 4.470703999999999789e-01
1.489163892745970043e+04 4.508148000000000155e-01
1.490102320098880045e+04 4.834217000000000097e-01
1.491040747451780044e+04 4.891930999999999918e-01
1.491979174804690047e+04 4.734533000000000214e-01
1.492917602157590045e+04 4.563161000000000023e-01
1.493856029510500048e+04 4.887951999999999853e-01
1.494794456863400046e+04 5.102320000000000189e-01
1.495732884216310049e+04 4.979327000000000059e-01
1.496671311569210047e+04 4.907755999999999785e-01
1.497609738922120050e+04 4.926789999999999781e-01
1.498548166275020048e+04 4.972113000000000227e-01
1.499486593627930051e+04 4.878964000000000079e-01
1.500425020980830050e+04 4.462651000000000256e-01
1.501363448333740052e+04 4.039226000000000205e-01
1.502301875686640051e+04 4.089152999999999816e-01
1.503240303039550054e+04 4.496574999999999878e-01
1.504178730392450052e+04 4.615178999999999809e-01
1.505117157745360055e+04 4.146129000000000064e-01
1.506055585098260053e+04 4.067158000000000162e-01
1.506994012451170056e+04 4.431965999999999961e-01
1.507932439804080059e+04 4.517593999999999776e-01
1.508870867156980057e+04 4.288388000000000200e-01
1.509809294509890060e+04 4.035316999999999932e-01
1.510747721862790058e+04 4.162931999999999744e-01
1.511686149215700061e+04 4.476481999999999961e-01
1.512624576568600060e+04 4.215971000000000024e-01
1.513563003921510062e+04 4.138066000000000244e-01
1.514501431274410061e+04 4.215732999999999842e-01
1.515439858627320064e+04 4.122978999999999949e-01
1.516378285980220062e+04 4.244387000000000021e-01
1.517316713333130065e+04 4.336442999999999826e-01
1.518255140686030063e+04 4.306202000000000085e-01
1.519193568038940066e+04 4.343582999999999750e-01
1.520131995391840064e+04 4.371900000000000230e-01
1.521070422744750067e+04 4.315775000000000028e-01
1.522008850097650065e+04 4.154869999999999952e-01
1.522947277450560068e+04 3.824505999999999739e-01
1.523885704803460067e+04 3.702162999999999982e-01
1.524824132156370069e+04 3.960724999999999940e-01
1.525762559509280072e+04 3.825686999999999838e-01
1.526700986862180071e+04 3.633309000000000122e-01
1.527639414215090073e+04 3.874555000000000082e-01
1.528577841567990072e+04 3.774256000000000277e-01
1.529516268920900075e+04 3.526336999999999944e-01
1.530454696273800073e+04 3.922188999999999814e-01
1.531393123626710076e+04 4.116444000000000214e-01
1.532331550979610074e+04 3.877908999999999939e-01
1.533269978332520077e+04 3.901820999999999762e-01
1.534208405685420075e+04 4.106733000000000189e-01
1.535146833038330078e+04 4.160104000000000024e-01
1.536085260391230076e+04 4.035586999999999924e-01
1.537023687744140079e+04 3.754596000000000044e-01
1.537962115097040078e+04 3.972816000000000125e-01
1.538900542449950080e+04 4.196558000000000233e-01
1.539838969802850079e+04 4.260178000000000020e-01
1.540777397155760082e+04 4.220905999999999825e-01
1.541715824508660080e+04 3.823131000000000168e-01
1.542654251861570083e+04 3.658971999999999780e-01
1.543592679214480086e+04 3.782542999999999878e-01
1.544531106567380084e+04 4.143054999999999932e-01
1.545469533920290087e+04 4.072400999999999938e-01
1.546407961273190085e+04 3.667827000000000170e-01
1.547346388626100088e+04 3.731526000000000010e-01
1.548284815979000086e+04 3.974184000000000050e-01
1.549223243331910089e+04 4.098898999999999737e-01
1.550161670684810088e+04 4.095026999999999973e-01
1.551100098037720090e+04 3.863129000000000146e-01
1.552038525390620089e+04 3.540495000000000170e-01
1.552976952743529910e+04 3.418672999999999851e-01
1.553915380096430090e+04 3.475870999999999822e-01
1.554853807449339911e+04 3.434736999999999929e-01
1.555792234802239909e+04 3.831277000000000155e-01
1.556730662155149912e+04 3.913948999999999900e-01
1.557669089508049910e+04 3.500224000000000113e-01
1.558607516860959913e+04 3.440008999999999983e-01
1.559545944213869916e+04 3.741772999999999905e-01
1.560484371566769914e+04 3.971280999999999839e-01
1.561422798919679917e+04 3.982381999999999866e-01
1.562361226272579916e+04 3.949536000000000158e-01
1.563299653625489918e+04 3.764397999999999911e-01
1.564238080978389917e+04 3.660767999999999800e-01
1.565176508331299920e+04 3.938726000000000171e-01
1.566114935684199918e+04 4.063555999999999835e-01
1.567053363037109921e+04 3.634582000000000090e-01
1.567991790390009919e+04 3.292437999999999754e-01
1.568930217742919922e+04 3.348209999999999797e-01
1.569868645095819920e+04 3.600958000000000214e-01
1.570807072448729923e+04 3.632586999999999899e-01
1.571745499801629921e+04 3.695185000000000275e-01
1.572683927154539924e+04 3.638738999999999724e-01
1.573622354507439923e+04 3.410254999999999814e-01
1.574560781860349925e+04 3.504701000000000066e-01
1.575499209213249924e+04 3.645688000000000262e-01
1.576437636566159927e+04 3.473208999999999880e-01
1.577376063919069929e+04 3.455275999999999903e-01
1.578314491271969928e+04 3.585795999999999983e-01
1.579252918624879931e+04 3.454185000000000172e-01
1.580191345977779929e+04 2.911798999999999915e-01
1.581129773330689932e+04 2.854560999999999904e-01
1.582068200683589930e+04 3.145177000000000112e-01
1.583006628036499933e+04 3.003951000000000260e-01
1.583945055389399931e+04 3.133630000000000027e-01
1.584883482742309934e+04 3.559519999999999906e-01
1.585821910095209932e+04 3.580300000000000149e-01
1.586760337448119935e+04 3.368702000000000085e-01
1.587698764801019934e+04 3.511776999999999815e-01
1.588637192153929936e+04 3.449571000000000165e-01
1.589575619506829935e+04 3.343482999999999872e-01
1.590514046859739938e+04 3.256476999999999844e-01
1.591452474212639936e+04 3.353258000000000072e-01
1.592390901565549939e+04 3.490949999999999886e-01
1.593329328918449937e+04 3.432040000000000091e-01
1.594267756271359940e+04 3.377497999999999889e-01
1.595206183624269943e+04 3.364133999999999736e-01
1.596144610977169941e+04 3.194068999999999936e-01
1.597083038330079944e+04 2.874738000000000016e-01
1.598021465682979942e+04 2.856581000000000259e-01
1.598959893035889945e+04 3.004094999999999960e-01
1.599898320388789944e+04 3.314813999999999816e-01
1.600836747741699946e+04 3.471414999999999917e-01
1.601775175094599945e+04 3.298410999999999982e-01
1.602713602447509948e+04 3.346919999999999895e-01
1.603652029800409946e+04 3.484177999999999997e-01
1.604590457153319949e+04 3.369751999999999748e-01
1.605528884506219947e+04 3.081265999999999727e-01
1.606467311859129950e+04 2.950650000000000217e-01
1.607405739212029948e+04 2.929159000000000068e-01
1.608344166564939951e+04 2.867816999999999727e-01
1.609282593917839949e+04 2.823820000000000219e-01
1.610221021270749952e+04 3.214909000000000239e-01
1.611159448623649951e+04 3.424426999999999888e-01
1.612097875976559953e+04 3.287150999999999823e-01
1.613036303329469956e+04 3.034903999999999935e-01
1.613974730682369955e+04 2.738939000000000235e-01
1.614913158035279957e+04 2.886820999999999970e-01
1.615851585388179956e+04 3.119399999999999951e-01
1.616790012741089959e+04 3.280927000000000149e-01
1.617728440093989957e+04 3.140422999999999965e-01
1.618666867446899960e+04 2.951341000000000103e-01
1.619605294799799958e+04 2.671709999999999918e-01
1.620543722152709961e+04 2.477195000000000091e-01
1.621482149505609959e+04 2.917722999999999844e-01
1.622420576858519962e+04 3.094984000000000068e-01
1.623359004211419960e+04 2.998342999999999980e-01
1.624297431564329963e+04 3.154829000000000105e-01
1.625235858917229962e+04 3.321766999999999914e-01
1.626174286270139964e+04 3.018487000000000253e-01
1.627112713623039963e+04 2.605270000000000086e-01
1.628051140975949966e+04 2.839281000000000166e-01
1.628989568328859968e+04 3.107584999999999931e-01
1.629927995681759967e+04 3.106601999999999975e-01
1.630866423034669970e+04 2.987462000000000173e-01
1.631804850387569968e+04 2.797278000000000264e-01
1.632743277740479971e+04 2.896994999999999987e-01
1.633681705093379969e+04 3.099106999999999834e-01
1.634620132446289972e+04 3.057691000000000159e-01
1.635558559799189970e+04 2.950799000000000061e-01
1.636496987152099973e+04 2.967744999999999966e-01
1.637435414504999972e+04 3.160555999999999921e-01
1.638373841857909974e+04 3.518656000000000006e-01
1.639312269210809973e+04 3.490755999999999859e-01
1.640250696563719976e+04 3.229217999999999811e-01
1.641189123916620156e+04 3.614255000000000106e-01
1.642127551269530159e+04 3.693276999999999810e-01
1.643065978622429975e+04 3.308032000000000195e-01
1.644004405975339978e+04 3.062819999999999987e-01
1.644942833328240158e+04 3.416935999999999862e-01
1.645881260681150161e+04 3.669824999999999893e-01
1.646819688034049977e+04 3.836226999999999832e-01
1.647758115386959980e+04 4.168606000000000256e-01
1.648696542739869983e+04 3.975532999999999983e-01
1.649634970092770163e+04 3.829926000000000164e-01
1.650573397445680166e+04 4.116005999999999831e-01
1.651511824798579983e+04 4.224924999999999931e-01
1.652450252151489985e+04 4.264899999999999802e-01
1.653388679504390166e+04 4.371648000000000200e-01
1.654327106857300168e+04 4.554052000000000100e-01
1.655265534210199985e+04 4.313895999999999842e-01
1.656203961563109988e+04 4.200323000000000251e-01
1.657142388916010168e+04 4.525481000000000087e-01
1.658080816268920171e+04 4.514095000000000191e-01
1.659019243621819987e+04 4.581011999999999862e-01
1.659957670974729990e+04 4.671482000000000134e-01
1.660896098327630170e+04 4.452806999999999737e-01
1.661834525680540173e+04 4.693340999999999763e-01
1.662772953033450176e+04 4.823786999999999936e-01
1.663711380386349992e+04 4.668989000000000056e-01
1.664649807739259995e+04 4.612262999999999780e-01
1.665588235092160176e+04 4.994408000000000181e-01
1.666526662445070178e+04 4.949459999999999971e-01
1.667465089797969995e+04 4.886383999999999728e-01
1.668403517150879998e+04 4.679071000000000202e-01
1.669341944503780178e+04 4.428937000000000013e-01
1.670280371856690181e+04 4.534537000000000151e-01
1.671218799209589997e+04 5.013488999999999862e-01
1.672157226562500000e+04 5.123876000000000541e-01
1.673095653915400180e+04 4.738625000000000198e-01
1.674034081268309819e+04 4.700915999999999983e-01
1.674972508621210000e+04 4.818783999999999845e-01
1.675910935974120002e+04 5.168441999999999759e-01
1.676849363327019819e+04 5.193303999999999698e-01
1.677787790679929822e+04 4.801099999999999812e-01
1.678726218032830002e+04 4.807407000000000208e-01
1.679664645385740005e+04 5.033832999999999780e-01
1.680603072738650008e+04 5.145047999999999844e-01
1.681541500091549824e+04 5.075545000000000195e-01
1.682479927444459827e+04 5.033564000000000371e-01
1.683418354797360007e+04 4.997097999999999818e-01
1.684356782150270010e+04 4.857948000000000266e-01
1.685295209503169826e+04 4.872670000000000057e-01
1.686233636856079829e+04 4.947310999999999792e-01
1.687172064208980009e+04 4.891518999999999728e-01
1.688110491561890012e+04 4.647058000000000022e-01
1.689048918914789829e+04 4.464438000000000017e-01
1.689987346267699832e+04 4.483544999999999892e-01
1.690925773620600012e+04 4.550591999999999970e-01
1.691864200973510015e+04 4.563232999999999873e-01
1.692802628326409831e+04 4.494503000000000248e-01
1.693741055679319834e+04 4.408985000000000265e-01
1.694679483032220014e+04 4.316514000000000184e-01
1.695617910385130017e+04 4.046459000000000028e-01
1.696556337738029833e+04 3.715627000000000235e-01
1.697494765090939836e+04 3.875791000000000097e-01
1.698433192443849839e+04 4.150838000000000028e-01
1.699371619796750019e+04 4.318009999999999904e-01
1.700310047149660022e+04 4.111854999999999816e-01
1.701248474502559839e+04 3.875411999999999746e-01
1.702186901855469841e+04 4.358521000000000201e-01
1.703125329208370022e+04 4.665718999999999839e-01
1.704063756561280024e+04 4.571903999999999968e-01
1.705002183914179841e+04 4.328778999999999821e-01
1.705940611267089844e+04 4.370955000000000257e-01
1.706879038619990024e+04 4.366702000000000083e-01
1.707817465972900027e+04 4.291912999999999978e-01
1.708755893325799843e+04 4.420259999999999745e-01
1.709694320678709846e+04 4.156161999999999912e-01
1.710632748031610026e+04 3.913565999999999989e-01
1.711571175384520029e+04 3.924559000000000242e-01
1.712509602737419846e+04 4.062849000000000044e-01
1.713448030090329848e+04 4.424190000000000067e-01
1.714386457443230029e+04 4.679896000000000056e-01
1.715324884796140032e+04 4.232057000000000180e-01
1.716263312149050034e+04 4.096709000000000045e-01
1.717201739501949851e+04 4.268133000000000066e-01
1.718140166854859854e+04 3.857691999999999788e-01
1.719078594207760034e+04 3.979556000000000204e-01
1.720017021560670037e+04 4.133893000000000151e-01
1.720955448913569853e+04 3.780505000000000115e-01
1.721893876266479856e+04 3.730169999999999875e-01
1.722832303619380036e+04 3.990137999999999741e-01
1.723770730972290039e+04 3.826015999999999861e-01
1.724709158325189856e+04 3.714795000000000180e-01
1.725647585678099858e+04 3.852672999999999792e-01
1.726586013031000039e+04 3.763043999999999834e-01
1.727524440383910041e+04 3.624553999999999832e-01
1.728462867736809858e+04 3.677869000000000277e-01
1.729401295089719861e+04 3.747866000000000253e-01
1.730339722442620041e+04 4.061937999999999938e-01
1.731278149795530044e+04 3.988849999999999896e-01
1.732216577148429860e+04 3.702510999999999997e-01
1.733155004501339863e+04 3.815631999999999913e-01
1.734093431854240043e+04 3.793533000000000044e-01
1.735031859207150046e+04 3.681875000000000009e-01
1.735970286560060049e+04 3.399276999999999993e-01
1.736908713912959865e+04 2.909650999999999765e-01
1.737847141265869868e+04 2.973467000000000193e-01
1.738785568618770048e+04 3.090788999999999898e-01
1.739723995971680051e+04 3.175339999999999829e-01
1.740662423324579868e+04 3.323581999999999925e-01
1.741600850677489871e+04 3.384796999999999945e-01
1.742539278030390051e+04 3.333292999999999950e-01
1.743477705383300054e+04 2.837050999999999878e-01
1.744416132736199870e+04 2.703107000000000149e-01
1.745354560089109873e+04 2.600276000000000254e-01
1.746292987442010053e+04 2.990983999999999865e-01
1.747231414794920056e+04 3.507038000000000100e-01
1.748169842147819872e+04 2.696066999999999769e-01
1.749108269500729875e+04 2.371881000000000128e-01
1.750046696853630056e+04 3.010504999999999987e-01
1.750985124206540058e+04 3.470223000000000058e-01
1.751923551559450061e+04 3.601217999999999919e-01
1.752861978912349878e+04 3.148271999999999737e-01
1.753800406265259880e+04 2.877598000000000100e-01
1.754738833618160061e+04 3.148908999999999736e-01
1.755677260971070064e+04 3.527966000000000157e-01
1.756615688323969880e+04 3.278644000000000003e-01
1.757554115676879883e+04 2.692104000000000164e-01
1.758492543029780063e+04 2.843435999999999741e-01
1.759430970382690066e+04 3.596994000000000025e-01
1.760369397735589882e+04 3.586551000000000045e-01
1.761307825088499885e+04 3.646625000000000005e-01
1.762246252441400065e+04 3.366760999999999782e-01
1.763184679794310068e+04 3.116269999999999873e-01
1.764123107147209885e+04 2.950282000000000182e-01
1.765061534500119888e+04 2.900383000000000266e-01
1.765999961853020068e+04 3.133928000000000269e-01
1.766938389205930071e+04 3.009629999999999805e-01
1.767876816558829887e+04 2.759233999999999853e-01
1.768815243911739890e+04 2.793613999999999820e-01
1.769753671264649893e+04 2.941001999999999783e-01
1.770692098617550073e+04 2.954058999999999990e-01
1.771630525970460076e+04 2.532447999999999921e-01
1.772568953323359892e+04 2.755812000000000261e-01
1.773507380676269895e+04 3.182695999999999859e-01
1.774445808029170075e+04 3.206999999999999851e-01
1.775384235382080078e+04 3.161299000000000192e-01
1.776322662734979895e+04 3.182541999999999871e-01
1.777261090087889897e+04 3.285526999999999753e-01
1.778199517440790078e+04 3.375946000000000224e-01
1.779137944793700080e+04 3.066075999999999802e-01
1.780076372146599897e+04 2.782497999999999916e-01
1.781014799499509900e+04 2.477319000000000049e-01
1.781953226852410080e+04 2.421135000000000093e-01
1.782891654205320083e+04 2.645889000000000157e-01
1.783830081558219899e+04 2.710767000000000038e-01
1.784768508911129902e+04 2.809466999999999937e-01
1.785706936264039905e+04 2.773453000000000168e-01
1.786645363616940085e+04 2.281195000000000028e-01
1.787583790969850088e+04 1.928761999999999976e-01
1.788522218322749904e+04 2.406772000000000078e-01
1.789460645675659907e+04 2.774361000000000188e-01
1.790399073028560088e+04 3.371793000000000151e-01
1.791337500381470090e+04 3.166014999999999802e-01
1.792275927734369907e+04 2.741280999999999857e-01
1.793214355087279910e+04 2.712106000000000239e-01
1.794152782440180090e+04 2.436022999999999938e-01
1.795091209793090093e+04 1.887894999999999990e-01
1.796029637145989909e+04 2.504993999999999832e-01
1.796968064498899912e+04 3.930382000000000042e-01
1.797906491851800092e+04 3.607698999999999767e-01
1.798844919204710095e+04 3.096807999999999783e-01
1.799783346557609912e+04 2.974438999999999833e-01
1.800721773910519914e+04 2.448689000000000004e-01
1.801660201263420095e+04 2.509672000000000014e-01
1.802598628616330097e+04 2.620104999999999795e-01
1.803537055969240100e+04 2.544255999999999740e-01
1.804475483322139917e+04 2.810153000000000234e-01
1.805413910675049920e+04 2.600544000000000189e-01
1.806352338027950100e+04 2.612006000000000050e-01
1.807290765380860103e+04 2.973773000000000111e-01
1.808229192733759919e+04 3.075481999999999938e-01
1.809167620086669922e+04 2.452944999999999987e-01
1.810106047439570102e+04 1.963661999999999908e-01
1.811044474792480105e+04 2.025656999999999874e-01
1.811982902145379921e+04 2.688417000000000168e-01
1.812921329498289924e+04 3.224422000000000121e-01
1.813859756851190104e+04 2.941979000000000122e-01
1.814798184204100107e+04 3.356064999999999743e-01
1.815736611556999924e+04 3.858102999999999949e-01
1.816675038909909927e+04 2.522853999999999930e-01
1.817613466262810107e+04 1.591576000000000102e-01
1.818551893615720110e+04 2.460417000000000021e-01
1.819490320968619926e+04 2.550927000000000056e-01
1.820428748321529929e+04 4.155249999999999777e-01
1.821367175674439932e+04 7.291402999999999635e-01
1.822305603027340112e+04 4.778386000000000022e-01
1.823244030380250115e+04 2.164204000000000128e-01
1.824182457733149931e+04 1.360419999999999963e-01
1.825120885086059934e+04 1.620263999999999871e-01
1.826059312438960114e+04 3.163823000000000052e-01
1.826997739791870117e+04 2.574569999999999914e-01
1.827936167144769934e+04 1.134874000000000022e-01
1.828874594497679936e+04 1.904074000000000044e-02
1.829813021850580117e+04 4.422684000000000337e-02
1.830751449203490120e+04 9.513916000000000039e-02
1.831689876556389936e+04 2.739676999999999807e-01
1.832628303909299939e+04 6.069596000000000435e-01
1.833566731262200119e+04 7.279845000000000343e-01
1.834505158615110122e+04 5.878037000000000400e-01
1.835443585968009938e+04 5.281595999999999513e-01
1.836382013320919941e+04 9.065455000000000041e-01
1.837320440673820121e+04 2.164102999999999888e+00
1.838258868026730124e+04 6.873484999999999623e+00
1.839197295379640127e+04 4.549134999999999707e+00
1.840135722732539944e+04 -5.586299999999999599e+00
1.841074150085449946e+04 -5.289530000000000065e+00
1.842012577438350127e+04 -2.087760999999999978e+00
1.842951004791260129e+04 -4.032085999999999726e-01
1.843889432144159946e+04 2.502402000000000237e-01
1.844827859497069949e+04 3.306364999999999998e-01
1.845766286849970129e+04 1.688096000000000041e-01
1.846704714202880132e+04 -2.167891000000000123e-01
1.847643141555779948e+04 -9.193189000000000499e-01
1.848581568908689951e+04 -1.657006999999999897e+00
1.849519996261590131e+04 -1.350540000000000074e+00
1.850458423614500134e+04 -3.049827999999999983e-01
1.851396850967399951e+04 6.549342999999999693e-01
1.852335278320309953e+04 1.097887000000000057e+00
1.853273705673210134e+04 1.007940000000000058e+00
1.854212133026120136e+04 2.368464000000000125e-01
1.855150560379030139e+04 -1.005044000000000048e+00
1.856088987731929956e+04 -1.665783000000000014e+00
1.857027415084839959e+04 -2.442541000000000018e-01
1.857965842437740139e+04 9.539739000000000413e-01
1.858904269790650142e+04 7.078387000000000429e-01
1.859842697143549958e+04 5.962662999999999991e-02
1.860781124496459961e+04 -1.777596999999999927e-01
1.861719551849360141e+04 -1.472887999999999975e-01
1.862657979202270144e+04 1.039010999999999962e-01
1.863596406555169960e+04 4.740379000000000120e-01
1.864534833908079963e+04 3.364092000000000193e-01
1.865473261260980144e+04 1.904444999999999888e-01
1.866411688613890146e+04 3.097979000000000149e-01
1.867350115966789963e+04 3.132842000000000127e-01
1.868288543319699966e+04 -2.178209999999999869e-01
1.869226970672600146e+04 -1.810657999999999990e-01
1.870165398025510149e+04 6.626954999999999929e-01
1.871103825378409965e+04 1.715287000000000006e+00
1.872042252731319968e+04 1.040929999999999911e+00
1.872980680084220148e+04 -1.034516999999999953e+01
1.873919107437130151e+04 1.602881999999999962e+01
1.874857534790040154e+04 5.777660000000000196e+01
1.875795962142939970e+04 1.231483000000000061e+01
1.876734389495849973e+04 -8.419045999999999808e+00
1.877672816848750153e+04 4.490112000000000270e-02
1.878611244201660156e+04 -1.586679000000000006e-01
1.879549671554559973e+04 2.437620000000000064e-02
1.880488098907469976e+04 1.499052999999999913e-01
1.881426526260370156e+04 1.253567999999999905e-01
1.882364953613280159e+04 2.566976999999999731e-01
1.883303380966179975e+04 5.440431000000000017e-01
1.884241808319089978e+04 5.835489000000000370e-01
1.885180235671990158e+04 4.620002000000000275e-01
1.886118663024900161e+04 3.624651999999999874e-01
1.887057090377799977e+04 2.869689000000000267e-01
1.887995517730709980e+04 1.944500999999999868e-01
1.888933945083619983e+04 1.315198999999999951e-01
1.889872372436520163e+04 1.103791999999999968e-01
1.890810799789430166e+04 1.249810999999999978e-01
1.891749227142329983e+04 2.358249000000000040e-01
1.892687654495239985e+04 1.875476000000000087e-01
1.893626081848140166e+04 3.599180999999999908e-02
1.894564509201050168e+04 5.645263000000000191e-03
1.895502936553949985e+04 -1.192719000000000071e-02
1.896441363906859988e+04 9.090378000000000347e-02
1.897379791259760168e+04 3.490178999999999920e-01
1.898318218612670171e+04 6.214754999999999585e-01
1.899256645965569987e+04 7.145610000000000017e-01
1.900195073318479990e+04 4.785915000000000030e-01
1.901133500671380170e+04 2.701093000000000188e+00
1.902071928024290173e+04 6.104527000000000037e+00
1.903010355377189990e+04 3.329095000000000137e+00
1.903948782730099992e+04 1.364951000000000025e+00
1.904887210083000173e+04 1.222318999999999933e+00
1.905825637435910176e+04 4.857871999999999746e-01
1.906764064788820178e+04 2.214890999999999943e-01
1.907702492141719995e+04 2.543295999999999890e-01
1.908640919494629998e+04 2.664566999999999908e-01
1.909579346847530178e+04 2.226007999999999876e-01
1.910517774200440181e+04 3.000631000000000270e-01
1.911456201553339997e+04 3.646149000000000195e-01
1.912394628906250000e+04 1.297535999999999967e-01
1.913333056259150180e+04 -1.910360000000000114e-01
1.914271483612059819e+04 -8.284191000000000471e-02
1.915209910964960000e+04 2.355938999999999950e-02
1.916148338317870002e+04 3.424419000000000074e-02
1.917086765670769819e+04 7.693290999999999324e-02
1.918025193023679822e+04 1.906426999999999983e-01
1.918963620376580002e+04 2.239108999999999960e-01
1.919902047729490005e+04 1.974430000000000074e-01
1.920840475082389821e+04 2.432519999999999960e-01
1.921778902435299824e+04 3.751884999999999803e-01
1.922717329788200004e+04 3.362782000000000271e-01
1.923655757141110007e+04 2.393867000000000078e-01
1.924594184494009824e+04 2.195253000000000065e-01
1.925532611846919826e+04 2.519502000000000130e-01
1.926471039199829829e+04 2.386062999999999934e-01
1.927409466552730009e+04 1.617745999999999906e-01
1.928347893905640012e+04 2.448592999999999950e-02
1.929286321258539829e+04 -6.612804999999999378e-02
1.930224748611449832e+04 1.030852000000000018e-01
1.931163175964350012e+04 2.406109999999999915e-01
1.932101603317260015e+04 2.361167000000000127e-01
1.933040030670159831e+04 2.078958999999999946e-01
1.933978458023069834e+04 2.145499999999999907e-01
1.934916885375970014e+04 1.934604000000000046e-01
1.935855312728880017e+04 1.227053000000000033e-01
1.936793740081779833e+04 8.058922999999999781e-02
1.937732167434689836e+04 1.597128999999999910e-01
1.938670594787590016e+04 2.248609000000000024e-01
1.939609022140500019e+04 1.899329999999999907e-01
1.940547449493399836e+04 1.103877999999999943e-01
1.941485876846309839e+04 1.066354000000000052e-01
1.942424304199210019e+04 1.579740000000000033e-01
1.943362731552120022e+04 2.163206000000000018e-01
1.944301158905030024e+04 2.589736000000000260e-01
1.945239586257929841e+04 2.862610999999999906e-01
1.946178013610839844e+04 2.744562999999999864e-01
1.947116440963740024e+04 2.442783000000000038e-01
1.948054868316650027e+04 2.095786000000000038e-01
1.948993295669549843e+04 1.719721999999999917e-01
1.949931723022459846e+04 1.841237000000000013e-01
1.950870150375360026e+04 1.785938999999999999e-01
1.951808577728270029e+04 1.524728999999999945e-01
1.952747005081169846e+04 1.836888999999999883e-01
1.953685432434079848e+04 2.435064000000000117e-01
1.954623859786980029e+04 2.659528999999999921e-01
1.955562287139890032e+04 2.228014000000000105e-01
1.956500714492789848e+04 1.560639000000000054e-01
1.957439141845699851e+04 1.433357000000000103e-01
1.958377569198600031e+04 1.625354999999999994e-01
1.959315996551510034e+04 1.677965999999999902e-01
1.960254423904420037e+04 1.565544000000000102e-01
1.961192851257319853e+04 1.717895999999999868e-01
1.962131278610229856e+04 1.760666999999999927e-01
1.963069705963130036e+04 1.610341000000000133e-01
1.964008133316040039e+04 1.473038000000000125e-01
1.964946560668939856e+04 1.355077000000000087e-01
1.965884988021849858e+04 1.506115000000000093e-01
1.966823415374750039e+04 1.692657999999999940e-01
1.967761842727660041e+04 1.661373999999999906e-01
1.968700270080559858e+04 1.668402999999999969e-01
1.969638697433469861e+04 1.710686999999999902e-01
1.970577124786370041e+04 1.599474999999999925e-01
1.971515552139280044e+04 1.374958000000000014e-01
1.972453979492179860e+04 1.384115999999999957e-01
1.973392406845089863e+04 2.294528000000000123e-01
1.974330834197990043e+04 2.051775000000000126e-01
1.975269261550900046e+04 1.456464000000000092e-01
1.976207688903810049e+04 1.009184999999999943e-01
1.977146116256709865e+04 1.062297999999999992e-01
1.978084543609619868e+04 1.266705999999999943e-01
1.979022970962520048e+04 1.607893999999999990e-01
1.979961398315430051e+04 2.021519999999999984e-01
1.980899825668329868e+04 1.878062000000000065e-01
1.981838253021239871e+04 1.607819000000000054e-01
1.982776680374140051e+04 1.469048000000000020e-01
1.983715107727050054e+04 1.403881999999999908e-01
1.984653535079949870e+04 1.423850999999999867e-01
1.985591962432859873e+04 1.618572000000000066e-01
1.986530389785760053e+04 1.774494000000000071e-01
1.987468817138670056e+04 1.803860999999999937e-01
1.988407244491569872e+04 2.002233999999999958e-01
1.989345671844479875e+04 1.773344000000000031e-01
1.990284099197380056e+04 1.397475999999999996e-01
1.991222526550290058e+04 1.361953999999999942e-01
1.992160953903189875e+04 1.383318000000000048e-01
1.993099381256099878e+04 1.369363000000000108e-01
1.994037808609009880e+04 1.298443999999999987e-01
1.994976235961910061e+04 1.264055000000000040e-01
1.995914663314820064e+04 1.400066000000000088e-01
1.996853090667719880e+04 1.485615999999999881e-01
1.997791518020629883e+04 1.556221999999999883e-01
1.998729945373530063e+04 1.649064000000000085e-01
1.999668372726440066e+04 1.593168000000000084e-01
2.000606800079339882e+04 1.691306999999999949e-01
2.001545227432249885e+04 1.943705000000000016e-01
2.002483654785150065e+04 2.060305000000000053e-01
2.003422082138060068e+04 1.877141999999999977e-01
2.004360509490959885e+04 1.932970999999999995e-01
2.005298936843869888e+04 2.006411999999999918e-01
2.006237364196770068e+04 1.815743999999999969e-01
2.007175791549680071e+04 1.674207000000000056e-01
2.008114218902579887e+04 1.638265999999999889e-01
2.009052646255489890e+04 1.615994000000000042e-01
2.009991073608390070e+04 1.515202999999999967e-01
2.010929500961300073e+04 1.383636000000000033e-01
2.011867928314210076e+04 1.512475000000000069e-01
2.012806355667109892e+04 1.649095999999999895e-01
2.013744783020019895e+04 1.631999000000000088e-01
2.014683210372920075e+04 1.723954000000000042e-01
2.015621637725830078e+04 1.824226999999999932e-01
2.016560065078729895e+04 1.828674999999999884e-01
2.017498492431639897e+04 1.656124999999999958e-01
2.018436919784540078e+04 1.419721999999999928e-01
2.019375347137450080e+04 1.302949999999999942e-01
2.020313774490349897e+04 1.340390999999999944e-01
2.021252201843259900e+04 1.388623999999999969e-01
2.022190629196160080e+04 1.347584000000000004e-01
2.023129056549070083e+04 1.400722000000000078e-01
2.024067483901969899e+04 1.504842000000000124e-01
2.025005911254879902e+04 1.551838000000000106e-01
2.025944338607780082e+04 1.501272999999999913e-01
2.026882765960690085e+04 1.266355000000000119e-01
2.027821193313589902e+04 1.144928999999999947e-01
2.028759620666499904e+04 1.229299999999999976e-01
2.029698048019409907e+04 1.298845999999999890e-01
2.030636475372310088e+04 1.327716999999999925e-01
2.031574902725220090e+04 1.355052999999999952e-01
2.032513330078119907e+04 1.399760999999999922e-01
2.033451757431029910e+04 1.415836000000000039e-01
2.034390184783930090e+04 1.358128000000000113e-01
2.035328612136840093e+04 1.228918999999999984e-01
2.036267039489739909e+04 1.170038000000000050e-01
2.037205466842649912e+04 1.276633000000000073e-01
2.038143894195550092e+04 1.327840000000000131e-01
2.039082321548460095e+04 1.291914999999999869e-01
2.040020748901359912e+04 1.163981000000000043e-01
2.040959176254269914e+04 1.005438000000000026e-01
2.041897603607170095e+04 1.085848999999999981e-01
2.042836030960080097e+04 1.210423999999999944e-01
2.043774458312979914e+04 1.267537999999999998e-01
2.044712885665889917e+04 1.298848999999999976e-01
2.045651313018799920e+04 1.325930999999999915e-01
2.046589740371700100e+04 1.335170999999999997e-01
2.047528167724599916e+04 1.340174000000000087e-01
2.048466595077509919e+04 1.371175000000000033e-01
2.049405022430419922e+04 1.407529999999999892e-01
2.050343449783320102e+04 1.414575000000000138e-01
2.051281877136230105e+04 1.383211000000000024e-01
2.052220304489129921e+04 1.321523000000000003e-01
2.053158731842039924e+04 1.302722000000000047e-01
2.054097159194940104e+04 1.340851000000000126e-01
2.055035586547850107e+04 1.338459999999999928e-01
2.055974013900749924e+04 1.317969999999999975e-01
2.056912441253659927e+04 1.497659000000000074e-01
2.057850868606560107e+04 1.587492000000000070e-01
2.058789295959470110e+04 1.441602999999999912e-01
2.059727723312369926e+04 1.219244000000000022e-01
2.060666150665279929e+04 1.123490999999999934e-01
2.061604578018180109e+04 1.213304000000000049e-01
2.062543005371090112e+04 1.322827000000000031e-01
2.063481432724000115e+04 1.325080999999999898e-01
2.064419860076899931e+04 1.287754000000000121e-01
2.065358287429800112e+04 1.296190000000000120e-01
2.066296714782710114e+04 1.344807000000000086e-01
2.067235142135620117e+04 1.384679000000000049e-01
2.068173569488519934e+04 1.447536000000000100e-01
2.069111996841429936e+04 1.525197000000000080e-01
2.070050424194330117e+04 1.483152000000000081e-01
2.070988851547240120e+04 1.305927000000000060e-01
2.071927278900139936e+04 1.250216000000000105e-01
2.072865706253049939e+04 1.338776999999999884e-01
2.073804133605950119e+04 1.404600000000000015e-01
2.074742560958860122e+04 1.456145000000000078e-01
2.075680988311759938e+04 1.528513999999999984e-01
2.076619415664669941e+04 1.517900000000000083e-01
2.077557843017570121e+04 1.374944999999999917e-01
2.078496270370480124e+04 1.269934000000000063e-01
2.079434697723379941e+04 1.359006000000000103e-01
2.080373125076289944e+04 1.477458000000000105e-01
2.081311552429199946e+04 1.498390000000000000e-01
2.082249979782100127e+04 1.457594000000000112e-01
2.083188407135010129e+04 1.448465999999999920e-01
2.084126834487909946e+04 1.492406000000000010e-01
2.085065261840819949e+04 1.534824999999999939e-01
2.086003689193720129e+04 1.556102000000000041e-01
2.086942116546630132e+04 1.516219000000000039e-01
2.087880543899529948e+04 1.428271999999999875e-01
2.088818971252439951e+04 1.421793000000000085e-01
2.089757398605340131e+04 1.539808000000000010e-01
2.090695825958250134e+04 1.674027999999999905e-01
2.091634253311149951e+04 1.606422999999999879e-01
2.092572680664059953e+04 1.497248999999999941e-01
2.093511108016960134e+04 1.475599999999999967e-01
2.094449535369870136e+04 1.460458000000000034e-01
2.095387962722769953e+04 1.416508999999999963e-01
2.096326390075679956e+04 1.438396999999999870e-01
2.097264817428589959e+04 1.472739999999999883e-01
2.098203244781490139e+04 1.429384999999999961e-01
2.099141672134400142e+04 1.417576000000000114e-01
2.100080099487299958e+04 1.434392999999999918e-01
2.101018526840209961e+04 1.461908000000000096e-01
2.101956954193110141e+04 1.530873000000000095e-01
2.102895381546020144e+04 1.596876999999999880e-01
2.103833808898919960e+04 1.657356000000000107e-01
2.104772236251829963e+04 1.687805000000000000e-01
2.105710663604730144e+04 1.723449999999999982e-01
2.106649090957640146e+04 1.700110999999999983e-01
2.107587518310539963e+04 1.598364999999999925e-01
2.108525945663449966e+04 1.499262000000000095e-01
2.109464373016350146e+04 1.504962999999999995e-01
2.110402800369260149e+04 1.634579999999999922e-01
2.111341227722159965e+04 1.648143999999999998e-01
2.112279655075069968e+04 1.547593999999999914e-01
2.113218082427970148e+04 1.479567999999999994e-01
2.114156509780880151e+04 1.466945000000000054e-01
2.115094937133779968e+04 1.408319000000000099e-01
2.116033364486689970e+04 1.356053000000000119e-01
2.116971791839599973e+04 1.328795000000000115e-01
2.117910219192500153e+04 1.306236000000000064e-01
2.118848646545410156e+04 1.380803999999999920e-01
2.119787073898309973e+04 1.575081999999999871e-01
2.120725501251219976e+04 1.615727999999999887e-01
2.121663928604120156e+04 1.531251999999999891e-01
2.122602355957030159e+04 1.496298000000000072e-01
2.123540783309929975e+04 1.530969000000000080e-01
2.124479210662839978e+04 1.576249000000000122e-01
2.125417638015740158e+04 1.634488000000000052e-01
2.126356065368650161e+04 1.628085999999999978e-01
2.127294492721549977e+04 1.556300999999999934e-01
2.128232920074459980e+04 1.554899999999999893e-01
2.129171347427360161e+04 1.555425000000000002e-01
2.130109774780270163e+04 1.495289999999999953e-01
2.131048202133169980e+04 1.449077000000000004e-01
2.131986629486079983e+04 1.449005999999999905e-01
2.132925056838980163e+04 1.462546999999999875e-01
2.133863484191890166e+04 1.450434999999999919e-01
2.134801911544800168e+04 1.496277000000000024e-01
2.135740338897699985e+04 1.623085999999999973e-01
2.136678766250609988e+04 1.654333000000000053e-01
2.137617193603510168e+04 1.593578999999999968e-01
2.138555620956420171e+04 1.606470000000000120e-01
2.139494048309319987e+04 1.597387000000000112e-01
2.140432475662229990e+04 1.533769000000000104e-01
2.141370903015130170e+04 1.487429000000000112e-01
2.142309330368040173e+04 1.456163000000000041e-01
2.143247757720939990e+04 1.355621999999999938e-01
2.144186185073849992e+04 1.259298000000000084e-01
2.145124612426750173e+04 1.226288999999999990e-01
2.146063039779660176e+04 1.288325999999999916e-01
2.147001467132559992e+04 1.425425999999999915e-01
2.147939894485469995e+04 1.489235999999999893e-01
2.148878321838370175e+04 1.413567000000000018e-01
2.149816749191280178e+04 1.298806000000000127e-01
2.150755176544179994e+04 1.302036000000000027e-01
2.151693603897089997e+04 1.369722999999999913e-01
2.152632031250000000e+04 1.448673000000000044e-01
2.153570458602900180e+04 1.507883999999999891e-01
2.154508885955809819e+04 1.475891000000000008e-01
2.155447313308710000e+04 1.370104000000000044e-01
2.156385740661620002e+04 1.351873000000000102e-01
2.157324168014519819e+04 1.424645999999999968e-01
2.158262595367429822e+04 1.407790999999999904e-01
2.159201022720330002e+04 1.340097000000000094e-01
2.160139450073240005e+04 1.369860999999999995e-01
2.161077877426139821e+04 1.506454999999999878e-01
2.162016304779049824e+04 1.610638000000000070e-01
2.162954732131950004e+04 1.530189999999999884e-01
2.163893159484860007e+04 1.343778999999999946e-01
2.164831586837759824e+04 1.274319999999999897e-01
2.165770014190669826e+04 1.375738999999999990e-01
2.166708441543570007e+04 1.397714999999999930e-01
2.167646868896480009e+04 1.348215000000000108e-01
2.168585296249390012e+04 1.352889999999999926e-01
2.169523723602289829e+04 1.408475999999999895e-01
2.170462150955199832e+04 1.523760000000000114e-01
2.171400578308100012e+04 1.550667000000000018e-01
2.172339005661010015e+04 1.506479000000000013e-01
2.173277433013909831e+04 1.572549000000000030e-01
2.174215860366819834e+04 1.628031000000000061e-01
2.175154287719720014e+04 1.567707999999999879e-01
2.176092715072630017e+04 1.493529000000000106e-01
2.177031142425529833e+04 1.563025000000000109e-01
2.177969569778439836e+04 1.677215999999999985e-01
2.178907997131340016e+04 1.681713999999999987e-01
2.179846424484250019e+04 1.613821000000000006e-01
2.180784851837149836e+04 1.570043999999999884e-01
2.181723279190059839e+04 1.474236999999999909e-01
2.182661706542960019e+04 1.345528000000000002e-01
2.183600133895870022e+04 1.226838999999999985e-01
2.184538561248769838e+04 1.154931000000000013e-01
2.185476988601679841e+04 1.241107999999999933e-01
2.186415415954589844e+04 1.417444999999999955e-01
2.187353843307490024e+04 1.460004000000000024e-01
2.188292270660400027e+04 1.296353000000000089e-01
2.189230698013299843e+04 1.274742000000000097e-01
2.190169125366209846e+04 1.395495999999999959e-01
2.191107552719110026e+04 1.470272999999999997e-01
2.192045980072020029e+04 1.407188000000000050e-01
2.192984407424919846e+04 1.336226000000000080e-01
2.193922834777829848e+04 1.339365000000000139e-01
2.194861262130730029e+04 1.313728999999999869e-01
2.195799689483640032e+04 1.221436000000000049e-01
2.196738116836539848e+04 1.243660999999999933e-01
2.197676544189449851e+04 1.225881000000000054e-01
2.198614971542350031e+04 1.165158000000000027e-01
2.199553398895260034e+04 1.159049999999999941e-01
2.200491826248159850e+04 1.204514000000000001e-01
2.201430253601069853e+04 1.217799999999999994e-01
2.202368680953979856e+04 1.265756000000000103e-01
2.203307108306880036e+04 1.341506000000000087e-01
2.204245535659790039e+04 1.289077999999999891e-01
2.205183963012689856e+04 1.288246000000000113e-01
2.206122390365599858e+04 1.392831999999999959e-01
2.207060817718500039e+04 1.482736000000000054e-01
2.207999245071410041e+04 1.437711000000000128e-01
2.208937672424309858e+04 1.356266000000000138e-01
2.209876099777219861e+04 1.262228999999999990e-01
2.210814527130120041e+04 1.175244000000000011e-01
2.211752954483030044e+04 1.141135999999999956e-01
2.212691381835929860e+04 1.128065000000000040e-01
2.213629809188839863e+04 1.119271000000000016e-01
2.214568236541740043e+04 1.149931000000000009e-01
2.215506663894650046e+04 1.222844000000000014e-01
2.216445091247549863e+04 1.217664999999999997e-01
2.217383518600459865e+04 1.180448999999999943e-01
2.218321945953360046e+04 1.160357000000000055e-01
2.219260373306270048e+04 1.138635999999999954e-01
2.220198800659180051e+04 1.173860999999999932e-01
2.221137228012079868e+04 1.196316999999999936e-01
2.222075655364989871e+04 1.147317999999999949e-01
2.223014082717890051e+04 1.103058999999999984e-01
2.223952510070800054e+04 1.169064999999999965e-01
2.224890937423699870e+04 1.229081999999999952e-01
2.225829364776609873e+04 1.187595000000000039e-01
2.226767792129510053e+04 1.109645999999999966e-01
2.227706219482420056e+04 1.199371999999999938e-01
2.228644646835319872e+04 1.316463999999999968e-01
2.229583074188229875e+04 1.311270999999999964e-01
2.230521501541130056e+04 1.207874000000000031e-01
2.231459928894040058e+04 1.094279999999999975e-01
2.232398356246939875e+04 1.132967000000000002e-01
2.233336783599849878e+04 1.197763000000000022e-01
2.234275210952750058e+04 1.092762000000000039e-01
2.235213638305660061e+04 9.835148999999999975e-02
2.236152065658559877e+04 1.007770999999999945e-01
2.237090493011469880e+04 1.068840999999999958e-01
2.238028920364379883e+04 1.059771000000000046e-01
2.238967347717280063e+04 1.091971999999999943e-01
2.239905775070190066e+04 1.027450000000000030e-01
2.240844202423089882e+04 9.176861000000000046e-02
2.241782629775999885e+04 8.902619999999999978e-02
2.242721057128900065e+04 1.003852999999999968e-01
2.243659484481810068e+04 9.498866999999999727e-02
2.244597911834709885e+04 8.809055000000000357e-02
2.245536339187619888e+04 9.992626999999999760e-02
2.246474766540520068e+04 1.104443999999999981e-01
2.247413193893430071e+04 1.056098000000000037e-01
2.248351621246329887e+04 9.866663000000000516e-02
2.249290048599239890e+04 1.049270999999999954e-01
2.250228475952140070e+04 1.142337999999999965e-01
2.251166903305050073e+04 1.160401999999999961e-01
2.252105330657949889e+04 1.135507000000000044e-01
2.253043758010859892e+04 1.082057000000000019e-01
2.253982185363760073e+04 9.633461999999999581e-02
2.254920612716670075e+04 8.740755999999999526e-02
2.255859040069580078e+04 8.629354000000000191e-02
2.256797467422479895e+04 9.321920999999999680e-02
2.257735894775389897e+04 1.004922000000000037e-01
2.258674322128290078e+04 1.030570999999999987e-01
2.259612749481200080e+04 1.145112999999999964e-01
2.260551176834099897e+04 1.234991000000000005e-01
2.261489604187009900e+04 1.176669000000000048e-01
2.262428031539910080e+04 1.065948000000000034e-01
2.263366458892820083e+04 1.031823999999999936e-01
2.264304886245719899e+04 1.065558999999999951e-01
2.265243313598629902e+04 9.735911999999999344e-02
2.266181740951530082e+04 8.780045999999999684e-02
2.267120168304440085e+04 9.342554000000000136e-02
2.268058595657339902e+04 1.008793999999999941e-01
2.268997023010249904e+04 9.827795999999999754e-02
2.269935450363150085e+04 9.895126999999999395e-02
2.270873877716060088e+04 9.098233999999999488e-02
2.271812305068959904e+04 8.290841000000000183e-02
2.272750732421869907e+04 8.766633000000000064e-02
2.273689159774779910e+04 1.012162999999999952e-01
2.274627587127680090e+04 9.456536999999999582e-02
2.275566014480590093e+04 8.171269000000000449e-02
2.276504441833489909e+04 8.520415000000000627e-02
2.277442869186399912e+04 7.039360999999999535e-02
2.278381296539300092e+04 7.301657999999999760e-02
2.279319723892210095e+04 8.987734000000000001e-02
2.280258151245109912e+04 9.160617000000000065e-02
2.281196578598019914e+04 9.271741000000000010e-02
2.282135005950920095e+04 9.944580000000000086e-02
2.283073433303830097e+04 9.886142000000000540e-02
2.284011860656729914e+04 8.017881000000000313e-02
2.284950288009639917e+04 6.596148999999999762e-02
2.285888715362540097e+04 6.657522000000000439e-02
2.286827142715450100e+04 7.159917000000000364e-02
2.287765570068349916e+04 6.950370999999999633e-02
2.288703997421259919e+04 8.134597000000000355e-02
2.289642424774169922e+04 9.469616000000000144e-02
2.290580852127070102e+04 8.787620999999999627e-02
2.291519279479980105e+04 7.433003000000000526e-02
2.292457706832879921e+04 7.284269000000000160e-02
2.293396134185789924e+04 8.528853999999999602e-02
2.294334561538690104e+04 9.721267000000000102e-02
2.295272988891600107e+04 9.325392999999999877e-02
2.296211416244499924e+04 7.579081000000000012e-02
2.297149843597409927e+04 7.161702999999999819e-02
2.298088270950310107e+04 8.798817999999999917e-02
2.299026698303220110e+04 9.217791000000000179e-02
2.299965125656119926e+04 9.050400999999999585e-02
2.300903553009029929e+04 8.749155999999999600e-02
2.301841980361930109e+04 7.958911999999999931e-02
2.302780407714840112e+04 6.728955000000000353e-02
2.303718835067739928e+04 7.257012000000000185e-02
2.304657262420649931e+04 8.321415999999999535e-02
2.305595689773550112e+04 8.072215000000000640e-02
2.306534117126460114e+04 7.386236999999999664e-02
2.307472544479370117e+04 7.475207999999999853e-02
2.308410971832269934e+04 7.989773000000000014e-02
2.309349399185179936e+04 8.228241999999999501e-02
2.310287826538080117e+04 8.384895000000000542e-02
2.311226253890990120e+04 8.532707999999999959e-02
2.312164681243889936e+04 8.572238999999999554e-02
2.313103108596799939e+04 8.758391999999999566e-02
2.314041535949700119e+04 9.488997999999999877e-02
2.314979963302610122e+04 9.660391999999999590e-02
2.315918390655509938e+04 7.990674999999999861e-02
2.316856818008419941e+04 5.915473999999999732e-02
2.317795245361320121e+04 6.441934000000000549e-02
2.318733672714230124e+04 6.593577999999999939e-02
2.319672100067129941e+04 6.278230999999999395e-02
2.320610527420039944e+04 6.374984000000000206e-02
2.321548954772940124e+04 6.273392999999999331e-02
2.322487382125850127e+04 5.658085000000000198e-02
2.323425809478749943e+04 6.216990000000000016e-02
2.324364236831659946e+04 7.672389999999999766e-02
2.325302664184569949e+04 7.395609000000000210e-02
2.326241091537470129e+04 6.810666999999999416e-02
2.327179518890380132e+04 7.662724999999999398e-02
2.328117946243279948e+04 9.921336999999999517e-02
2.329056373596189951e+04 1.163867999999999986e-01
2.329994800949090131e+04 1.104258999999999935e-01
2.330933228302000134e+04 9.133945000000000258e-02
2.331871655654899951e+04 7.774050999999999878e-02
2.332810083007809953e+04 7.786474999999999647e-02
2.333748510360710134e+04 8.866520999999999431e-02
2.334686937713620136e+04 9.373802999999999996e-02
2.335625365066519953e+04 9.259444000000000008e-02
2.336563792419429956e+04 9.810394000000000059e-02
2.337502219772330136e+04 9.587263000000000035e-02
2.338440647125240139e+04 9.134702999999999573e-02
2.339379074478139955e+04 9.102058000000000371e-02
2.340317501831049958e+04 9.184710999999999570e-02
2.341255929183950138e+04 9.360702999999999385e-02
2.342194356536860141e+04 8.690504000000000284e-02
2.343132783889770144e+04 7.142653999999999670e-02
2.344071211242669960e+04 6.267567999999999750e-02
2.345009638595579963e+04 7.713174999999999892e-02
2.345948065948480144e+04 9.205921000000000243e-02
2.346886493301390146e+04 9.131707999999999492e-02
2.347824920654289963e+04 8.204018000000000421e-02
2.348763348007199966e+04 6.813126999999999378e-02
2.349701775360100146e+04 5.609809999999999797e-02
2.350640202713010149e+04 5.570838000000000179e-02
2.351578630065909965e+04 6.606713000000000169e-02
2.352517057418819968e+04 6.123168999999999834e-02
2.353455484771720148e+04 5.540868999999999656e-02
2.354393912124630151e+04 6.470439999999999525e-02
2.355332339477529968e+04 8.387569000000000274e-02
2.356270766830439970e+04 9.563702000000000314e-02
2.357209194183340151e+04 9.409965000000000690e-02
2.358147621536250153e+04 8.706919999999999937e-02
2.359086048889149970e+04 8.299666999999999462e-02
2.360024476242059973e+04 7.569080999999999726e-02
2.360962903594969976e+04 6.779625000000000234e-02
2.361901330947870156e+04 5.558367000000000169e-02
2.362839758300780159e+04 4.390432999999999836e-02
2.363778185653679975e+04 6.623424999999999452e-02
2.364716613006589978e+04 9.924260999999999500e-02
2.365655040359490158e+04 1.135889000000000065e-01
2.366593467712400161e+04 1.049550000000000066e-01
2.367531895065299977e+04 9.056744999999999379e-02
2.368470322418209980e+04 8.392613000000000156e-02
2.369408749771110161e+04 8.627492999999999967e-02
2.370347177124020163e+04 8.434970999999999441e-02
2.371285604476919980e+04 6.040121999999999852e-02
2.372224031829829983e+04 3.878651999999999794e-02
2.373162459182730163e+04 3.330908999999999953e-02
2.374100886535640166e+04 3.740958999999999951e-02
2.375039313888539982e+04 4.562938999999999884e-02
2.375977741241449985e+04 5.451939000000000091e-02
2.376916168594359988e+04 5.984678999999999693e-02
2.377854595947260168e+04 6.530616000000000199e-02
2.378793023300170171e+04 8.477382999999999447e-02
2.379731450653069987e+04 9.405117000000000338e-02
2.380669878005979990e+04 9.438138000000000083e-02
2.381608305358880170e+04 9.733411999999999620e-02
2.382546732711790173e+04 8.599410999999999861e-02
2.383485160064689990e+04 6.592681000000000235e-02
2.384423587417599992e+04 6.374422000000000421e-02
2.385362014770500173e+04 8.692993000000000248e-02
2.386300442123410176e+04 9.619260999999999784e-02
2.387238869476309992e+04 6.652716000000000185e-02
2.388177296829219995e+04 4.216269000000000267e-02
2.389115724182120175e+04 5.586469000000000157e-02
2.390054151535030178e+04 5.517314999999999720e-02
2.390992578887929994e+04 4.303469000000000044e-02
2.391931006240839997e+04 4.351355999999999974e-02
2.392869433593740177e+04 5.639065000000000050e-02
2.393807860946650180e+04 4.845598000000000266e-02
2.394746288299559819e+04 4.199316000000000160e-02
2.395684715652460000e+04 5.547607999999999706e-02
2.396623143005370002e+04 8.015426999999999969e-02
2.397561570358269819e+04 9.000046000000000435e-02
2.398499997711179822e+04 7.977997000000000560e-02
2.399438425064080002e+04 6.757146999999999459e-02
2.400376852416990005e+04 6.567130999999999663e-02
2.401315279769889821e+04 6.328493000000000313e-02
2.402253707122799824e+04 6.543453999999999937e-02
2.403192134475700004e+04 6.704095999999999667e-02
2.404130561828610007e+04 6.383803000000000394e-02
2.405068989181509824e+04 6.613534999999999553e-02
2.406007416534419826e+04 8.662749999999999617e-02
2.406945843887320007e+04 9.916353999999999447e-02
2.407884271240230009e+04 7.368450999999999473e-02
2.408822698593129826e+04 3.372038000000000119e-02
2.409761125946039829e+04 9.181876999999999400e-02
2.410699553298940009e+04 1.549213999999999869e-01
2.411637980651850012e+04 1.141213999999999978e-01
2.412576408004760015e+04 3.472679000000000044e-02
2.413514835357659831e+04 1.459636000000000050e-03
2.414453262710569834e+04 3.270511999999999725e-02
2.415391690063470014e+04 7.496115000000000417e-02
2.416330117416380017e+04 6.285122999999999405e-02
2.417268544769279833e+04 1.888783000000000128e-02
2.418206972122189836e+04 -1.781535999999999884e-02
2.419145399475090016e+04 -1.598482000000000028e-02
2.420083826828000019e+04 3.530113000000000001e-02
2.421022254180899836e+04 1.133374000000000048e-01
2.421960681533809839e+04 1.504240000000000022e-01
2.422899108886710019e+04 1.350397000000000125e-01
2.423837536239620022e+04 1.161497999999999975e-01
2.424775963592519838e+04 3.183773000000000158e-02
2.425714390945429841e+04 -2.777641000000000138e-02
2.426652818298330021e+04 -3.122223999999999833e-03
2.427591245651240024e+04 2.029167999999999944e-02
2.428529673004139840e+04 -2.462092999999999920e-02
2.429468100357049843e+04 -3.574328000000000227e-02
2.430406527709959846e+04 2.093677000000000038e-02
2.431344955062860026e+04 3.450654000000000221e-02
2.432283382415770029e+04 1.351678000000000081e-02
2.433221809768669846e+04 8.592191000000000412e-02
2.434160237121579848e+04 3.204297999999999869e-01
2.435098664474480029e+04 5.873182000000000125e-01
2.436037091827390032e+04 5.925234999999999808e-01
2.436975519180289848e+04 4.704088000000000158e-01
2.437913946533199851e+04 3.855795000000000194e-01
2.438852373886100031e+04 3.077637999999999763e-01
2.439790801239010034e+04 2.578973999999999989e-01
2.440729228591909850e+04 2.470074999999999910e-01
2.441667655944819853e+04 1.336604999999999877e-01
2.442606083297720033e+04 -1.597947999999999869e-01
2.443544510650630036e+04 -1.907648000000000121e-01
2.444482938003529853e+04 2.285546999999999926e-02
2.445421365356439856e+04 8.119561999999999613e-02
2.446359792709349858e+04 -1.100570000000000020e-01
2.447298220062250039e+04 3.404887999999999804e-01
2.448236647415160041e+04 1.032072000000000100e+00
2.449175074768059858e+04 1.063331000000000026e+00
2.450113502120969861e+04 2.388621999999999967e-01
2.451051929473870041e+04 -3.702715999999999785e-01
2.451990356826780044e+04 -5.844897000000000009e-01
2.452928784179679860e+04 -1.008308999999999900e+00
2.453867211532589863e+04 -1.774944999999999995e+00
2.454805638885490043e+04 -1.402333000000000052e+00
2.455744066238400046e+04 -4.084222000000000130e-01
2.456682493591299863e+04 2.709802000000000044e-01
2.457620920944209865e+04 4.175227000000000244e-01
2.458559348297110046e+04 3.627999000000000085e-01
2.459497775650020048e+04 9.870068999999999371e-02
2.460436203002919865e+04 -2.638194999999999846e-01
2.461374630355829868e+04 -4.667053999999999925e-01
