4291.0866264446  1.621184E-14
4294.93496727075  1.639013E-14
4298.78330809689  1.623409E-14
4302.63164892303  1.586759E-14
4306.47998974918  1.576775E-14
4310.32833057532  1.591316E-14
4314.17667140147  1.595395E-14
4318.02501222761  1.609931E-14
4321.87335305376  1.633301E-14
4325.7216938799  1.659039E-14
4329.57003470605  1.681672E-14
4333.41837553219  1.670670E-14
4337.26671635833  1.651650E-14
4341.11505718448  1.638958E-14
4344.96339801062  1.634221E-14
4348.81173883677  1.606548E-14
4352.66007966291  1.575012E-14
4356.50842048906  1.533834E-14
4360.3567613152  1.544993E-14
4364.20510214135  1.554104E-14
4368.05344296749  1.539690E-14
4371.90178379363  1.520683E-14
4375.75012461978  1.516469E-14
4379.59846544592  1.530429E-14
4383.44680627207  1.560358E-14
4387.29514709821  1.572632E-14
4391.14348792436  1.607123E-14
4394.9918287505  1.646238E-14
4398.84016957665  1.700092E-14
4402.68851040279  1.745117E-14
4406.53685122894  1.784014E-14
4410.38519205508  1.849305E-14
4414.23353288123  1.905690E-14
4418.08187370737  1.986761E-14
4421.93021453351  2.059219E-14
4425.77855535966  2.080413E-14
4429.6268961858  2.154030E-14
4433.47523701195  2.232975E-14
4437.32357783809  2.290887E-14
4441.17191866424  2.314126E-14
4445.02025949038  2.422369E-14
4448.86860031652  2.499214E-14
4452.71694114267  2.564958E-14
4456.56528196881  2.658422E-14
4460.41362279496  2.685890E-14
4464.2619636211  2.721226E-14
4468.11030444725  2.758621E-14
4471.95864527339  2.766756E-14
4475.80698609954  2.824997E-14
4479.65532692568  2.863026E-14
4483.50366775183  2.915169E-14
4487.35200857797  3.010457E-14
4491.20034940411  3.100667E-14
4495.04869023026  3.170163E-14
4498.8970310564  3.252661E-14
4502.74537188255  3.276686E-14
4506.59371270869  3.319095E-14
4510.44205353484  3.325649E-14
4514.29039436098  3.378693E-14
4518.13873518713  3.369933E-14
4521.98707601327  3.417202E-14
4525.83541683942  3.452448E-14
4529.68375766556  3.505153E-14
4533.5320984917  3.618355E-14
4537.38043931785  3.672358E-14
4541.22878014399  3.712970E-14
4545.07712097014  3.793064E-14
4548.92546179628  3.852225E-14
4552.77380262243  3.927182E-14
4556.62214344857  4.010757E-14
4560.47048427472  4.051678E-14
4564.31882510086  4.115165E-14
4568.167165927  4.128542E-14
4572.01550675315  4.094025E-14
4575.86384757929  4.034632E-14
4579.71218840544  3.963614E-14
4583.56052923158  3.909798E-14
4587.40887005773  3.842793E-14
4591.25721088387  3.785086E-14
4595.10555171002  3.734170E-14
4598.95389253616  3.685134E-14
4602.80223336231  3.647319E-14
4606.65057418845  3.563246E-14
4610.49891501459  3.521312E-14
4614.34725584074  3.503344E-14
4618.19559666688  3.513922E-14
4622.04393749303  3.494550E-14
4625.89227831917  3.464261E-14
4629.74061914532  3.467993E-14
4633.58895997146  3.487147E-14
4637.43730079761  3.493605E-14
4641.28564162375  3.498956E-14
4645.13398244989  3.485318E-14
4648.98232327604  3.477081E-14
4652.83066410218  3.462222E-14
4656.67900492833  3.442838E-14
4660.52734575447  3.397045E-14
4664.37568658062  3.322804E-14
4668.22402740676  3.255740E-14
4672.07236823291  3.159611E-14
4675.92070905905  3.060975E-14
4679.7690498852  3.036633E-14
4683.61739071134  3.120507E-14
4687.46573153748  2.815433E-14
4691.31407236363  2.745627E-14
4695.16241318977  2.694754E-14
4699.01075401592  2.638702E-14
4702.85909484206  2.618777E-14
4706.70743566821  2.595645E-14
4710.55577649435  2.576857E-14
4714.4041173205  2.576614E-14
4718.25245814664  2.541073E-14
4722.10079897278  2.543723E-14
4725.94913979893  2.561305E-14
4729.79748062507  2.553968E-14
4733.64582145122  2.584710E-14
4737.49416227736  2.599804E-14
4741.34250310351  2.627650E-14
4745.19084392965  2.663682E-14
4749.0391847558  2.659263E-14
4752.88752558194  2.686318E-14
4756.73586640809  2.708834E-14
4760.58420723423  2.689398E-14
4764.43254806037  2.662520E-14
4768.28088888652  2.615194E-14
4772.12922971266  2.569272E-14
4775.97757053881  2.565951E-14
4779.82591136495  2.555013E-14
4783.6742521911  2.549170E-14
4787.52259301724  2.522857E-14
4791.37093384338  2.532901E-14
4795.21927466953  2.553929E-14
4799.06761549567  2.538885E-14
4802.91595632182  2.560349E-14
4806.76429714796  2.588341E-14
4810.61263797411  2.600030E-14
4814.46097880025  2.616809E-14
4818.3093196264  2.629230E-14
4822.15766045254  2.638773E-14
4826.00600127869  2.651899E-14
4829.85434210483  2.643154E-14
4833.70268293097  2.660500E-14
4837.55102375712  2.648415E-14
4841.39936458326  2.647289E-14
4845.24770540941  2.628630E-14
4849.09604623555  2.620701E-14
4852.9443870617  2.584190E-14
4856.79272788784  2.518860E-14
4860.64106871399  2.438156E-14
4864.48940954013  2.346582E-14
4868.33775036627  2.261487E-14
4872.18609119242  2.174946E-14
4876.03443201856  2.080467E-14
4879.88277284471  2.002971E-14
4883.73111367085  1.936437E-14
4887.579454497  1.903132E-14
4891.42779532314  1.850479E-14
4895.27613614929  1.808087E-14
4899.12447697543  1.812451E-14
4902.97281780158  1.809003E-14
4906.82115862772  1.821054E-14
4910.66949945386  1.864117E-14
4914.51784028001  1.903387E-14
4918.36618110615  1.934541E-14
4922.2145219323  1.975339E-14
4926.06286275844  2.012114E-14
4929.91120358459  2.045798E-14
4933.75954441073  2.089792E-14
4937.60788523688  2.112619E-14
4941.45622606302  2.147844E-14
4945.30456688916  2.178275E-14
4949.15290771531  2.202794E-14
4953.00124854145  2.220438E-14
4956.8495893676  2.240820E-14
4960.69793019374  2.255005E-14
4964.54627101989  2.244573E-14
4968.39461184603  2.236436E-14
4972.24295267218  2.233397E-14
4976.09129349832  2.199342E-14
4979.93963432447  2.182617E-14
4983.78797515061  2.135039E-14
4987.63631597675  2.059364E-14
4991.4846568029  1.996615E-14
4995.33299762904  1.964811E-14
4999.18133845519  1.939028E-14
5003.02967928133  1.892394E-14
5006.87802010748  1.869730E-14
5010.72636093362  1.837089E-14
5014.57470175977  1.823128E-14
5018.42304258591  1.811779E-14
5022.27138341206  1.813988E-14
5026.1197242382  1.812205E-14
5029.96806506434  1.799555E-14
5033.81640589049  1.802135E-14
5037.66474671663  1.822376E-14
5041.51308754278  1.836142E-14
5045.36142836892  1.855662E-14
5049.20976919507  1.881389E-14
5053.05811002121  1.919497E-14
5056.90645084736  1.940981E-14
5060.7547916735  1.979154E-14
5064.60313249965  2.025178E-14
5068.45147332579  2.042565E-14
5072.29981415194  2.052383E-14
5076.14815497808  2.078704E-14
5079.99649580422  2.088516E-14
5083.84483663037  2.089820E-14
5087.69317745651  2.124661E-14
5091.54151828266  2.159566E-14
5095.3898591088  2.169038E-14
5099.23819993495  2.195448E-14
5103.08654076109  2.226079E-14
5106.93488158723  2.242084E-14
5110.78322241338  2.256590E-14
5114.63156323952  2.261259E-14
5118.47990406567  2.281275E-14
5122.32824489181  2.281651E-14
5126.17658571796  2.291664E-14
5130.0249265441  2.293211E-14
5133.87326737025  2.302898E-14
5137.72160819639  2.317170E-14
5141.56994902254  2.336231E-14
5145.41828984868  2.334791E-14
5149.26663067483  2.345981E-14
5153.11497150097  2.352674E-14
5156.96331232711  2.365286E-14
5160.81165315326  2.377811E-14
5164.6599939794  2.380701E-14
5168.50833480555  2.383584E-14
5172.35667563169  2.390132E-14
5176.20501645784  2.401245E-14
5180.05335728398  2.412708E-14
5183.90169811012  2.399652E-14
5187.75003893627  2.419432E-14
5191.59837976241  2.424125E-14
5195.44672058856  2.430194E-14
5199.2950614147  2.445320E-14
5203.14340224085  2.467529E-14
5206.99174306699  2.480183E-14
5210.84008389314  2.481753E-14
5214.68842471928  2.487232E-14
5218.53676554543  2.482624E-14
5222.38510637157  2.482392E-14
5226.23344719771  2.503018E-14
5230.08178802386  2.528708E-14
5233.93012885  2.558561E-14
5237.77846967615  2.556058E-14
5241.62681050229  2.601385E-14
5245.47515132844  2.612741E-14
5249.32349215458  2.643451E-14
5253.17183298073  2.689382E-14
5257.02017380687  2.698625E-14
5260.86851463301  2.711211E-14
5264.71685545916  2.728778E-14
5268.5651962853  2.745361E-14
5272.41353711145  2.756852E-14
5276.26187793759  2.752230E-14
5280.11021876374  2.735768E-14
5283.95855958988  2.709396E-14
5287.80690041603  2.661166E-14
5291.65524124217  2.607052E-14
5295.50358206832  2.581283E-14
5299.35192289446  2.536397E-14
5303.20026372061  2.488734E-14
5307.04860454675  2.462830E-14
5310.89694537289  2.436319E-14
5314.74528619904  2.390806E-14
5318.59362702518  2.356004E-14
5322.44196785133  2.309970E-14
5326.29030867747  2.289624E-14
5330.13864950362  2.283376E-14
5333.98699032976  2.267860E-14
5337.8353311559  2.259091E-14
5341.68367198205  2.235142E-14
5345.53201280819  2.239813E-14
5349.38035363434  2.253395E-14
5353.22869446048  2.260077E-14
5357.07703528663  2.269411E-14
5360.92537611277  2.275162E-14
5364.77371693892  2.261298E-14
5368.62205776506  2.244901E-14
5372.47039859121  2.256558E-14
5376.31873941735  2.257656E-14
5380.16708024349  2.247293E-14
5384.01542106964  2.263910E-14
5387.86376189578  2.272701E-14
5391.71210272193  2.277834E-14
5395.56044354807  2.280172E-14
5399.40878437422  2.295394E-14
5403.25712520036  2.321498E-14
5407.10546602651  2.312834E-14
5410.95380685265  2.330315E-14
5414.80214767879  2.331163E-14
5418.65048850494  2.311921E-14
5422.49882933108  2.305813E-14
5426.34717015723  2.296649E-14
5430.19551098337  2.274934E-14
5434.04385180952  2.248140E-14
5437.89219263566  2.232801E-14
5441.74053346181  2.220128E-14
5445.58887428795  2.203603E-14
5449.4372151141  2.173355E-14
5453.28555594024  2.138532E-14
5457.13389676638  2.118268E-14
5460.98223759253  2.101210E-14
5464.83057841867  2.067787E-14
5468.67891924482  2.047424E-14
5472.52726007096  2.015763E-14
5476.37560089711  1.999934E-14
5480.22394172325  1.992759E-14
5484.0722825494  1.981994E-14
5487.92062337554  1.956175E-14
5491.76896420169  1.927547E-14
5495.61730502783  1.903614E-14
5499.46564585397  1.884870E-14
5503.31398668012  1.870453E-14
5507.16232750626  1.870480E-14
5511.01066833241  1.832771E-14
5514.85900915855  1.823879E-14
5518.7073499847  1.826757E-14
5522.55569081084  1.817517E-14
5526.40403163699  1.821194E-14
5530.25237246313  1.829298E-14
5534.10071328927  1.827920E-14
5537.94905411542  1.847765E-14
5541.79739494156  1.865939E-14
5545.64573576771  1.885867E-14
5549.49407659385  1.907593E-14
5553.34241742  1.926401E-14
5557.19075824614  1.949158E-14
5561.03909907228  1.984985E-14
5564.88743989843  2.022054E-14
5568.73578072458  2.053941E-14
5572.58412155072  2.065193E-14
5576.43246237686  2.115186E-14
5580.28080320301  2.159142E-14
5584.12914402915  2.171668E-14
5587.9774848553  2.219297E-14
5591.82582568144  2.250285E-14
5595.67416650759  2.269603E-14
5599.52250733373  2.286612E-14
5603.37084815988  2.283420E-14
5607.21918898602  2.298689E-14
5611.06752981217  2.316002E-14
5614.91587063831  2.325660E-14
5618.76421146445  2.323249E-14
5622.6125522906  2.331789E-14
5626.46089311674  2.318580E-14
5630.30923394289  2.314814E-14
5634.15757476903  2.304221E-14
5638.00591559517  2.287443E-14
5641.85425642132  2.273070E-14
5645.70259724746  2.266270E-14
5649.55093807361  2.271408E-14
5653.39927889975  2.255811E-14
5657.2476197259  2.241207E-14
5661.09596055204  2.229867E-14
5664.94430137819  2.203505E-14
5668.79264220433  2.189587E-14
5672.64098303048  2.164334E-14
5676.48932385662  2.138790E-14
5680.33766468276  2.120149E-14
5684.18600550891  2.091623E-14
5688.03434633505  2.074426E-14
5691.8826871612  2.054238E-14
5695.73102798734  2.042728E-14
5699.57936881349  2.031128E-14
5703.42770963963  2.022892E-14
5707.27605046578  2.025523E-14
5711.12439129192  2.024463E-14
5714.97273211807  2.007487E-14
5718.82107294421  1.998666E-14
5722.66941377035  2.015255E-14
5726.5177545965  2.010845E-14
5730.36609542264  2.005138E-14
5734.21443624879  2.009365E-14
5738.06277707493  2.003337E-14
5741.91111790108  1.999289E-14
5745.75945872722  1.986445E-14
5749.60779955337  1.938942E-14
5753.45614037951  1.905035E-14
5757.30448120566  1.848193E-14
5761.1528220318  1.787186E-14
5765.00116285794  1.711421E-14
5768.84950368409  1.645103E-14
5772.69784451023  1.583946E-14
5776.54618533638  1.529482E-14
5780.39452616252  1.474437E-14
5784.24286698867  1.418558E-14
5788.09120781481  1.387370E-14
5791.93954864096  1.363929E-14
5795.7878894671  1.348315E-14
5799.63623029325  1.334562E-14
5803.48457111939  1.328967E-14
5807.33291194554  1.331923E-14
5811.18125277168  1.345865E-14
5815.02959359782  1.368902E-14
5818.87793442397  1.395983E-14
5822.72627525011  1.422384E-14
5826.57461607626  1.447547E-14
5830.4229569024  1.479686E-14
5834.27129772854  1.513681E-14
5838.11963855469  1.548619E-14
5841.96797938083  1.594666E-14
5845.81632020698  1.634812E-14
5849.66466103312  1.668913E-14
5853.51300185927  1.681809E-14
5857.36134268541  1.726850E-14
5861.20968351156  1.755542E-14
5865.0580243377  1.792409E-14
5868.90636516385  1.830240E-14
5872.75470598999  1.878922E-14
5876.60304681613  1.915331E-14
5880.45138764228  1.937497E-14
5884.29972846842  1.968034E-14
5888.14806929457  1.995717E-14
5891.99641012071  2.004911E-14
5895.84475094686  2.009885E-14
5899.693091773  2.010523E-14
5903.54143259915  2.028891E-14
5907.38977342529  2.053572E-14
5911.23811425143  2.091069E-14
5915.08645507758  2.134939E-14
5918.93479590372  2.170802E-14
5922.78313672987  2.208793E-14
5926.63147755601  2.223959E-14
5930.47981838216  2.212469E-14
5934.3281592083  2.215714E-14
5938.17650003445  2.218775E-14
5942.02484086059  2.207585E-14
5945.87318168674  2.199469E-14
5949.72152251288  2.183842E-14
5953.56986333903  2.168232E-14
5957.41820416517  2.153645E-14
5961.26654499131  2.146179E-14
5965.11488581746  2.137618E-14
5968.9632266436  2.133236E-14
5972.81156746975  2.129605E-14
5976.65990829589  2.125348E-14
5980.50824912204  2.126251E-14
5984.35658994818  2.136767E-14
5988.20493077433  2.134464E-14
5992.05327160047  2.125330E-14
5995.90161242661  2.135838E-14
5999.74995325276  2.138461E-14
6003.5982940789  2.136403E-14
6007.44663490505  2.137900E-14
6011.29497573119  2.122747E-14
6015.14331655734  2.123204E-14
6018.99165738348  2.137761E-14
6022.83999820963  2.145060E-14
6026.68833903577  2.143775E-14
6030.53667986191  2.119964E-14
6034.38502068806  2.096002E-14
6038.2333615142  2.082135E-14
6042.08170234035  2.053266E-14
6045.93004316649  2.021283E-14
6049.77838399264  1.983309E-14
6053.62672481878  1.955372E-14
6057.47506564493  1.949084E-14
6061.32340647107  1.931740E-14
6065.17174729722  1.915746E-14
6069.02008812336  1.907664E-14
6072.8684289495  1.901123E-14
6076.71676977565  1.891306E-14
6080.56511060179  1.880870E-14
6084.41345142794  1.848510E-14
6088.26179225408  1.779687E-14
6092.11013308023  1.706825E-14
6095.95847390637  1.613360E-14
6099.80681473252  1.514275E-14
6103.65515555866  1.416783E-14
6107.50349638481  1.328834E-14
6111.35183721095  1.252100E-14
6115.2001780371  1.172861E-14
6119.04851886324  1.098478E-14
6122.89685968938  1.039612E-14
6126.74520051553  9.887997E-15
6130.59354134167  9.425046E-15
6134.44188216782  9.041125E-15
6138.29022299396  8.691253E-15
6142.1385638201  8.442582E-15
6145.98690464625  8.263958E-15
6149.83524547239  8.080464E-15
6153.68358629854  7.977734E-15
6157.53192712468  7.958099E-15
6161.38026795083  7.951454E-15
6165.22860877697  7.982404E-15
6169.07694960312  8.061606E-15
6172.92529042926  8.241962E-15
6176.77363125541  8.568318E-15
6180.62197208155  8.758097E-15
6184.4703129077  8.961046E-15
6188.31865373384  9.245753E-15
6192.16699455998  9.524113E-15
6196.01533538613  9.873470E-15
6199.86367621227  1.025933E-14
6203.71201703842  1.056960E-14
6207.56035786456  1.087131E-14
6211.40869869071  1.119925E-14
6215.25703951685  1.151292E-14
6219.105380343  1.176905E-14
6222.95372116914  1.213032E-14
6226.80206199528  1.243873E-14
6230.65040282143  1.267968E-14
6234.49874364757  1.294662E-14
6238.34708447372  1.315446E-14
6242.19542529986  1.345633E-14
6246.04376612601  1.371811E-14
6249.89210695215  1.384084E-14
6253.7404477783  1.413529E-14
6257.58878860444  1.443010E-14
6261.43712943059  1.466840E-14
6265.28547025673  1.506212E-14
6269.13381108288  1.544944E-14
6272.98215190902  1.569794E-14
6276.83049273516  1.589131E-14
6280.67883356131  1.598848E-14
6284.52717438745  1.615049E-14
6288.3755152136  1.649817E-14
6292.22385603974  1.684090E-14
6296.07219686589  1.713689E-14
6299.92053769203  1.740344E-14
6303.76887851817  1.744078E-14
6307.61721934432  1.779366E-14
6311.46556017046  1.820155E-14
6315.31390099661  1.810638E-14
6319.16224182275  1.815962E-14
6323.0105826489  1.831965E-14
6326.85892347504  1.850176E-14
6330.70726430119  1.863652E-14
6334.55560512733  1.875712E-14
6338.40394595348  1.900549E-14
6342.25228677962  1.916765E-14
6346.10062760576  1.936861E-14
6349.94896843191  1.951896E-14
6353.79730925805  1.976607E-14
6357.6456500842  2.001984E-14
6361.49399091034  2.006418E-14
6365.34233173649  2.019002E-14
6369.19067256263  2.032776E-14
6373.03901338878  2.027358E-14
6376.88735421492  2.027615E-14
6380.73569504106  2.038995E-14
6384.58403586721  2.038291E-14
6388.43237669335  2.050359E-14
6392.2807175195  2.045372E-14
6396.12905834564  2.038974E-14
6399.97739917179  2.037423E-14
6403.82573999793  2.043195E-14
6407.67408082408  2.044313E-14
6411.52242165022  2.040191E-14
6415.37076247637  2.027881E-14
6419.21910330251  2.015646E-14
6423.06744412865  2.020657E-14
6426.9157849548  2.018684E-14
6430.76412578094  1.999357E-14
6434.61246660709  1.988335E-14
6438.46080743323  1.985513E-14
6442.30914825938  1.976962E-14
6446.15748908552  1.967537E-14
6450.00582991167  1.957116E-14
6453.85417073781  1.937076E-14
6457.70251156395  1.927571E-14
6461.5508523901  1.914895E-14
6465.39919321624  1.902760E-14
6469.24753404239  1.875157E-14
6473.09587486853  1.864091E-14
6476.94421569468  1.851671E-14
6480.79255652082  1.833410E-14
6484.64089734697  1.829018E-14
6488.48923817311  1.802556E-14
6492.33757899926  1.805592E-14
6496.1859198254  1.801849E-14
6500.03426065154  1.796624E-14
6503.88260147769  1.784933E-14
6507.73094230383  1.778446E-14
6511.57928312998  1.759904E-14
6515.42762395612  1.744100E-14
6519.27596478227  1.721273E-14
6523.12430560841  1.722256E-14
6526.97264643456  1.714525E-14
6530.8209872607  1.705932E-14
6534.66932808684  1.707568E-14
6538.51766891299  1.695469E-14
6542.36600973913  1.679553E-14
6546.21435056528  1.671733E-14
6550.06269139142  1.664764E-14
6553.91103221757  1.650237E-14
6557.75937304371  1.633574E-14
6561.60771386986  1.641441E-14
6565.456054696  1.634403E-14
6569.30439552214  1.632508E-14
6573.15273634829  1.618571E-14
6577.00107717443  1.615552E-14
6580.84941800058  1.597230E-14
6584.69775882672  1.590043E-14
6588.54609965287  1.588203E-14
6592.39444047901  1.578873E-14
6596.24278130516  1.567956E-14
6600.0911221313  1.567336E-14
6603.93946295744  1.546258E-14
6607.78780378359  1.546462E-14
6611.63614460974  1.549878E-14
6615.48448543588  1.531716E-14
6619.33282626202  1.517062E-14
6623.18116708817  1.506524E-14
6627.02950791431  1.517561E-14
6630.87784874046  1.506913E-14
6634.7261895666  1.507199E-14
6638.57453039275  1.494236E-14
6642.42287121889  1.499079E-14
6646.27121204503  1.484582E-14
6650.11955287118  1.474108E-14
6653.96789369732  1.479442E-14
6657.81623452347  1.492285E-14
6661.66457534961  1.479339E-14
6665.51291617576  1.473707E-14
6669.3612570019  1.473306E-14
6673.20959782805  1.471976E-14
6677.05793865419  1.465843E-14
6680.90627948033  1.473053E-14
6684.75462030648  1.461123E-14
6688.60296113262  1.456910E-14
6692.45130195877  1.437289E-14
6696.29964278491  1.408359E-14
6700.14798361106  1.391870E-14
6703.9963244372  1.391626E-14
6707.84466526335  1.381646E-14
6711.69300608949  1.372630E-14
6715.54134691564  1.365385E-14
6719.38968774178  1.384378E-14
6723.23802856792  1.399710E-14
6727.08636939407  1.389263E-14
6730.93471022021  1.377498E-14
6734.78305104636  1.372242E-14
6738.6313918725  1.375170E-14
6742.47973269865  1.366331E-14
6746.32807352479  1.359950E-14
6750.17641435093  1.366697E-14
6754.02475517708  1.359347E-14
6757.87309600323  1.347919E-14
6761.72143682937  1.348164E-14
6765.56977765551  1.341700E-14
6769.41811848166  1.325955E-14
6773.2664593078  1.319324E-14
6777.11480013395  1.328119E-14
6780.96314096009  1.327260E-14
6784.81148178624  1.304637E-14
6788.65982261238  1.285655E-14
6792.50816343853  1.273009E-14
6796.35650426467  1.265272E-14
6800.20484509082  1.252098E-14
6804.05318591696  1.246453E-14
6807.9015267431  1.231573E-14
6811.74986756925  1.218259E-14
6815.59820839539  1.206081E-14
6819.44654922154  1.196395E-14
6823.29489004768  1.189869E-14
6827.14323087383  1.181651E-14
6830.99157169997  1.187047E-14
6834.83991252612  1.186310E-14
6838.68825335226  1.185450E-14
6842.5365941784  1.192782E-14
6846.38493500455  1.204523E-14
6850.23327583069  1.201814E-14
6854.08161665684  1.186047E-14
6857.92995748298  1.176743E-14
6861.77829830913  1.123317E-14
6865.62663913527  1.052274E-14
6869.47497996142  1.008728E-14
6873.32332078756  1.008478E-14
6877.1716616137  1.060633E-14
6881.02000243985  1.115017E-14
6884.86834326599  1.134941E-14
6888.71668409214  1.133662E-14
6892.56502491828  1.130280E-14
6896.41336574443  1.142281E-14
6900.26170657057  1.166214E-14
6904.11004739672  1.177508E-14
6907.95838822286  1.199489E-14
6911.80672904901  1.207682E-14
6915.65506987515  1.207151E-14
6919.50341070129  1.209282E-14
6923.35175152744  1.206104E-14
6927.20009235359  1.212052E-14
6931.04843317973  1.211633E-14
6934.89677400587  1.200427E-14
6938.74511483202  1.196032E-14
6942.59345565816  1.195611E-14
6946.44179648431  1.198648E-14
6950.29013731045  1.195758E-14
6954.1384781366  1.198942E-14
6957.98681896274  1.201131E-14
6961.83515978888  1.216309E-14
6965.68350061503  1.223941E-14
6969.53184144117  1.217829E-14
6973.38018226732  1.212529E-14
6977.22852309346  1.204404E-14
6981.07686391961  1.208794E-14
6984.92520474575  1.208122E-14
6988.7735455719  1.192314E-14
6992.62188639804  1.192499E-14
6996.47022722419  1.203069E-14
7000.31856805033  1.210826E-14
7004.16690887647  1.216361E-14
7008.01524970262  1.218544E-14
7011.86359052876  1.227744E-14
7015.71193135491  1.226899E-14
7019.56027218105  1.236263E-14
7023.4086130072  1.231022E-14
7027.25695383334  1.237748E-14
7031.10529465949  1.249515E-14
7034.95363548563  1.248525E-14
7038.80197631177  1.251710E-14
7042.65031713792  1.254143E-14
7046.49865796406  1.253234E-14
7050.34699879021  1.252105E-14
7054.19533961635  1.246160E-14
7058.0436804425  1.247169E-14
7061.89202126864  1.237050E-14
7065.74036209478  1.230528E-14
7069.58870292093  1.232082E-14
7073.43704374708  1.235883E-14
7077.28538457322  1.227544E-14
7081.13372539936  1.231872E-14
7084.98206622551  1.226847E-14
7088.83040705165  1.228926E-14
7092.6787478778  1.232990E-14
7096.52708870394  1.230348E-14
7100.37542953009  1.220167E-14
7104.22377035623  1.230967E-14
7108.07211118238  1.235136E-14
7111.92045200852  1.227203E-14
7115.76879283466  1.234592E-14
7119.61713366081  1.238769E-14
7123.46547448695  1.239974E-14
7127.3138153131  1.246081E-14
7131.16215613924  1.246871E-14
7135.01049696539  1.239563E-14
7138.85883779153  1.233437E-14
7142.70717861768  1.235777E-14
7146.55551944382  1.245074E-14
7150.40386026996  1.242802E-14
7154.25220109611  1.231313E-14
7158.10054192225  1.216567E-14
7161.9488827484  1.194152E-14
7165.79722357454  1.166493E-14
7169.64556440069  1.148821E-14
7173.49390522683  1.143788E-14
7177.34224605298  1.119597E-14
7181.19058687912  1.109502E-14
7185.03892770526  1.098060E-14
7188.88726853141  1.085093E-14
7192.73560935755  1.105504E-14
7196.5839501837  1.116162E-14
7200.43229100984  1.127724E-14
7204.28063183599  1.157975E-14
7208.12897266213  1.178510E-14
7211.97731348828  1.197944E-14
7215.82565431442  1.206022E-14
7219.67399514057  1.192591E-14
7223.52233596671  1.170853E-14
7227.37067679286  1.160811E-14
7231.219017619  1.134491E-14
7235.06735844514  1.118227E-14
7238.91569927129  1.121789E-14
7242.76404009743  1.111464E-14
7246.61238092358  1.119943E-14
7250.46072174972  1.128131E-14
7254.30906257587  1.124909E-14
7258.15740340201  1.106589E-14
7262.00574422815  1.120944E-14
7265.8540850543  1.119538E-14
7269.70242588044  1.100358E-14
7273.55076670659  1.095057E-14
7277.39910753273  1.096114E-14
7281.24744835888  1.097058E-14
7285.09578918502  1.101385E-14
7288.94413001117  1.090387E-14
7292.79247083731  1.090893E-14
7296.64081166346  1.095575E-14
7300.4891524896  1.088451E-14
7304.33749331575  1.091752E-14
7308.18583414189  1.094451E-14
7312.03417496803  1.098685E-14
7315.88251579418  1.093007E-14
7319.73085662032  1.089836E-14
7323.57919744647  1.101478E-14
7327.42753827261  1.110757E-14
7331.27587909875  1.117515E-14
7335.1242199249  1.115799E-14
7338.97256075104  1.111868E-14
7342.82090157719  1.118041E-14
7346.66924240333  1.099388E-14
7350.51758322948  1.092552E-14
7354.36592405562  1.094663E-14
7358.21426488177  1.086670E-14
7362.06260570791  1.086329E-14
7365.91094653406  1.076520E-14
7369.7592873602  1.064175E-14
7373.60762818635  1.056669E-14
7377.45596901249  1.050687E-14
7381.30430983864  1.041102E-14
7385.15265066478  1.028640E-14
7389.00099149092  1.027983E-14
7392.84933231707  1.027657E-14
7396.69767314321  1.014391E-14
7400.54601396936  1.019461E-14
7404.3943547955  1.009475E-14
7408.24269562165  9.949902E-15
7412.09103644779  9.835609E-15
7415.93937727393  9.768631E-15
7419.78771810008  9.746258E-15
7423.63605892623  9.606262E-15
7427.48439975237  9.426809E-15
7431.33274057851  9.271100E-15
7435.18108140466  8.964113E-15
7439.0294222308  8.622017E-15
7442.87776305695  8.302338E-15
7446.72610388309  7.727486E-15
7450.57444470924  7.272976E-15
7454.42278553538  6.963208E-15
7458.27112636153  6.627193E-15
7462.11946718767  6.345931E-15
7465.96780801381  6.090946E-15
7469.81614883996  5.913612E-15
7473.6644896661  5.757520E-15
7477.51283049225  5.547744E-15
7481.36117131839  5.362848E-15
7485.20951214454  5.158772E-15
7489.05785297068  5.112060E-15
7492.90619379682  5.076902E-15
7496.75453462297  4.996711E-15
7500.60287544911  4.967959E-15
7504.45121627526  4.990421E-15
7508.2995571014  4.884996E-15
7512.14789792755  4.816974E-15
7515.99623875369  4.889942E-15
7519.84457957984  4.989510E-15
7523.69292040598  5.063028E-15
7527.54126123213  5.156715E-15
7531.38960205827  5.263918E-15
7535.23794288441  5.349371E-15
7539.08628371056  5.484595E-15
7542.9346245367  5.717692E-15
7546.78296536285  5.874270E-15
7550.63130618899  5.946929E-15
7554.47964701514  6.120101E-15
7558.32798784128  6.308224E-15
7562.17632866743  6.463533E-15
7566.02466949357  6.611720E-15
7569.87301031971  6.672966E-15
7573.72135114586  6.714939E-15
7577.569691972  6.659990E-15
7581.41803279815  6.621788E-15
7585.26637362429  6.457313E-15
7589.11471445044  5.977430E-15
7592.96305527658  5.245067E-15
7596.81139610273  4.307736E-15
7600.65973692887  3.638561E-15
7604.50807775502  3.149849E-15
7608.35641858116  3.157689E-15
7612.20475940731  3.576587E-15
7616.05310023345  4.149096E-15
7619.90144105959  4.662024E-15
7623.74978188574  4.683488E-15
7627.59812271188  4.633016E-15
7631.44646353803  4.689508E-15
7635.29480436417  4.752397E-15
7639.14314519032  5.012643E-15
7642.99148601646  5.415732E-15
7646.8398268426  5.960124E-15
7650.68816766875  6.466470E-15
7654.53650849489  6.884566E-15
7658.38484932104  7.318915E-15
7662.23319014718  7.803425E-15
7666.08153097333  8.407897E-15
7669.92987179947  8.884005E-15
7673.77821262562  9.352663E-15
7677.62655345176  9.646204E-15
7681.47489427791  9.905187E-15
7685.32323510405  1.034494E-14
7689.17157593019  1.060054E-14
7693.01991675634  1.071862E-14
7696.86825758248  1.102978E-14
7700.71659840863  1.121262E-14
7704.56493923477  1.149538E-14
7708.41328006092  1.173500E-14
7712.26162088706  1.191315E-14
7716.10996171321  1.191952E-14
7719.95830253935  1.209172E-14
7723.8066433655  1.216842E-14
7727.65498419164  1.231346E-14
7731.50332501778  1.235707E-14
7735.35166584393  1.247372E-14
7739.20000667007  1.234701E-14
7743.04834749622  1.243259E-14
7746.89668832236  1.269492E-14
7750.74502914851  1.276901E-14
7754.59336997465  1.277603E-14
7758.4417108008  1.281954E-14
7762.29005162694  1.287570E-14
7766.13839245308  1.282393E-14
7769.98673327923  1.291002E-14
7773.83507410537  1.284171E-14
7777.68341493152  1.274076E-14
7781.53175575766  1.276181E-14
7785.38009658381  1.290880E-14
7789.22843740995  1.290617E-14
7793.0767782361  1.292487E-14
7796.92511906224  1.312708E-14
7800.77345988838  1.284042E-14
7804.62180071453  1.317550E-14
7808.47014154067  1.321726E-14
7812.31848236682  1.340948E-14
7816.16682319296  1.314637E-14
7820.01516401911  1.296238E-14
7823.86350484525  1.310665E-14
7827.7118456714  1.316261E-14
7831.56018649754  1.320452E-14
7835.40852732368  1.338599E-14
7839.25686814983  1.330560E-14
7843.10520897597  1.332822E-14
7846.95354980212  1.339900E-14
7850.80189062826  1.328511E-14
7854.65023145441  1.325356E-14
7858.49857228055  1.313885E-14
7862.3469131067  1.316331E-14
7866.19525393284  1.322061E-14
7870.04359475899  1.316492E-14
7873.89193558513  1.300767E-14
7877.74027641127  1.275629E-14
7881.58861723742  1.306212E-14
7885.43695806356  1.314531E-14
7889.28529888971  1.309112E-14
7893.13363971585  1.303897E-14
7896.981980542  1.297420E-14
7900.83032136814  1.266985E-14
7904.67866219429  1.252325E-14
7908.52700302043  1.251975E-14
7912.37534384658  1.255255E-14
7916.22368467272  1.236560E-14
7920.07202549886  1.228105E-14
7923.92036632501  1.210149E-14
7927.76870715115  1.190021E-14
7931.6170479773  1.166972E-14
7935.46538880344  1.147584E-14
7939.31372962959  1.135660E-14
7943.16207045573  1.111701E-14
7947.01041128188  1.093458E-14
7950.85875210802  1.075513E-14
7954.70709293416  1.052407E-14
7958.55543376031  1.042505E-14
7962.40377458645  1.042487E-14
7966.2521154126  1.038169E-14
7970.10045623874  1.015792E-14
7973.94879706489  1.018512E-14
7977.79713789103  1.021898E-14
7981.64547871717  1.023844E-14
7985.49381954332  1.009533E-14
7989.34216036947  1.020147E-14
7993.19050119561  1.022272E-14
7997.03884202175  1.023620E-14
8000.8871828479  1.016894E-14
8004.73552367404  1.011267E-14
8008.58386450019  1.009524E-14
8012.43220532633  1.018127E-14
8016.28054615248  1.019474E-14
8020.12888697862  1.027317E-14
8023.97722780477  1.029391E-14
8027.82556863091  1.029009E-14
8031.67390945706  1.031212E-14
8035.5222502832  1.009701E-14
8039.37059110934  1.002611E-14
8043.21893193549  9.960694E-15
8047.06727276163  9.955996E-15
8050.91561358778  9.971773E-15
8054.76395441392  9.990651E-15
8058.61229524007  9.881131E-15
8062.46063606621  9.853675E-15
8066.30897689236  9.776447E-15
8070.1573177185  9.765155E-15
8074.00565854464  9.716277E-15
8077.85399937079  9.772981E-15
8081.70234019693  9.810659E-15
8085.55068102308  9.621105E-15
8089.39902184922  9.387931E-15
8093.24736267537  9.444907E-15
8097.09570350151  9.315232E-15
8100.94404432766  9.248937E-15
8104.7923851538  9.171653E-15
8108.64072597994  8.830202E-15
8112.48906680609  8.447758E-15
8116.33740763223  7.983068E-15
8120.18574845838  7.716316E-15
8124.03408928452  7.465039E-15
8127.88243011067  7.177309E-15
8131.73077093681  7.109863E-15
8135.57911176296  6.883203E-15
8139.4274525891  6.778094E-15
8143.27579341525  6.639045E-15
8147.12413424139  6.180661E-15
8150.97247506754  5.880213E-15
8154.82081589368  5.730321E-15
8158.66915671982  5.777868E-15
8162.51749754597  5.430371E-15
8166.36583837211  5.077996E-15
8170.21417919826  4.921788E-15
8174.0625200244  4.762931E-15
8177.91086085055  4.619243E-15
8181.75920167669  4.387751E-15
8185.60754250284  4.357794E-15
8189.45588332898  4.318125E-15
8193.30422415512  4.121527E-15
8197.15256498127  4.106398E-15
8201.00090580741  3.910631E-15
8204.84924663356  3.895565E-15
8208.6975874597  3.862907E-15
8212.54592828585  3.783648E-15
8216.39426911199  3.694492E-15
8220.24260993814  3.698756E-15
